gender,school_level,parental_support,student_level,focus_level,recent_exam_score,attendance,study_hours,internet_access,language_proficiency,curriculum_type,performance_score,recommended_material
Male,Elementary,Medium,Intermediate,Medium,48,64,2.4,Yes,Intermediate,ICSE,27.48,"Textbooks, Workbooks"
Female,High School,Medium,Intermediate,Low,76,82,3.5,Yes,Fluent,ICSE,43.62,"Textbooks, Workbooks"
Male,Elementary,Low,Beginner,Low,53,72,2.0,Yes,Intermediate,CBSE,35.35,"Textbooks, Workbooks"
Male,High School,Medium,Beginner,Low,35,83,4.2,Yes,Basic,ICSE,33.21,"Textbooks, Workbooks"
Male,High School,Medium,Advanced,High,37,87,3.3,No,Basic,CBSE,34.36,"Textbooks, Workbooks"
Female,Elementary,High,Advanced,High,54,76,5.3,No,Fluent,State Board,28.93,"Textbooks, Workbooks"
Male,High School,Low,Intermediate,High,70,65,8.1,Yes,Fluent,CBSE,43.74,"Textbooks, Workbooks"
Male,High School,Medium,Beginner,Low,87,86,9.8,Yes,Intermediate,State Board,57.88,"Educational Apps, Science Kits"
Male,Elementary,High,Advanced,Medium,89,88,2.5,Yes,Fluent,State Board,48.87,"Textbooks, Workbooks"
Female,Elementary,High,Advanced,Low,32,71,1.1,Yes,Intermediate,ICSE,29.85,"Textbooks, Workbooks"
Male,Elementary,High,Beginner,High,38,94,4.0,Yes,Fluent,ICSE,31.64,"Textbooks, Workbooks"
Male,Elementary,High,Intermediate,Medium,81,64,1.4,No,Fluent,CBSE,40.42,"Textbooks, Workbooks"
Male,High School,High,Advanced,Low,87,61,8.3,Yes,Fluent,State Board,45.94,"Textbooks, Workbooks"
Male,Elementary,Medium,Advanced,Medium,89,70,5.0,Yes,Basic,State Board,47.73,"Textbooks, Workbooks"
Female,Elementary,Medium,Beginner,Low,78,63,6.2,Yes,Basic,IB,44.98,"Textbooks, Workbooks"
Male,Elementary,Low,Beginner,Medium,34,81,1.5,Yes,Intermediate,State Board,21.15,"Textbooks, Workbooks"
Female,Elementary,Low,Intermediate,Medium,91,60,7.5,Yes,Fluent,ICSE,46.89,"Textbooks, Workbooks"
Female,Elementary,Medium,Intermediate,High,61,75,9.7,Yes,Fluent,ICSE,41.03,"Textbooks, Workbooks"
Female,High School,Low,Advanced,High,56,61,4.8,Yes,Basic,State Board,30.57,"Textbooks, Workbooks"
Male,Elementary,Medium,Intermediate,Medium,53,86,9.6,Yes,Basic,State Board,41.33,"Textbooks, Workbooks"
Female,High School,Low,Advanced,Medium,67,71,0.3,Yes,Basic,CBSE,30.76,"Textbooks, Workbooks"
Male,Elementary,Low,Advanced,High,96,64,0.4,Yes,Intermediate,IB,39.31,"Textbooks, Workbooks"
Female,Elementary,High,Beginner,Medium,45,64,9.6,No,Fluent,IB,30.99,"Textbooks, Workbooks"
Female,Elementary,Low,Advanced,Low,44,81,7.0,No,Intermediate,CBSE,28.83,"Textbooks, Workbooks"
Female,Elementary,High,Beginner,High,54,72,1.9,Yes,Basic,CBSE,28.62,"Textbooks, Workbooks"
Female,Elementary,Low,Advanced,Low,33,75,3.6,Yes,Basic,IB,34.08,"Textbooks, Workbooks"
Female,Elementary,High,Advanced,Low,61,85,5.1,Yes,Intermediate,IB,34.12,"Textbooks, Workbooks"
Female,Elementary,High,Advanced,Low,74,68,7.0,Yes,Basic,CBSE,38.07,"Textbooks, Workbooks"
Female,Elementary,Medium,Intermediate,Low,85,91,8.4,Yes,Fluent,State Board,51.04,"Educational Apps, Science Kits"
Female,High School,Medium,Intermediate,Low,64,78,0.8,Yes,Fluent,State Board,30.62,"Textbooks, Workbooks"
Male,Elementary,Low,Beginner,Low,82,95,6.6,Yes,Fluent,ICSE,44.91,"Textbooks, Workbooks"
Male,High School,High,Advanced,Medium,59,87,4.8,No,Basic,IB,33.11,"Textbooks, Workbooks"
Female,Elementary,High,Beginner,Low,78,74,6.0,Yes,Basic,IB,43.4,"Textbooks, Workbooks"
Female,High School,High,Beginner,Low,81,68,5.1,Yes,Intermediate,IB,41.61,"Textbooks, Workbooks"
Female,Elementary,Medium,Advanced,Medium,31,75,4.5,Yes,Basic,IB,28.45,"Textbooks, Workbooks"
Male,Elementary,Medium,Intermediate,Low,88,65,2.1,Yes,Basic,CBSE,42.77,"Textbooks, Workbooks"
Female,Elementary,High,Intermediate,Low,66,67,4.7,Yes,Fluent,State Board,41.92,"Textbooks, Workbooks"
Male,High School,Medium,Beginner,Medium,58,92,1.9,Yes,Basic,State Board,34.03,"Textbooks, Workbooks"
Male,High School,Medium,Intermediate,Medium,59,91,0.4,Yes,Basic,ICSE,30.3,"Textbooks, Workbooks"
Male,High School,Low,Advanced,Medium,51,95,3.7,Yes,Fluent,IB,32.37,"Textbooks, Workbooks"
Male,High School,High,Advanced,Medium,48,95,0.2,No,Intermediate,ICSE,39.53,"Textbooks, Workbooks"
Male,Elementary,Low,Intermediate,Medium,96,93,5.6,Yes,Fluent,State Board,43.84,"Textbooks, Workbooks"
Female,Elementary,Medium,Intermediate,Medium,47,61,0.7,Yes,Basic,CBSE,31.05,"Textbooks, Workbooks"
Female,Elementary,Medium,Beginner,High,94,72,4.4,Yes,Basic,State Board,51.6,"Educational Apps, Science Kits"
Female,High School,High,Intermediate,Medium,34,69,9.8,Yes,Intermediate,State Board,32.11,"Textbooks, Workbooks"
Female,Elementary,Medium,Beginner,Medium,40,97,0.1,Yes,Intermediate,CBSE,25.79,"Textbooks, Workbooks"
Female,High School,Medium,Advanced,Low,87,66,3.7,Yes,Fluent,CBSE,45.27,"Textbooks, Workbooks"
Male,High School,Low,Advanced,High,47,62,6.7,Yes,Fluent,State Board,28.15,"Textbooks, Workbooks"
Female,High School,High,Advanced,Low,85,86,1.6,Yes,Intermediate,State Board,41.97,"Textbooks, Workbooks"
Female,High School,High,Intermediate,Medium,51,73,5.6,Yes,Fluent,ICSE,34.77,"Textbooks, Workbooks"
Male,High School,High,Intermediate,Medium,85,89,2.6,Yes,Fluent,IB,43.23,"Textbooks, Workbooks"
Female,Elementary,Medium,Intermediate,Medium,95,93,2.2,Yes,Basic,CBSE,44.42,"Textbooks, Workbooks"
Male,High School,High,Beginner,High,52,82,8.9,No,Intermediate,IB,37.6,"Textbooks, Workbooks"
Female,High School,Medium,Beginner,High,45,76,2.0,No,Fluent,ICSE,31.42,"Textbooks, Workbooks"
Male,Elementary,Medium,Beginner,Low,73,74,3.8,Yes,Intermediate,CBSE,44.6,"Textbooks, Workbooks"
Female,High School,Medium,Advanced,Low,97,66,1.7,Yes,Intermediate,CBSE,47.52,"Textbooks, Workbooks"
Female,High School,Medium,Beginner,High,43,62,2.8,Yes,Basic,IB,33.45,"Textbooks, Workbooks"
Male,Elementary,High,Intermediate,Medium,38,68,2.9,Yes,Intermediate,CBSE,27.45,"Textbooks, Workbooks"
Male,Elementary,Medium,Intermediate,Medium,45,62,3.3,Yes,Intermediate,State Board,27.32,"Textbooks, Workbooks"
Male,Elementary,Medium,Advanced,High,42,94,6.4,Yes,Intermediate,ICSE,42.41,"Textbooks, Workbooks"
Male,High School,Medium,Intermediate,Medium,65,99,7.4,Yes,Intermediate,ICSE,42.75,"Textbooks, Workbooks"
Male,Elementary,Low,Intermediate,High,73,67,5.1,Yes,Intermediate,CBSE,43.4,"Textbooks, Workbooks"
Male,Elementary,Medium,Intermediate,Medium,43,85,6.1,Yes,Basic,CBSE,38.82,"Textbooks, Workbooks"
Male,Elementary,Medium,Beginner,Medium,46,74,8.1,No,Intermediate,IB,24.62,"Textbooks, Workbooks"
Male,High School,Low,Beginner,Medium,94,64,10.0,Yes,Basic,ICSE,50.52,"Educational Apps, Science Kits"
Female,Elementary,Medium,Intermediate,High,83,72,4.6,No,Basic,State Board,38.92,"Textbooks, Workbooks"
Female,High School,Medium,Intermediate,Medium,31,74,9.4,No,Intermediate,State Board,25.68,"Textbooks, Workbooks"
Male,High School,High,Intermediate,Medium,46,98,4.9,No,Basic,IB,32.26,"Textbooks, Workbooks"
Female,Elementary,Medium,Intermediate,High,52,71,7.8,Yes,Fluent,ICSE,28.13,"Textbooks, Workbooks"
Female,High School,High,Beginner,Medium,30,94,5.7,Yes,Basic,ICSE,33.81,"Textbooks, Workbooks"
Female,High School,High,Advanced,Medium,41,67,8.8,No,Intermediate,State Board,31.03,"Textbooks, Workbooks"
Female,Elementary,High,Intermediate,Medium,42,69,4.5,No,Fluent,ICSE,33.75,"Textbooks, Workbooks"
Male,High School,Medium,Beginner,Medium,41,93,7.0,Yes,Basic,ICSE,36.18,"Textbooks, Workbooks"
Female,Elementary,Medium,Intermediate,Low,86,67,4.7,Yes,Intermediate,ICSE,43.54,"Textbooks, Workbooks"
Male,High School,High,Advanced,Medium,47,81,8.6,Yes,Fluent,State Board,32.74,"Textbooks, Workbooks"
Female,High School,Medium,Beginner,High,44,71,9.9,Yes,Intermediate,CBSE,33.2,"Textbooks, Workbooks"
Female,Elementary,Medium,Beginner,Medium,68,81,2.4,Yes,Intermediate,ICSE,39.85,"Textbooks, Workbooks"
Female,Elementary,Medium,Advanced,High,98,86,4.7,Yes,Intermediate,CBSE,49.71,"Textbooks, Workbooks"
Male,High School,Low,Advanced,Medium,62,77,0.8,Yes,Fluent,CBSE,31.66,"Textbooks, Workbooks"
Female,High School,High,Beginner,High,77,78,1.4,Yes,Fluent,IB,39.8,"Textbooks, Workbooks"
Male,Elementary,Medium,Advanced,Low,34,64,9.3,No,Fluent,CBSE,34.64,"Textbooks, Workbooks"
Female,High School,Medium,Intermediate,Low,37,75,5.4,Yes,Intermediate,IB,30.02,"Textbooks, Workbooks"
Male,High School,Medium,Advanced,Medium,48,69,4.0,Yes,Fluent,ICSE,35.3,"Textbooks, Workbooks"
Female,High School,Medium,Advanced,Medium,81,78,6.7,No,Basic,State Board,36.53,"Textbooks, Workbooks"
Male,High School,Low,Beginner,Medium,41,60,5.6,Yes,Basic,CBSE,28.83,"Textbooks, Workbooks"
Male,Elementary,Medium,Advanced,Low,37,81,2.9,Yes,Intermediate,CBSE,27.73,"Textbooks, Workbooks"
Female,Elementary,High,Beginner,Medium,84,76,2.3,Yes,Fluent,State Board,38.74,"Textbooks, Workbooks"
Male,Elementary,Medium,Intermediate,Medium,63,94,5.9,Yes,Intermediate,IB,42.31,"Textbooks, Workbooks"
Female,Elementary,High,Advanced,Medium,94,98,1.9,Yes,Intermediate,IB,52.64,"Educational Apps, Science Kits"
Female,Elementary,Medium,Advanced,High,76,68,1.4,Yes,Fluent,IB,38.2,"Textbooks, Workbooks"
Female,Elementary,Medium,Beginner,High,64,64,3.2,Yes,Intermediate,CBSE,29.49,"Textbooks, Workbooks"
Female,High School,Low,Beginner,Medium,61,68,8.6,Yes,Fluent,ICSE,40.76,"Textbooks, Workbooks"
Female,Elementary,Medium,Advanced,Medium,80,70,0.4,Yes,Intermediate,IB,43.5,"Textbooks, Workbooks"
Female,High School,High,Beginner,Medium,35,73,8.3,Yes,Fluent,IB,31.39,"Textbooks, Workbooks"
Female,High School,High,Advanced,High,38,99,6.2,Yes,Intermediate,State Board,34.09,"Textbooks, Workbooks"
Female,High School,Medium,Intermediate,High,69,83,0.4,No,Basic,ICSE,34.34,"Textbooks, Workbooks"
Female,Elementary,Medium,Advanced,Medium,77,79,6.0,Yes,Basic,ICSE,45.42,"Textbooks, Workbooks"
Female,High School,High,Intermediate,Low,55,92,4.3,Yes,Intermediate,ICSE,35.73,"Textbooks, Workbooks"
Female,Elementary,Medium,Intermediate,Low,66,63,8.4,Yes,Intermediate,ICSE,54.98,"Educational Apps, Science Kits"
Male,High School,Low,Beginner,Medium,81,75,9.1,Yes,Basic,ICSE,51.8,"Educational Apps, Science Kits"
Male,High School,High,Beginner,Medium,41,84,2.9,Yes,Basic,IB,31.16,"Textbooks, Workbooks"
Female,Elementary,Medium,Beginner,Medium,67,60,7.8,Yes,Basic,State Board,40.82,"Textbooks, Workbooks"
Female,High School,High,Beginner,Medium,97,83,3.1,Yes,Intermediate,IB,48.17,"Textbooks, Workbooks"
Female,High School,Medium,Advanced,Medium,45,62,3.0,Yes,Basic,ICSE,29.78,"Textbooks, Workbooks"
Female,High School,High,Intermediate,High,90,91,1.9,Yes,Intermediate,State Board,49.23,"Textbooks, Workbooks"
Female,High School,Medium,Advanced,Medium,53,93,6.8,Yes,Fluent,CBSE,35.54,"Textbooks, Workbooks"
Female,Elementary,Medium,Intermediate,Low,46,84,2.6,Yes,Intermediate,CBSE,30.47,"Textbooks, Workbooks"
Female,High School,Medium,Intermediate,Medium,33,62,4.6,Yes,Intermediate,ICSE,26.5,"Textbooks, Workbooks"
Female,High School,Medium,Intermediate,Medium,79,66,8.1,Yes,Intermediate,IB,45.82,"Textbooks, Workbooks"
Male,Elementary,Low,Advanced,High,32,94,7.9,Yes,Basic,State Board,31.84,"Textbooks, Workbooks"
Female,High School,Medium,Beginner,Medium,37,88,8.6,Yes,Intermediate,State Board,32.48,"Textbooks, Workbooks"
Male,High School,Low,Advanced,Medium,41,99,1.6,Yes,Fluent,IB,33.92,"Textbooks, Workbooks"
Female,High School,High,Intermediate,Medium,64,84,5.9,Yes,Intermediate,ICSE,42.56,"Textbooks, Workbooks"
Female,High School,Medium,Advanced,Medium,95,87,9.1,No,Fluent,CBSE,51.9,"Educational Apps, Science Kits"
Male,Elementary,Low,Intermediate,High,82,83,0.4,Yes,Intermediate,CBSE,32.83,"Textbooks, Workbooks"
Female,High School,Low,Beginner,Low,62,64,7.9,Yes,Fluent,ICSE,40.37,"Textbooks, Workbooks"
Male,Elementary,Low,Beginner,Medium,47,86,2.5,Yes,Fluent,State Board,35.73,"Textbooks, Workbooks"
Female,High School,Medium,Advanced,Low,87,69,6.7,Yes,Basic,IB,48.61,"Textbooks, Workbooks"
Female,High School,Low,Beginner,Medium,74,71,7.2,No,Fluent,ICSE,49.81,"Textbooks, Workbooks"
Male,High School,High,Intermediate,Medium,44,77,9.3,Yes,Intermediate,State Board,38.64,"Textbooks, Workbooks"
Female,Elementary,Low,Intermediate,Low,44,97,5.1,Yes,Fluent,IB,36.18,"Textbooks, Workbooks"
Male,High School,Medium,Beginner,Medium,74,67,8.5,No,Fluent,State Board,39.11,"Textbooks, Workbooks"
Female,High School,High,Beginner,High,97,97,0.5,Yes,Fluent,State Board,48.63,"Textbooks, Workbooks"
Male,Elementary,High,Beginner,Medium,98,89,4.2,Yes,Basic,CBSE,50.14,"Educational Apps, Science Kits"
Male,Elementary,Low,Advanced,Low,96,68,4.4,Yes,Intermediate,ICSE,47.97,"Textbooks, Workbooks"
Female,Elementary,High,Advanced,Medium,91,84,5.4,No,Fluent,State Board,43.62,"Textbooks, Workbooks"
Female,Elementary,Medium,Intermediate,Low,73,89,4.8,Yes,Intermediate,CBSE,45.49,"Textbooks, Workbooks"
Male,High School,High,Advanced,Low,49,61,9.7,Yes,Intermediate,ICSE,32.1,"Textbooks, Workbooks"
Female,High School,Medium,Advanced,Medium,68,76,0.8,No,Fluent,ICSE,37.38,"Textbooks, Workbooks"
Female,High School,Medium,Intermediate,Low,68,66,2.7,Yes,Basic,IB,33.88,"Textbooks, Workbooks"
Female,High School,High,Intermediate,High,30,81,9.7,Yes,Basic,ICSE,31.04,"Textbooks, Workbooks"
Male,Elementary,Medium,Beginner,Low,96,69,4.5,Yes,Intermediate,CBSE,43.47,"Textbooks, Workbooks"
Male,High School,Medium,Beginner,High,76,85,5.7,Yes,Basic,CBSE,40.71,"Textbooks, Workbooks"
Male,High School,Medium,Advanced,High,83,72,0.8,No,Basic,ICSE,42.41,"Textbooks, Workbooks"
Male,High School,Low,Intermediate,High,49,87,2.8,Yes,Fluent,CBSE,37.03,"Textbooks, Workbooks"
Male,High School,Low,Advanced,Medium,38,95,0.4,Yes,Basic,State Board,28.61,"Textbooks, Workbooks"
Male,Elementary,Low,Advanced,High,57,70,1.4,Yes,Fluent,State Board,37.04,"Textbooks, Workbooks"
Male,High School,Medium,Intermediate,High,93,68,6.3,Yes,Basic,IB,51.81,"Educational Apps, Science Kits"
Male,High School,Medium,Intermediate,Low,64,75,7.6,Yes,Fluent,State Board,41.16,"Textbooks, Workbooks"
Male,High School,Medium,Intermediate,Medium,69,76,8.7,Yes,Intermediate,ICSE,38.79,"Textbooks, Workbooks"
Female,Elementary,Low,Intermediate,Low,31,64,2.5,Yes,Intermediate,State Board,24.12,"Textbooks, Workbooks"
Male,Elementary,Medium,Advanced,Medium,32,64,3.3,Yes,Fluent,IB,25.54,"Textbooks, Workbooks"
Female,High School,High,Advanced,Medium,43,97,5.7,No,Basic,CBSE,37.47,"Textbooks, Workbooks"
Female,High School,Medium,Advanced,Low,97,90,0.8,Yes,Fluent,ICSE,46.51,"Textbooks, Workbooks"
Female,High School,Medium,Intermediate,High,76,61,8.1,Yes,Basic,IB,39.29,"Textbooks, Workbooks"
Male,Elementary,High,Beginner,Low,83,86,4.8,Yes,Basic,State Board,39.15,"Textbooks, Workbooks"
Male,High School,High,Advanced,High,87,78,9.7,Yes,Intermediate,ICSE,50.57,"Educational Apps, Science Kits"
Male,High School,Medium,Beginner,Low,91,84,1.2,No,Intermediate,ICSE,44.94,"Textbooks, Workbooks"
Male,High School,High,Beginner,Medium,80,97,1.3,No,Basic,CBSE,48.97,"Textbooks, Workbooks"
Female,Elementary,Medium,Beginner,Low,77,72,3.5,Yes,Fluent,State Board,36.48,"Textbooks, Workbooks"
Male,High School,High,Intermediate,Low,56,88,2.1,Yes,Fluent,State Board,34.93,"Textbooks, Workbooks"
Male,High School,Medium,Intermediate,High,84,78,7.0,Yes,Basic,State Board,42.29,"Textbooks, Workbooks"
Male,Elementary,Medium,Advanced,Low,78,94,9.5,Yes,Fluent,State Board,56.39,"Educational Apps, Science Kits"
Male,Elementary,Low,Advanced,Medium,53,84,0.9,No,Intermediate,IB,30.92,"Textbooks, Workbooks"
Male,High School,High,Intermediate,High,39,68,2.4,No,Basic,CBSE,20.59,"Textbooks, Workbooks"
Female,Elementary,Medium,Intermediate,Low,36,94,2.4,Yes,Fluent,ICSE,29.88,"Textbooks, Workbooks"
Male,High School,Medium,Beginner,High,46,74,5.1,Yes,Basic,State Board,32.67,"Textbooks, Workbooks"
Female,Elementary,Medium,Intermediate,Low,51,81,4.5,Yes,Basic,CBSE,31.59,"Textbooks, Workbooks"
Male,Elementary,High,Intermediate,Low,88,72,7.3,Yes,Intermediate,ICSE,47.33,"Textbooks, Workbooks"
Female,High School,High,Intermediate,Low,73,89,7.3,Yes,Fluent,State Board,41.01,"Textbooks, Workbooks"
Male,High School,Medium,Intermediate,High,40,80,5.7,Yes,Basic,ICSE,29.1,"Textbooks, Workbooks"
Male,High School,Medium,Beginner,Low,71,84,5.9,Yes,Basic,State Board,40.26,"Textbooks, Workbooks"
Female,Elementary,Medium,Advanced,High,52,84,8.4,Yes,Fluent,State Board,49.54,"Textbooks, Workbooks"
Female,High School,Medium,Beginner,High,89,99,4.0,No,Fluent,ICSE,54.15,"Educational Apps, Science Kits"
Female,High School,High,Intermediate,Medium,91,81,0.1,Yes,Fluent,State Board,43.92,"Textbooks, Workbooks"
Male,High School,Low,Intermediate,Medium,83,62,2.1,Yes,Fluent,IB,39.05,"Textbooks, Workbooks"
Female,High School,Medium,Advanced,High,42,68,0.4,Yes,Basic,IB,30.75,"Textbooks, Workbooks"
Male,High School,Medium,Advanced,Medium,97,83,3.9,No,Fluent,ICSE,54.25,"Educational Apps, Science Kits"
Male,Elementary,Medium,Advanced,Low,56,91,3.6,Yes,Basic,State Board,35.39,"Textbooks, Workbooks"
Female,High School,Medium,Beginner,Medium,69,76,1.0,Yes,Basic,ICSE,46.23,"Textbooks, Workbooks"
Female,High School,Medium,Advanced,High,39,83,7.6,No,Fluent,CBSE,31.73,"Textbooks, Workbooks"
Male,Elementary,Low,Intermediate,High,44,67,5.5,Yes,Intermediate,CBSE,29.28,"Textbooks, Workbooks"
Male,High School,Medium,Intermediate,Low,74,65,2.3,Yes,Intermediate,CBSE,39.76,"Textbooks, Workbooks"
Female,High School,Medium,Intermediate,Low,82,68,7.6,Yes,Intermediate,State Board,45.57,"Textbooks, Workbooks"
Female,High School,Low,Beginner,High,36,74,6.7,No,Basic,ICSE,27.75,"Textbooks, Workbooks"
Female,High School,Low,Advanced,Low,59,83,1.9,Yes,Basic,CBSE,33.89,"Textbooks, Workbooks"
Male,High School,High,Advanced,High,59,70,9.8,No,Intermediate,State Board,36.92,"Textbooks, Workbooks"
Male,Elementary,Medium,Advanced,Low,56,90,1.8,Yes,Fluent,State Board,35.47,"Textbooks, Workbooks"
Male,Elementary,Medium,Advanced,High,78,72,7.7,Yes,Basic,CBSE,43.72,"Textbooks, Workbooks"
Male,Elementary,High,Intermediate,High,86,89,9.7,Yes,Fluent,IB,53.46,"Educational Apps, Science Kits"
Male,High School,Medium,Beginner,Low,93,84,7.3,No,Basic,IB,52.17,"Educational Apps, Science Kits"
Male,Elementary,Medium,Advanced,Low,92,71,6.7,Yes,Intermediate,IB,44.43,"Textbooks, Workbooks"
Female,High School,Medium,Intermediate,Medium,77,80,9.0,Yes,Intermediate,IB,44.48,"Textbooks, Workbooks"
Male,High School,Medium,Intermediate,Low,70,83,2.7,Yes,Fluent,ICSE,44.0,"Textbooks, Workbooks"
Male,High School,Medium,Beginner,Medium,59,85,2.8,Yes,Fluent,ICSE,35.72,"Textbooks, Workbooks"
Male,Elementary,Medium,Advanced,Medium,32,71,6.4,Yes,Basic,CBSE,23.63,"Textbooks, Workbooks"
Female,Elementary,High,Beginner,Low,66,96,8.8,Yes,Basic,State Board,44.21,"Textbooks, Workbooks"
Male,Elementary,High,Advanced,Medium,59,80,6.2,Yes,Basic,IB,38.14,"Textbooks, Workbooks"
Male,High School,Low,Beginner,High,83,82,9.8,Yes,Basic,State Board,58.52,"Educational Apps, Science Kits"
Female,Elementary,Low,Advanced,Medium,36,60,2.2,Yes,Fluent,State Board,22.27,"Textbooks, Workbooks"
Male,High School,Medium,Advanced,Medium,37,69,8.3,Yes,Intermediate,ICSE,29.37,"Textbooks, Workbooks"
Male,Elementary,Medium,Beginner,Medium,92,94,9.3,Yes,Fluent,State Board,54.99,"Educational Apps, Science Kits"
Male,Elementary,Low,Advanced,High,92,97,4.3,Yes,Fluent,State Board,53.17,"Educational Apps, Science Kits"
Male,High School,High,Beginner,Medium,93,87,9.6,Yes,Intermediate,IB,61.79,"Educational Apps, Science Kits"
Male,High School,Medium,Beginner,Low,59,60,2.0,Yes,Fluent,CBSE,30.32,"Textbooks, Workbooks"
Female,Elementary,High,Advanced,Low,39,67,9.5,Yes,Fluent,ICSE,31.26,"Textbooks, Workbooks"
Female,Elementary,High,Advanced,High,98,82,9.0,No,Basic,IB,48.9,"Textbooks, Workbooks"
Female,Elementary,High,Beginner,High,78,79,0.7,Yes,Fluent,CBSE,34.47,"Textbooks, Workbooks"
Male,High School,Medium,Intermediate,Medium,68,91,5.2,Yes,Fluent,IB,42.29,"Textbooks, Workbooks"
Male,High School,Medium,Beginner,Low,63,82,5.3,No,Fluent,CBSE,35.41,"Textbooks, Workbooks"
Male,Elementary,Medium,Intermediate,Medium,39,66,0.6,Yes,Fluent,IB,18.05,"Textbooks, Workbooks"
Female,Elementary,Low,Intermediate,High,38,70,0.4,No,Fluent,IB,21.59,"Textbooks, Workbooks"
Male,High School,Medium,Beginner,Medium,89,67,0.1,Yes,Basic,CBSE,35.8,"Textbooks, Workbooks"
Male,Elementary,Medium,Beginner,Low,34,73,5.2,Yes,Basic,IB,27.57,"Textbooks, Workbooks"
Female,High School,Low,Beginner,Medium,64,73,4.6,Yes,Intermediate,CBSE,32.07,"Textbooks, Workbooks"
Male,High School,Medium,Intermediate,High,40,95,9.4,Yes,Fluent,State Board,35.4,"Textbooks, Workbooks"
Female,High School,High,Beginner,Low,71,99,3.4,Yes,Fluent,State Board,44.97,"Textbooks, Workbooks"
Female,High School,Low,Beginner,Medium,49,86,6.6,Yes,Basic,CBSE,35.26,"Textbooks, Workbooks"
Female,High School,Low,Advanced,Medium,80,79,0.1,Yes,Intermediate,IB,39.55,"Textbooks, Workbooks"
Male,High School,Medium,Advanced,Medium,30,97,6.6,Yes,Fluent,State Board,26.75,"Textbooks, Workbooks"
Male,Elementary,High,Advanced,Medium,40,84,9.1,Yes,Basic,CBSE,37.5,"Textbooks, Workbooks"
Male,High School,Medium,Beginner,Medium,90,88,3.5,No,Basic,ICSE,48.58,"Textbooks, Workbooks"
Male,High School,Low,Beginner,Low,68,73,3.1,Yes,Fluent,State Board,36.9,"Textbooks, Workbooks"
Male,Elementary,Medium,Beginner,Low,77,87,6.3,Yes,Fluent,CBSE,46.28,"Textbooks, Workbooks"
Male,High School,High,Intermediate,Medium,57,89,3.3,No,Intermediate,CBSE,35.9,"Textbooks, Workbooks"
Male,Elementary,High,Intermediate,Low,65,74,4.0,Yes,Basic,State Board,39.13,"Textbooks, Workbooks"
Female,High School,Medium,Advanced,Medium,99,80,2.7,No,Basic,IB,51.55,"Educational Apps, Science Kits"
Male,Elementary,Medium,Intermediate,Medium,91,71,3.4,Yes,Fluent,ICSE,43.4,"Textbooks, Workbooks"
Female,Elementary,Medium,Intermediate,Low,99,70,6.8,Yes,Fluent,CBSE,48.43,"Textbooks, Workbooks"
Male,High School,Low,Intermediate,Medium,39,98,9.2,Yes,Basic,IB,34.64,"Textbooks, Workbooks"
Male,High School,Medium,Advanced,Medium,34,65,5.8,Yes,Intermediate,IB,24.06,"Textbooks, Workbooks"
Male,High School,High,Advanced,Low,57,62,0.1,No,Basic,CBSE,25.71,"Textbooks, Workbooks"
Female,High School,High,Intermediate,Medium,88,74,2.6,No,Intermediate,ICSE,43.62,"Textbooks, Workbooks"
Female,Elementary,Medium,Beginner,High,38,93,9.5,Yes,Intermediate,State Board,34.76,"Textbooks, Workbooks"
Female,Elementary,Low,Advanced,Medium,68,63,9.1,Yes,Intermediate,ICSE,40.56,"Textbooks, Workbooks"
Female,Elementary,Medium,Intermediate,Medium,91,93,1.2,Yes,Basic,IB,48.54,"Textbooks, Workbooks"
Male,High School,High,Beginner,Low,67,97,9.1,Yes,Fluent,CBSE,47.31,"Textbooks, Workbooks"
Female,Elementary,High,Beginner,Low,53,98,9.6,Yes,Fluent,CBSE,47.4,"Textbooks, Workbooks"
Male,High School,Low,Advanced,Low,93,65,3.2,Yes,Basic,ICSE,44.68,"Textbooks, Workbooks"
Male,High School,Medium,Beginner,High,72,81,7.0,Yes,Intermediate,ICSE,42.33,"Textbooks, Workbooks"
Female,Elementary,Medium,Advanced,Medium,45,96,5.6,Yes,Basic,ICSE,35.99,"Textbooks, Workbooks"
Female,High School,Medium,Intermediate,Low,95,91,3.4,Yes,Fluent,CBSE,52.36,"Educational Apps, Science Kits"
Female,Elementary,High,Advanced,High,95,87,1.5,Yes,Intermediate,CBSE,55.9,"Educational Apps, Science Kits"
Female,High School,Medium,Beginner,Low,98,85,3.7,Yes,Basic,IB,51.31,"Educational Apps, Science Kits"
Female,Elementary,High,Advanced,Low,75,63,9.3,Yes,Basic,ICSE,44.01,"Textbooks, Workbooks"
Female,High School,Medium,Advanced,Medium,50,69,8.1,Yes,Basic,IB,39.29,"Textbooks, Workbooks"
Female,Elementary,High,Intermediate,Medium,89,86,3.3,Yes,Intermediate,IB,44.8,"Textbooks, Workbooks"
Female,Elementary,Medium,Beginner,Medium,39,79,5.5,Yes,Intermediate,ICSE,30.36,"Textbooks, Workbooks"
Male,High School,High,Advanced,Medium,47,95,4.1,Yes,Basic,State Board,36.19,"Textbooks, Workbooks"
Female,High School,Medium,Intermediate,Medium,70,64,4.7,Yes,Fluent,CBSE,34.59,"Textbooks, Workbooks"
Female,Elementary,Medium,Intermediate,High,65,76,7.6,Yes,Fluent,State Board,35.01,"Textbooks, Workbooks"
Male,High School,Medium,Intermediate,High,95,91,5.4,Yes,Intermediate,CBSE,53.91,"Educational Apps, Science Kits"
Female,High School,Medium,Intermediate,High,75,94,1.8,Yes,Fluent,CBSE,38.09,"Textbooks, Workbooks"
Male,High School,Medium,Intermediate,High,52,82,2.7,Yes,Basic,CBSE,37.3,"Textbooks, Workbooks"
Male,Elementary,Medium,Advanced,Medium,68,72,5.7,No,Intermediate,ICSE,37.88,"Textbooks, Workbooks"
Female,Elementary,High,Advanced,Medium,33,60,6.9,Yes,Basic,ICSE,26.07,"Textbooks, Workbooks"
Male,High School,Low,Beginner,Medium,70,90,5.1,Yes,Basic,ICSE,35.2,"Textbooks, Workbooks"
Male,High School,High,Advanced,High,32,78,6.2,Yes,Intermediate,CBSE,30.58,"Textbooks, Workbooks"
Male,Elementary,High,Beginner,Medium,82,82,7.9,Yes,Basic,ICSE,49.65,"Textbooks, Workbooks"
Male,High School,Low,Beginner,Low,65,93,5.5,Yes,Fluent,IB,43.94,"Textbooks, Workbooks"
Female,Elementary,Medium,Beginner,High,78,63,9.8,Yes,Basic,State Board,47.98,"Textbooks, Workbooks"
Male,High School,Medium,Advanced,High,56,93,2.4,Yes,Basic,IB,28.83,"Textbooks, Workbooks"
Female,High School,Low,Intermediate,High,82,89,9.2,Yes,Fluent,CBSE,44.59,"Textbooks, Workbooks"
Male,High School,Medium,Beginner,Low,78,69,2.5,Yes,Intermediate,ICSE,34.07,"Textbooks, Workbooks"
Male,Elementary,High,Intermediate,Low,30,65,5.3,Yes,Intermediate,IB,23.58,"Textbooks, Workbooks"
Male,Elementary,Low,Beginner,Low,75,71,4.6,Yes,Fluent,State Board,37.0,"Textbooks, Workbooks"
Male,Elementary,Medium,Advanced,Medium,91,71,3.7,No,Basic,CBSE,46.67,"Textbooks, Workbooks"
Female,Elementary,Medium,Beginner,Low,95,77,9.6,Yes,Fluent,CBSE,52.41,"Educational Apps, Science Kits"
Female,High School,High,Advanced,Medium,51,95,2.7,Yes,Intermediate,IB,36.91,"Textbooks, Workbooks"
Male,High School,Low,Intermediate,Low,68,94,6.7,No,Intermediate,CBSE,46.02,"Textbooks, Workbooks"
Male,Elementary,Medium,Advanced,Low,73,84,8.0,Yes,Basic,IB,36.64,"Textbooks, Workbooks"
Female,High School,Medium,Intermediate,High,31,81,2.0,Yes,Fluent,ICSE,29.07,"Textbooks, Workbooks"
Male,High School,Medium,Advanced,High,88,89,9.7,No,Basic,CBSE,50.6,"Educational Apps, Science Kits"
Male,Elementary,High,Beginner,Low,57,88,5.5,Yes,Intermediate,IB,42.11,"Textbooks, Workbooks"
Male,High School,High,Beginner,Medium,96,66,9.1,Yes,Intermediate,ICSE,44.29,"Textbooks, Workbooks"
Female,High School,Low,Advanced,Low,43,99,6.6,Yes,Basic,State Board,38.74,"Textbooks, Workbooks"
Female,Elementary,Medium,Intermediate,Low,45,62,6.5,Yes,Basic,IB,31.09,"Textbooks, Workbooks"
Female,High School,Medium,Intermediate,High,80,80,3.5,Yes,Intermediate,State Board,49.32,"Textbooks, Workbooks"
Male,High School,Medium,Intermediate,High,57,79,7.7,Yes,Fluent,State Board,39.26,"Textbooks, Workbooks"
Male,High School,Medium,Advanced,High,82,68,0.3,Yes,Intermediate,CBSE,42.77,"Textbooks, Workbooks"
Female,Elementary,Medium,Advanced,Medium,81,95,5.6,Yes,Basic,IB,40.55,"Textbooks, Workbooks"
Female,Elementary,Medium,Advanced,High,54,73,0.3,Yes,Fluent,ICSE,30.47,"Textbooks, Workbooks"
Female,High School,High,Advanced,Low,86,77,3.1,Yes,Basic,IB,40.81,"Textbooks, Workbooks"
Female,High School,Low,Intermediate,Low,38,92,1.0,Yes,Basic,IB,27.36,"Textbooks, Workbooks"
Male,High School,High,Intermediate,Low,40,61,9.1,Yes,Fluent,CBSE,30.71,"Textbooks, Workbooks"
Female,Elementary,Medium,Advanced,High,74,96,6.3,No,Intermediate,CBSE,42.68,"Textbooks, Workbooks"
Male,Elementary,Medium,Advanced,Low,31,90,6.7,Yes,Basic,ICSE,33.48,"Textbooks, Workbooks"
Female,Elementary,High,Intermediate,Low,83,81,8.5,Yes,Basic,CBSE,52.0,"Educational Apps, Science Kits"
Male,High School,Medium,Intermediate,Medium,63,68,7.3,Yes,Intermediate,ICSE,34.37,"Textbooks, Workbooks"
Female,High School,Medium,Beginner,Low,71,79,1.2,Yes,Intermediate,ICSE,38.81,"Textbooks, Workbooks"
Female,High School,Medium,Advanced,Low,98,79,6.2,Yes,Fluent,ICSE,43.21,"Textbooks, Workbooks"
Female,High School,Medium,Beginner,Low,40,60,9.8,Yes,Intermediate,IB,35.48,"Textbooks, Workbooks"
Female,High School,High,Intermediate,Low,58,89,2.1,Yes,Intermediate,State Board,36.23,"Textbooks, Workbooks"
Male,Elementary,High,Intermediate,Medium,34,78,6.2,Yes,Basic,State Board,29.09,"Textbooks, Workbooks"
Female,High School,Low,Advanced,Medium,49,95,5.6,Yes,Basic,CBSE,43.66,"Textbooks, Workbooks"
Male,High School,Low,Beginner,Low,68,73,3.9,No,Intermediate,IB,39.38,"Textbooks, Workbooks"
Male,High School,Medium,Intermediate,Low,61,60,9.5,Yes,Fluent,IB,49.73,"Textbooks, Workbooks"
Male,Elementary,Low,Beginner,High,58,64,3.6,Yes,Fluent,State Board,28.45,"Textbooks, Workbooks"
Male,High School,Medium,Beginner,Medium,95,69,0.9,Yes,Basic,State Board,39.81,"Textbooks, Workbooks"
Female,Elementary,Low,Beginner,Medium,30,68,9.6,No,Fluent,IB,32.78,"Textbooks, Workbooks"
Male,Elementary,Medium,Beginner,Medium,30,73,7.3,Yes,Fluent,IB,27.17,"Textbooks, Workbooks"
Male,Elementary,Low,Beginner,Low,33,98,3.4,No,Basic,IB,34.9,"Textbooks, Workbooks"
Male,Elementary,Medium,Advanced,High,44,77,2.8,No,Intermediate,CBSE,25.66,"Textbooks, Workbooks"
Female,Elementary,Medium,Advanced,Medium,76,84,9.3,No,Intermediate,State Board,52.08,"Educational Apps, Science Kits"
Female,High School,Medium,Beginner,Low,59,95,2.7,Yes,Basic,CBSE,37.48,"Textbooks, Workbooks"
Female,High School,High,Advanced,Medium,35,90,5.4,Yes,Basic,ICSE,31.29,"Textbooks, Workbooks"
Female,Elementary,High,Intermediate,Medium,30,94,2.1,No,Basic,State Board,22.22,"Textbooks, Workbooks"
Male,Elementary,Medium,Beginner,Low,91,86,10.0,Yes,Intermediate,CBSE,57.86,"Educational Apps, Science Kits"
Male,Elementary,Low,Advanced,High,93,81,7.7,Yes,Fluent,IB,52.84,"Educational Apps, Science Kits"
Female,High School,High,Advanced,High,34,70,5.7,Yes,Intermediate,State Board,30.21,"Textbooks, Workbooks"
Male,High School,High,Intermediate,Low,83,69,7.5,Yes,Intermediate,IB,39.65,"Textbooks, Workbooks"
Male,Elementary,High,Intermediate,Medium,78,67,9.2,Yes,Basic,State Board,43.94,"Textbooks, Workbooks"
Male,High School,Low,Intermediate,High,36,87,9.6,Yes,Fluent,ICSE,34.3,"Textbooks, Workbooks"
Female,High School,High,Intermediate,Low,32,82,7.9,No,Intermediate,CBSE,25.44,"Textbooks, Workbooks"
Female,Elementary,Medium,Beginner,Medium,90,65,8.5,Yes,Fluent,CBSE,50.85,"Educational Apps, Science Kits"
Male,Elementary,High,Advanced,Medium,70,73,4.0,Yes,Fluent,ICSE,42.72,"Textbooks, Workbooks"
Female,High School,High,Advanced,Medium,50,83,3.9,Yes,Basic,IB,27.71,"Textbooks, Workbooks"
Female,High School,Medium,Intermediate,High,61,68,8.1,Yes,Fluent,IB,38.29,"Textbooks, Workbooks"
Female,High School,High,Advanced,High,41,99,7.6,Yes,Intermediate,State Board,40.14,"Textbooks, Workbooks"
Female,Elementary,Medium,Advanced,High,36,97,9.0,Yes,Fluent,State Board,42.87,"Textbooks, Workbooks"
Female,Elementary,High,Advanced,Medium,80,84,1.3,No,Basic,State Board,45.18,"Textbooks, Workbooks"
Male,Elementary,Medium,Intermediate,High,74,97,6.9,Yes,Intermediate,State Board,42.4,"Textbooks, Workbooks"
Female,High School,High,Advanced,Low,94,89,6.5,Yes,Fluent,IB,47.75,"Textbooks, Workbooks"
Male,High School,Low,Advanced,Low,89,81,8.0,Yes,Intermediate,IB,50.99,"Educational Apps, Science Kits"
Male,Elementary,High,Advanced,Low,74,61,0.2,Yes,Intermediate,IB,37.96,"Textbooks, Workbooks"
Female,High School,Medium,Beginner,Medium,63,84,8.3,Yes,Basic,CBSE,41.91,"Textbooks, Workbooks"
Male,Elementary,Medium,Beginner,Low,40,83,3.3,Yes,Intermediate,ICSE,27.99,"Textbooks, Workbooks"
Male,High School,Medium,Advanced,High,62,96,6.9,Yes,Basic,ICSE,45.76,"Textbooks, Workbooks"
Male,Elementary,High,Advanced,Medium,37,62,6.2,Yes,Basic,CBSE,32.25,"Textbooks, Workbooks"
Female,High School,Low,Advanced,Low,74,85,4.4,Yes,Fluent,CBSE,41.2,"Textbooks, Workbooks"
Female,High School,Medium,Advanced,High,63,89,7.5,Yes,Basic,CBSE,42.09,"Textbooks, Workbooks"
Male,Elementary,Medium,Advanced,High,74,88,9.6,Yes,Fluent,IB,50.1,"Educational Apps, Science Kits"
Female,Elementary,High,Advanced,Medium,94,66,3.2,No,Intermediate,State Board,43.4,"Textbooks, Workbooks"
Female,Elementary,Low,Beginner,Low,81,68,7.5,No,Intermediate,State Board,48.36,"Textbooks, Workbooks"
Female,Elementary,Low,Intermediate,High,39,89,3.1,Yes,Basic,State Board,28.54,"Textbooks, Workbooks"
Female,Elementary,Medium,Advanced,High,72,75,8.5,Yes,Fluent,ICSE,47.73,"Textbooks, Workbooks"
Male,High School,Medium,Advanced,Medium,99,99,4.4,Yes,Intermediate,State Board,50.32,"Educational Apps, Science Kits"
Male,Elementary,Medium,Advanced,Medium,40,73,4.5,Yes,Fluent,CBSE,39.01,"Textbooks, Workbooks"
Female,Elementary,Medium,Intermediate,Medium,65,85,7.7,Yes,Intermediate,CBSE,42.02,"Textbooks, Workbooks"
Female,Elementary,High,Advanced,High,47,96,5.0,Yes,Fluent,ICSE,38.52,"Textbooks, Workbooks"
Male,Elementary,High,Advanced,Low,92,69,2.7,Yes,Basic,CBSE,49.81,"Textbooks, Workbooks"
Male,Elementary,Medium,Intermediate,Low,34,89,10.0,Yes,Intermediate,IB,34.19,"Textbooks, Workbooks"
Female,High School,Low,Advanced,High,60,81,6.2,Yes,Basic,CBSE,40.11,"Textbooks, Workbooks"
Male,Elementary,Medium,Intermediate,Low,45,89,6.5,Yes,Basic,CBSE,35.78,"Textbooks, Workbooks"
Female,Elementary,Low,Intermediate,High,95,91,6.5,Yes,Fluent,CBSE,61.24,"Educational Apps, Science Kits"
Female,Elementary,High,Advanced,Medium,38,73,8.8,Yes,Basic,ICSE,39.31,"Textbooks, Workbooks"
Male,High School,Medium,Beginner,Medium,31,82,1.8,Yes,Basic,IB,22.74,"Textbooks, Workbooks"
Male,High School,Medium,Beginner,Low,66,76,0.6,Yes,Basic,CBSE,31.01,"Textbooks, Workbooks"
Female,Elementary,Medium,Advanced,High,88,95,3.9,Yes,Basic,IB,50.82,"Educational Apps, Science Kits"
Female,Elementary,High,Intermediate,High,87,88,5.6,No,Fluent,IB,49.02,"Textbooks, Workbooks"
Male,High School,Low,Intermediate,High,37,83,2.9,Yes,Fluent,State Board,35.45,"Textbooks, Workbooks"
Female,High School,Medium,Intermediate,Medium,81,70,6.9,Yes,Basic,IB,46.28,"Textbooks, Workbooks"
Male,High School,Low,Advanced,Low,98,74,0.7,Yes,Intermediate,IB,45.79,"Textbooks, Workbooks"
Female,Elementary,High,Beginner,Medium,81,81,7.9,Yes,Basic,IB,43.3,"Textbooks, Workbooks"
Male,Elementary,High,Intermediate,Medium,63,86,7.2,Yes,Basic,ICSE,39.46,"Textbooks, Workbooks"
Male,High School,Medium,Intermediate,Medium,77,93,2.1,Yes,Intermediate,State Board,40.16,"Textbooks, Workbooks"
Male,Elementary,Medium,Advanced,High,53,92,3.0,No,Intermediate,ICSE,34.09,"Textbooks, Workbooks"
Female,High School,High,Beginner,Medium,42,80,8.1,Yes,Basic,IB,32.67,"Textbooks, Workbooks"
Female,High School,Medium,Beginner,High,79,83,7.7,Yes,Fluent,ICSE,45.11,"Textbooks, Workbooks"
Male,High School,Medium,Advanced,High,94,79,8.1,No,Fluent,CBSE,51.45,"Educational Apps, Science Kits"
Female,Elementary,Medium,Beginner,Low,33,63,3.2,Yes,Intermediate,ICSE,26.63,"Textbooks, Workbooks"
Male,High School,Medium,Advanced,High,93,96,9.7,Yes,Basic,ICSE,59.28,"Educational Apps, Science Kits"
Male,High School,Low,Intermediate,Medium,68,96,7.2,Yes,Basic,ICSE,48.01,"Textbooks, Workbooks"
Female,Elementary,High,Advanced,High,92,92,0.7,Yes,Basic,ICSE,40.72,"Textbooks, Workbooks"
Female,High School,Medium,Intermediate,Low,87,90,4.8,Yes,Basic,CBSE,42.95,"Textbooks, Workbooks"
Male,Elementary,Low,Advanced,Medium,45,93,6.6,Yes,Basic,CBSE,34.59,"Textbooks, Workbooks"
Female,High School,High,Intermediate,Low,91,81,1.7,Yes,Intermediate,State Board,40.66,"Textbooks, Workbooks"
Female,Elementary,Medium,Intermediate,High,39,89,9.0,Yes,Fluent,ICSE,37.19,"Textbooks, Workbooks"
Male,High School,Low,Advanced,High,91,64,7.5,No,Intermediate,ICSE,47.18,"Textbooks, Workbooks"
Male,High School,Medium,Intermediate,Low,62,82,0.8,No,Intermediate,State Board,35.55,"Textbooks, Workbooks"
Female,High School,High,Beginner,High,71,72,9.1,Yes,Basic,State Board,48.66,"Textbooks, Workbooks"
Male,High School,High,Advanced,Medium,73,68,4.0,Yes,Intermediate,State Board,37.61,"Textbooks, Workbooks"
Male,High School,High,Beginner,High,75,73,4.5,Yes,Basic,CBSE,36.29,"Textbooks, Workbooks"
Female,Elementary,High,Intermediate,Low,60,76,7.8,Yes,Intermediate,IB,38.38,"Textbooks, Workbooks"
Male,Elementary,Low,Intermediate,Medium,34,94,6.4,Yes,Basic,IB,23.53,"Textbooks, Workbooks"
Male,High School,Medium,Intermediate,Medium,47,77,4.4,Yes,Fluent,CBSE,31.56,"Textbooks, Workbooks"
Female,High School,High,Advanced,Low,35,71,2.6,Yes,Basic,State Board,15.38,"Textbooks, Workbooks"
Female,High School,Medium,Intermediate,Medium,79,75,5.2,Yes,Basic,ICSE,43.34,"Textbooks, Workbooks"
Male,Elementary,Medium,Beginner,Medium,57,89,5.8,Yes,Fluent,ICSE,43.36,"Textbooks, Workbooks"
Male,Elementary,Medium,Beginner,Low,53,72,6.3,Yes,Basic,CBSE,37.2,"Textbooks, Workbooks"
Female,High School,Medium,Advanced,Medium,98,77,6.1,Yes,Basic,ICSE,51.93,"Educational Apps, Science Kits"
Female,Elementary,High,Beginner,High,57,71,6.2,Yes,Fluent,CBSE,38.16,"Textbooks, Workbooks"
Female,High School,Medium,Advanced,Low,87,93,4.8,Yes,Basic,State Board,45.47,"Textbooks, Workbooks"
Female,High School,Medium,Advanced,Low,96,92,5.6,Yes,Intermediate,IB,43.48,"Textbooks, Workbooks"
Male,High School,High,Intermediate,Medium,47,65,2.9,Yes,Basic,State Board,23.84,"Textbooks, Workbooks"
Female,Elementary,Medium,Beginner,Medium,33,77,1.6,Yes,Intermediate,ICSE,27.73,"Textbooks, Workbooks"
Female,High School,Low,Beginner,High,78,62,6.1,Yes,Fluent,IB,45.54,"Textbooks, Workbooks"
Male,High School,Medium,Beginner,High,61,65,0.5,Yes,Intermediate,ICSE,37.13,"Textbooks, Workbooks"
Female,High School,High,Intermediate,Low,95,95,0.7,No,Fluent,CBSE,42.71,"Textbooks, Workbooks"
Male,Elementary,High,Advanced,Medium,87,81,2.5,No,Basic,ICSE,49.63,"Textbooks, Workbooks"
Female,Elementary,High,Beginner,High,40,66,1.9,Yes,Basic,ICSE,20.62,"Textbooks, Workbooks"
Female,Elementary,High,Beginner,High,94,89,3.7,No,Fluent,IB,51.03,"Educational Apps, Science Kits"
Female,High School,Medium,Beginner,Medium,46,61,3.7,No,Intermediate,IB,31.01,"Textbooks, Workbooks"
Male,Elementary,High,Beginner,Low,95,91,1.2,Yes,Intermediate,ICSE,45.03,"Textbooks, Workbooks"
Male,High School,High,Intermediate,Medium,33,74,2.5,No,Intermediate,IB,28.79,"Textbooks, Workbooks"
Female,Elementary,Low,Advanced,Low,61,81,0.0,No,Intermediate,State Board,24.72,"Textbooks, Workbooks"
Male,High School,Low,Beginner,High,58,97,3.5,Yes,Basic,State Board,34.28,"Textbooks, Workbooks"
Male,Elementary,High,Beginner,Low,90,67,8.0,Yes,Intermediate,CBSE,44.59,"Textbooks, Workbooks"
Male,High School,High,Advanced,Low,89,67,2.7,Yes,Fluent,ICSE,45.84,"Textbooks, Workbooks"
Male,Elementary,High,Intermediate,Medium,87,98,6.4,Yes,Intermediate,IB,53.29,"Educational Apps, Science Kits"
Male,Elementary,High,Intermediate,Medium,82,95,1.0,No,Fluent,State Board,44.92,"Textbooks, Workbooks"
Male,Elementary,Medium,Intermediate,Medium,34,79,0.1,Yes,Fluent,State Board,25.45,"Textbooks, Workbooks"
Female,High School,Medium,Intermediate,Medium,90,96,5.0,No,Basic,IB,55.49,"Educational Apps, Science Kits"
Female,Elementary,Medium,Beginner,High,50,67,4.6,Yes,Fluent,ICSE,30.14,"Textbooks, Workbooks"
Male,Elementary,Low,Advanced,Medium,87,73,1.9,Yes,Intermediate,IB,40.9,"Textbooks, Workbooks"
Female,Elementary,High,Advanced,Medium,43,79,2.9,No,Intermediate,CBSE,29.28,"Textbooks, Workbooks"
Female,Elementary,Medium,Advanced,Medium,83,94,0.3,No,Basic,CBSE,39.47,"Textbooks, Workbooks"
Female,High School,Medium,Intermediate,Medium,70,84,8.0,Yes,Intermediate,State Board,46.59,"Textbooks, Workbooks"
Female,Elementary,Medium,Intermediate,Medium,45,77,3.0,No,Fluent,CBSE,25.2,"Textbooks, Workbooks"
Male,High School,Medium,Advanced,Medium,80,80,2.2,No,Intermediate,ICSE,41.09,"Textbooks, Workbooks"
Female,High School,Low,Beginner,High,30,96,8.0,No,Fluent,State Board,36.46,"Textbooks, Workbooks"
Female,High School,Medium,Intermediate,Medium,69,90,0.4,Yes,Intermediate,IB,37.26,"Textbooks, Workbooks"
Male,High School,Low,Beginner,High,47,65,2.8,No,Intermediate,CBSE,24.47,"Textbooks, Workbooks"
Male,Elementary,Low,Advanced,Medium,63,79,2.6,No,Intermediate,ICSE,37.74,"Textbooks, Workbooks"
Female,High School,High,Intermediate,Medium,90,87,2.6,No,Fluent,ICSE,49.69,"Textbooks, Workbooks"
Female,High School,Low,Beginner,Medium,50,95,0.1,Yes,Fluent,State Board,34.55,"Textbooks, Workbooks"
Female,High School,Medium,Intermediate,Low,30,99,9.3,Yes,Basic,IB,36.4,"Textbooks, Workbooks"
Female,High School,Medium,Advanced,Medium,56,85,8.6,No,Fluent,IB,37.07,"Textbooks, Workbooks"
Female,Elementary,Medium,Advanced,Medium,80,72,4.1,Yes,Fluent,State Board,51.22,"Educational Apps, Science Kits"
Female,Elementary,Low,Advanced,Low,40,63,4.5,No,Intermediate,State Board,31.89,"Textbooks, Workbooks"
Male,High School,High,Beginner,Medium,43,93,5.2,No,Intermediate,State Board,31.36,"Textbooks, Workbooks"
Female,High School,High,Intermediate,Medium,84,96,4.8,No,Basic,IB,48.93,"Textbooks, Workbooks"
Female,High School,Medium,Intermediate,High,56,93,7.8,Yes,Basic,ICSE,41.59,"Textbooks, Workbooks"
Male,Elementary,Medium,Intermediate,High,51,75,4.9,Yes,Basic,IB,34.26,"Textbooks, Workbooks"
Male,Elementary,High,Advanced,Low,50,82,1.9,Yes,Intermediate,CBSE,33.73,"Textbooks, Workbooks"
Male,Elementary,High,Beginner,Medium,53,82,1.2,Yes,Basic,IB,32.33,"Textbooks, Workbooks"
Male,Elementary,Medium,Advanced,Low,48,74,9.2,Yes,Intermediate,IB,38.48,"Textbooks, Workbooks"
Female,Elementary,Low,Advanced,Low,53,84,0.5,Yes,Intermediate,CBSE,35.73,"Textbooks, Workbooks"
Female,High School,Medium,Beginner,High,55,88,9.0,Yes,Basic,State Board,42.17,"Textbooks, Workbooks"
Female,Elementary,Medium,Advanced,Low,54,95,6.9,No,Fluent,CBSE,37.01,"Textbooks, Workbooks"
Female,Elementary,Low,Advanced,Low,74,74,4.0,Yes,Basic,State Board,45.22,"Textbooks, Workbooks"
Female,High School,Medium,Intermediate,High,58,96,1.9,Yes,Basic,CBSE,36.71,"Textbooks, Workbooks"
Female,Elementary,Medium,Beginner,High,40,94,3.1,Yes,Intermediate,CBSE,32.44,"Textbooks, Workbooks"
Male,Elementary,Medium,Beginner,High,53,98,5.3,Yes,Intermediate,State Board,36.69,"Textbooks, Workbooks"
Female,Elementary,High,Intermediate,High,53,96,6.6,Yes,Fluent,CBSE,44.57,"Textbooks, Workbooks"
Male,High School,High,Beginner,High,41,87,6.9,Yes,Intermediate,ICSE,31.51,"Textbooks, Workbooks"
Male,Elementary,Medium,Intermediate,Low,36,89,4.5,Yes,Fluent,CBSE,30.13,"Textbooks, Workbooks"
Female,High School,High,Advanced,Medium,69,66,3.7,Yes,Fluent,IB,47.56,"Textbooks, Workbooks"
Male,High School,Low,Beginner,Medium,99,63,7.7,No,Fluent,State Board,42.42,"Textbooks, Workbooks"
Female,Elementary,High,Beginner,Medium,52,66,9.3,Yes,Fluent,State Board,32.52,"Textbooks, Workbooks"
Male,Elementary,Low,Advanced,High,67,92,9.1,No,Basic,State Board,49.78,"Textbooks, Workbooks"
Female,Elementary,Low,Advanced,Medium,60,77,5.5,Yes,Basic,ICSE,37.91,"Textbooks, Workbooks"
Male,Elementary,Medium,Beginner,Low,58,74,0.8,No,Basic,IB,34.74,"Textbooks, Workbooks"
Female,High School,Medium,Beginner,Low,73,94,0.7,Yes,Basic,CBSE,35.1,"Textbooks, Workbooks"
Female,Elementary,High,Beginner,Low,57,96,4.0,Yes,Intermediate,IB,37.55,"Textbooks, Workbooks"
Female,High School,Medium,Intermediate,High,97,64,7.3,No,Fluent,State Board,48.59,"Textbooks, Workbooks"
Female,High School,Medium,Beginner,Medium,50,82,5.0,Yes,Intermediate,IB,34.56,"Textbooks, Workbooks"
Female,High School,Medium,Beginner,Medium,38,69,6.3,Yes,Basic,State Board,29.78,"Textbooks, Workbooks"
Male,High School,Medium,Advanced,Medium,78,84,8.4,Yes,Fluent,State Board,38.17,"Textbooks, Workbooks"
Male,High School,Medium,Advanced,Medium,66,81,0.4,Yes,Fluent,ICSE,35.26,"Textbooks, Workbooks"
Male,Elementary,Medium,Intermediate,High,50,90,9.2,Yes,Intermediate,State Board,45.57,"Textbooks, Workbooks"
Female,High School,High,Advanced,Medium,89,82,3.3,No,Basic,IB,44.94,"Textbooks, Workbooks"
Male,High School,High,Beginner,High,52,87,0.5,Yes,Intermediate,ICSE,28.4,"Textbooks, Workbooks"
Female,Elementary,High,Beginner,High,39,74,8.4,Yes,Fluent,IB,29.85,"Textbooks, Workbooks"
Female,Elementary,Medium,Intermediate,High,99,99,9.3,Yes,Basic,IB,62.22,"Educational Apps, Science Kits"
Male,High School,High,Advanced,Medium,50,66,7.7,Yes,Basic,CBSE,23.57,"Textbooks, Workbooks"
Male,High School,Medium,Advanced,High,58,97,8.0,Yes,Intermediate,IB,44.82,"Textbooks, Workbooks"
Female,Elementary,Medium,Advanced,Medium,88,99,8.7,Yes,Intermediate,ICSE,54.65,"Educational Apps, Science Kits"
Male,High School,Medium,Intermediate,High,69,74,5.2,Yes,Intermediate,CBSE,36.31,"Textbooks, Workbooks"
Female,Elementary,High,Advanced,High,50,64,6.8,Yes,Basic,State Board,45.58,"Textbooks, Workbooks"
Female,Elementary,High,Advanced,High,92,71,2.9,Yes,Fluent,CBSE,48.87,"Textbooks, Workbooks"
Female,High School,High,Advanced,High,75,72,2.5,Yes,Basic,CBSE,39.85,"Textbooks, Workbooks"
Female,Elementary,High,Beginner,Medium,34,62,6.1,Yes,Basic,CBSE,31.63,"Textbooks, Workbooks"
Female,High School,High,Intermediate,Low,44,78,7.3,No,Basic,CBSE,36.28,"Textbooks, Workbooks"
Male,High School,High,Beginner,Medium,69,85,4.0,Yes,Basic,IB,42.11,"Textbooks, Workbooks"
Male,High School,Medium,Intermediate,High,33,89,4.0,Yes,Intermediate,CBSE,30.0,"Textbooks, Workbooks"
Female,Elementary,Medium,Advanced,Low,53,87,9.5,No,Intermediate,IB,37.89,"Textbooks, Workbooks"
Female,High School,Medium,Beginner,Medium,71,74,5.2,Yes,Fluent,IB,44.7,"Textbooks, Workbooks"
Male,Elementary,Low,Advanced,Medium,55,77,9.9,Yes,Basic,State Board,38.97,"Textbooks, Workbooks"
Male,High School,Medium,Advanced,Medium,95,66,8.6,No,Basic,IB,54.67,"Educational Apps, Science Kits"
Female,High School,Medium,Intermediate,High,37,73,6.4,Yes,Fluent,ICSE,34.58,"Textbooks, Workbooks"
Male,Elementary,Medium,Advanced,Medium,95,83,0.1,No,Basic,State Board,49.6,"Textbooks, Workbooks"
Female,High School,High,Beginner,High,49,83,3.0,Yes,Basic,State Board,30.93,"Textbooks, Workbooks"
Male,High School,High,Intermediate,Medium,95,70,4.2,No,Fluent,IB,43.3,"Textbooks, Workbooks"
Female,Elementary,Low,Intermediate,High,97,98,6.5,Yes,Fluent,IB,53.93,"Educational Apps, Science Kits"
Male,Elementary,Medium,Beginner,Low,84,99,4.0,No,Fluent,CBSE,47.85,"Textbooks, Workbooks"
Female,Elementary,Medium,Advanced,Low,68,69,8.3,No,Fluent,IB,39.48,"Textbooks, Workbooks"
Male,High School,Medium,Advanced,High,79,92,6.6,Yes,Basic,CBSE,51.43,"Educational Apps, Science Kits"
Male,Elementary,High,Advanced,Medium,49,79,3.5,Yes,Fluent,ICSE,36.25,"Textbooks, Workbooks"
Female,Elementary,Medium,Advanced,Medium,99,98,7.8,Yes,Fluent,State Board,59.01,"Educational Apps, Science Kits"
Male,High School,Medium,Advanced,Medium,57,81,3.0,Yes,Intermediate,State Board,40.99,"Textbooks, Workbooks"
Female,Elementary,High,Intermediate,Medium,72,94,0.6,Yes,Intermediate,IB,41.16,"Textbooks, Workbooks"
Male,High School,High,Intermediate,Medium,95,87,1.7,Yes,Fluent,State Board,43.11,"Textbooks, Workbooks"
Female,High School,Low,Beginner,Low,57,95,0.0,No,Fluent,State Board,40.66,"Textbooks, Workbooks"
Male,Elementary,High,Advanced,Medium,52,89,8.3,No,Intermediate,ICSE,41.1,"Textbooks, Workbooks"
Female,High School,Medium,Advanced,Medium,64,65,6.3,Yes,Fluent,State Board,42.09,"Textbooks, Workbooks"
Male,Elementary,Medium,Advanced,Medium,51,60,5.7,Yes,Intermediate,CBSE,33.68,"Textbooks, Workbooks"
Female,Elementary,Low,Beginner,Medium,34,63,6.6,Yes,Intermediate,State Board,24.92,"Textbooks, Workbooks"
Male,Elementary,Medium,Advanced,High,89,84,6.5,Yes,Intermediate,CBSE,44.15,"Textbooks, Workbooks"
Female,Elementary,Medium,Intermediate,Medium,70,98,5.7,Yes,Basic,CBSE,48.46,"Textbooks, Workbooks"
Female,High School,Medium,Advanced,High,58,70,8.4,No,Intermediate,CBSE,36.38,"Textbooks, Workbooks"
Female,High School,Medium,Beginner,Medium,64,97,4.4,Yes,Fluent,CBSE,45.56,"Textbooks, Workbooks"
Male,Elementary,High,Intermediate,Medium,97,96,8.0,Yes,Fluent,ICSE,46.69,"Textbooks, Workbooks"
Female,Elementary,Medium,Intermediate,Low,74,71,7.9,Yes,Intermediate,ICSE,45.88,"Textbooks, Workbooks"
Male,High School,Low,Intermediate,Low,38,88,2.0,Yes,Basic,State Board,31.44,"Textbooks, Workbooks"
Female,Elementary,High,Advanced,Medium,80,93,4.5,Yes,Fluent,ICSE,52.66,"Educational Apps, Science Kits"
Male,High School,Low,Beginner,Medium,43,77,8.3,No,Intermediate,CBSE,32.43,"Textbooks, Workbooks"
Female,Elementary,High,Beginner,High,98,68,8.3,Yes,Fluent,ICSE,50.81,"Educational Apps, Science Kits"
Male,High School,Medium,Advanced,Medium,85,71,0.2,Yes,Intermediate,IB,46.98,"Textbooks, Workbooks"
Male,High School,Medium,Beginner,High,40,68,2.2,Yes,Fluent,IB,32.32,"Textbooks, Workbooks"
Female,High School,Medium,Intermediate,High,59,60,4.2,Yes,Basic,ICSE,30.94,"Textbooks, Workbooks"
Male,Elementary,Low,Intermediate,Low,68,66,0.5,Yes,Basic,IB,29.86,"Textbooks, Workbooks"
Male,Elementary,Medium,Beginner,Medium,53,98,2.6,Yes,Basic,State Board,36.72,"Textbooks, Workbooks"
Female,Elementary,Low,Beginner,Medium,87,93,2.6,Yes,Basic,IB,50.96,"Educational Apps, Science Kits"
Male,Elementary,Medium,Advanced,Medium,59,91,2.1,No,Fluent,State Board,39.51,"Textbooks, Workbooks"
Male,Elementary,Low,Advanced,Low,53,87,4.0,No,Fluent,ICSE,35.06,"Textbooks, Workbooks"
Male,High School,Medium,Advanced,High,96,85,8.1,Yes,Basic,CBSE,62.09,"Educational Apps, Science Kits"
Female,High School,Medium,Advanced,High,58,95,2.4,No,Fluent,ICSE,35.98,"Textbooks, Workbooks"
Male,High School,Medium,Advanced,High,71,99,5.8,Yes,Intermediate,State Board,46.79,"Textbooks, Workbooks"
Female,High School,Low,Advanced,Medium,91,73,5.6,No,Basic,IB,42.4,"Textbooks, Workbooks"
Male,High School,Low,Intermediate,Medium,56,90,8.2,Yes,Fluent,ICSE,37.78,"Textbooks, Workbooks"
Male,High School,Low,Beginner,Medium,58,75,3.9,Yes,Intermediate,ICSE,35.24,"Textbooks, Workbooks"
Male,High School,High,Advanced,Medium,95,98,2.2,No,Intermediate,ICSE,52.14,"Educational Apps, Science Kits"
Female,Elementary,Medium,Intermediate,Medium,86,70,8.9,Yes,Fluent,State Board,38.79,"Textbooks, Workbooks"
Male,High School,High,Beginner,Low,90,70,8.3,Yes,Basic,IB,45.37,"Textbooks, Workbooks"
Male,Elementary,Medium,Beginner,High,58,97,6.2,Yes,Intermediate,ICSE,31.64,"Textbooks, Workbooks"
Female,High School,Medium,Beginner,High,86,71,0.9,Yes,Basic,CBSE,34.42,"Textbooks, Workbooks"
Male,High School,Medium,Advanced,Medium,84,68,0.2,Yes,Fluent,State Board,45.97,"Textbooks, Workbooks"
Female,Elementary,High,Advanced,High,73,81,1.8,Yes,Fluent,State Board,36.62,"Textbooks, Workbooks"
Female,High School,Medium,Advanced,Low,57,97,2.0,Yes,Fluent,IB,46.24,"Textbooks, Workbooks"
Male,Elementary,Low,Beginner,Low,66,68,1.4,Yes,Basic,CBSE,29.29,"Textbooks, Workbooks"
Female,High School,Medium,Beginner,High,52,62,2.6,Yes,Basic,ICSE,33.28,"Textbooks, Workbooks"
Male,Elementary,Medium,Intermediate,High,98,98,3.4,Yes,Intermediate,IB,52.9,"Educational Apps, Science Kits"
Female,High School,Medium,Intermediate,Medium,87,94,7.5,No,Intermediate,State Board,51.14,"Educational Apps, Science Kits"
Female,Elementary,Medium,Intermediate,Low,61,89,7.1,Yes,Basic,CBSE,35.31,"Textbooks, Workbooks"
Male,Elementary,Medium,Intermediate,High,98,85,1.0,Yes,Fluent,ICSE,46.07,"Textbooks, Workbooks"
Female,High School,Medium,Beginner,Low,65,67,9.8,No,Basic,State Board,41.04,"Textbooks, Workbooks"
Female,High School,Medium,Advanced,Medium,61,91,7.5,Yes,Intermediate,ICSE,40.4,"Textbooks, Workbooks"
Female,Elementary,High,Advanced,Low,88,81,1.6,No,Fluent,IB,46.03,"Textbooks, Workbooks"
Female,High School,High,Advanced,High,89,67,1.2,Yes,Intermediate,CBSE,39.87,"Textbooks, Workbooks"
Female,Elementary,Medium,Advanced,Medium,56,61,0.9,Yes,Fluent,IB,27.63,"Textbooks, Workbooks"
Male,High School,Medium,Intermediate,High,53,73,7.3,Yes,Basic,ICSE,35.91,"Textbooks, Workbooks"
Female,Elementary,High,Beginner,Low,96,64,2.4,No,Intermediate,ICSE,48.63,"Textbooks, Workbooks"
Male,High School,Medium,Advanced,Medium,65,72,0.7,Yes,Fluent,State Board,42.81,"Textbooks, Workbooks"
Female,Elementary,Medium,Beginner,High,43,82,4.2,Yes,Intermediate,CBSE,28.55,"Textbooks, Workbooks"
Male,High School,High,Intermediate,Low,97,72,7.1,Yes,Basic,CBSE,40.94,"Textbooks, Workbooks"
Male,Elementary,Medium,Intermediate,Medium,73,78,3.0,Yes,Intermediate,ICSE,43.29,"Textbooks, Workbooks"
Female,Elementary,Low,Advanced,Medium,77,83,4.8,Yes,Intermediate,ICSE,48.99,"Textbooks, Workbooks"
Female,High School,High,Advanced,High,61,94,1.9,No,Fluent,ICSE,32.48,"Textbooks, Workbooks"
Female,High School,Low,Intermediate,Low,46,73,4.3,No,Fluent,State Board,36.5,"Textbooks, Workbooks"
Male,Elementary,High,Intermediate,Medium,86,63,3.6,No,Basic,ICSE,44.77,"Textbooks, Workbooks"
Female,Elementary,High,Beginner,Medium,68,85,4.3,No,Fluent,CBSE,35.52,"Textbooks, Workbooks"
Male,Elementary,High,Intermediate,Medium,61,69,4.7,No,Fluent,CBSE,24.7,"Textbooks, Workbooks"
Male,Elementary,Low,Beginner,Low,97,97,0.9,No,Intermediate,State Board,46.41,"Textbooks, Workbooks"
Male,High School,Medium,Intermediate,High,31,97,0.9,No,Basic,CBSE,31.82,"Textbooks, Workbooks"
Female,Elementary,Medium,Beginner,Medium,71,93,2.6,No,Basic,State Board,39.11,"Textbooks, Workbooks"
Female,Elementary,Medium,Intermediate,Low,67,93,1.2,Yes,Fluent,IB,39.21,"Textbooks, Workbooks"
Male,Elementary,Low,Intermediate,Medium,84,78,2.5,Yes,Intermediate,ICSE,36.05,"Textbooks, Workbooks"
Male,High School,Medium,Beginner,High,84,62,0.2,Yes,Basic,ICSE,42.01,"Textbooks, Workbooks"
Female,Elementary,Medium,Beginner,Low,63,95,3.5,Yes,Basic,CBSE,38.3,"Textbooks, Workbooks"
Male,High School,Low,Advanced,Medium,75,63,2.1,Yes,Intermediate,ICSE,41.3,"Textbooks, Workbooks"
Female,High School,Medium,Advanced,High,72,85,8.9,Yes,Fluent,CBSE,40.86,"Textbooks, Workbooks"
Male,High School,High,Intermediate,Low,31,70,8.6,Yes,Fluent,ICSE,21.95,"Textbooks, Workbooks"
Female,High School,High,Intermediate,Low,65,62,3.0,Yes,Fluent,State Board,38.23,"Textbooks, Workbooks"
Male,High School,High,Beginner,Medium,99,68,4.8,No,Intermediate,ICSE,51.56,"Educational Apps, Science Kits"
Female,High School,Medium,Intermediate,High,65,61,9.6,Yes,Intermediate,State Board,37.23,"Textbooks, Workbooks"
Male,High School,High,Advanced,Low,51,73,5.2,Yes,Basic,ICSE,43.65,"Textbooks, Workbooks"
Female,Elementary,High,Beginner,High,98,62,8.5,Yes,Intermediate,State Board,51.04,"Educational Apps, Science Kits"
Female,Elementary,Medium,Intermediate,Medium,67,61,8.3,Yes,Fluent,State Board,39.0,"Textbooks, Workbooks"
Male,High School,Low,Beginner,Medium,83,81,9.4,Yes,Basic,IB,50.91,"Educational Apps, Science Kits"
Male,Elementary,Medium,Advanced,Medium,51,88,3.1,Yes,Intermediate,CBSE,36.31,"Textbooks, Workbooks"
Female,Elementary,Medium,Advanced,High,60,92,0.4,Yes,Intermediate,ICSE,40.34,"Textbooks, Workbooks"
Male,High School,Medium,Advanced,Low,82,95,1.0,No,Basic,ICSE,41.5,"Textbooks, Workbooks"
Female,Elementary,Medium,Intermediate,Medium,88,69,5.7,Yes,Fluent,CBSE,46.11,"Textbooks, Workbooks"
Male,High School,High,Intermediate,Medium,78,97,5.3,Yes,Fluent,State Board,46.07,"Textbooks, Workbooks"
Female,Elementary,Medium,Intermediate,Low,56,80,3.0,No,Intermediate,IB,35.29,"Textbooks, Workbooks"
Female,High School,Low,Intermediate,Low,86,90,2.5,Yes,Basic,CBSE,52.58,"Educational Apps, Science Kits"
Female,High School,High,Intermediate,Low,35,94,7.1,Yes,Intermediate,ICSE,32.52,"Textbooks, Workbooks"
Female,Elementary,Medium,Intermediate,Medium,75,62,3.4,Yes,Basic,CBSE,37.44,"Textbooks, Workbooks"
Female,Elementary,High,Advanced,Low,54,78,6.0,No,Intermediate,IB,36.03,"Textbooks, Workbooks"
Female,High School,Low,Advanced,High,38,81,7.1,Yes,Fluent,IB,31.58,"Textbooks, Workbooks"
Male,High School,High,Intermediate,High,93,79,4.3,Yes,Basic,State Board,47.01,"Textbooks, Workbooks"
Male,High School,Low,Advanced,Low,60,95,1.9,Yes,Fluent,ICSE,39.0,"Textbooks, Workbooks"
Male,Elementary,Medium,Beginner,Medium,48,78,8.6,No,Fluent,ICSE,36.5,"Textbooks, Workbooks"
Female,Elementary,Low,Intermediate,Low,94,63,0.9,Yes,Basic,State Board,43.51,"Textbooks, Workbooks"
Female,Elementary,High,Beginner,Low,46,91,8.3,No,Basic,State Board,39.99,"Textbooks, Workbooks"
Female,Elementary,High,Intermediate,Medium,63,67,8.4,Yes,Intermediate,CBSE,42.82,"Textbooks, Workbooks"
Female,High School,Medium,Intermediate,Medium,65,85,5.7,Yes,Basic,CBSE,44.75,"Textbooks, Workbooks"
Male,High School,High,Advanced,High,42,60,6.3,Yes,Intermediate,CBSE,33.28,"Textbooks, Workbooks"
Male,High School,Medium,Beginner,Medium,88,85,3.6,Yes,Basic,CBSE,48.91,"Textbooks, Workbooks"
Female,High School,Medium,Advanced,Medium,50,68,8.4,Yes,Fluent,State Board,30.2,"Textbooks, Workbooks"
Male,Elementary,High,Intermediate,Low,94,94,2.6,Yes,Basic,IB,46.41,"Textbooks, Workbooks"
Male,High School,Medium,Beginner,Low,35,77,5.6,Yes,Basic,IB,27.43,"Textbooks, Workbooks"
Female,High School,Medium,Intermediate,High,40,78,0.0,Yes,Intermediate,CBSE,25.75,"Textbooks, Workbooks"
Male,Elementary,High,Advanced,Low,51,75,9.4,Yes,Intermediate,CBSE,34.45,"Textbooks, Workbooks"
Female,Elementary,High,Intermediate,High,40,87,9.5,Yes,Fluent,State Board,32.37,"Textbooks, Workbooks"
Male,High School,High,Intermediate,Low,66,62,7.1,Yes,Basic,CBSE,32.53,"Textbooks, Workbooks"
Female,Elementary,High,Advanced,Medium,55,77,4.2,Yes,Intermediate,ICSE,33.22,"Textbooks, Workbooks"
Female,High School,Low,Intermediate,High,86,72,1.8,Yes,Basic,IB,42.58,"Textbooks, Workbooks"
Female,Elementary,High,Beginner,Low,55,86,4.9,Yes,Fluent,CBSE,35.63,"Textbooks, Workbooks"
Female,Elementary,Medium,Advanced,Medium,50,99,7.9,Yes,Intermediate,CBSE,38.45,"Textbooks, Workbooks"
Male,High School,High,Intermediate,High,86,98,6.1,Yes,Fluent,IB,51.01,"Educational Apps, Science Kits"
Female,Elementary,Medium,Advanced,Low,55,83,5.3,Yes,Intermediate,IB,38.94,"Textbooks, Workbooks"
Female,High School,Medium,Intermediate,Medium,44,88,8.5,No,Basic,ICSE,37.35,"Textbooks, Workbooks"
Female,Elementary,Medium,Advanced,Low,92,81,3.1,Yes,Intermediate,ICSE,48.26,"Textbooks, Workbooks"
Male,Elementary,Medium,Advanced,Low,64,85,8.6,No,Fluent,State Board,45.7,"Textbooks, Workbooks"
Female,Elementary,Low,Beginner,Low,40,79,4.4,Yes,Intermediate,ICSE,28.05,"Textbooks, Workbooks"
Male,Elementary,High,Advanced,High,97,83,0.0,Yes,Basic,ICSE,50.77,"Educational Apps, Science Kits"
Female,Elementary,High,Beginner,Low,79,71,7.3,Yes,Basic,CBSE,42.11,"Textbooks, Workbooks"
Male,High School,Low,Advanced,Low,58,77,8.8,Yes,Fluent,CBSE,38.05,"Textbooks, Workbooks"
Male,Elementary,High,Advanced,Medium,93,71,4.8,Yes,Fluent,ICSE,37.43,"Textbooks, Workbooks"
Female,High School,Medium,Intermediate,Medium,70,97,4.5,No,Intermediate,State Board,41.02,"Textbooks, Workbooks"
Male,Elementary,Medium,Intermediate,Medium,55,91,8.1,Yes,Basic,State Board,34.74,"Textbooks, Workbooks"
Female,High School,Medium,Intermediate,Low,57,82,8.8,Yes,Basic,IB,44.88,"Textbooks, Workbooks"
Female,Elementary,High,Advanced,High,77,63,9.7,Yes,Intermediate,ICSE,47.83,"Textbooks, Workbooks"
Female,High School,High,Advanced,Medium,95,71,3.5,Yes,Intermediate,IB,43.88,"Textbooks, Workbooks"
Male,High School,Medium,Beginner,Medium,52,76,5.9,No,Fluent,ICSE,33.04,"Textbooks, Workbooks"
Male,Elementary,Medium,Beginner,Low,68,80,8.2,Yes,Fluent,ICSE,36.7,"Textbooks, Workbooks"
Female,Elementary,Low,Beginner,Medium,98,96,5.3,No,Intermediate,CBSE,49.58,"Textbooks, Workbooks"
Female,Elementary,Medium,Intermediate,High,50,88,4.6,Yes,Intermediate,ICSE,37.34,"Textbooks, Workbooks"
Male,High School,Low,Intermediate,Medium,78,65,5.7,Yes,Intermediate,CBSE,46.69,"Textbooks, Workbooks"
Female,High School,Medium,Beginner,Low,65,87,3.6,Yes,Basic,State Board,38.69,"Textbooks, Workbooks"
Female,Elementary,Medium,Advanced,Low,66,67,1.9,Yes,Fluent,State Board,35.04,"Textbooks, Workbooks"
Female,Elementary,High,Intermediate,Medium,71,90,0.7,Yes,Fluent,ICSE,39.66,"Textbooks, Workbooks"
Male,High School,Medium,Intermediate,High,91,79,6.1,Yes,Basic,State Board,46.36,"Textbooks, Workbooks"
Male,High School,Medium,Beginner,Low,35,75,3.8,No,Fluent,ICSE,28.4,"Textbooks, Workbooks"
Male,Elementary,Medium,Intermediate,Medium,37,72,8.8,Yes,Intermediate,IB,30.41,"Textbooks, Workbooks"
Female,High School,High,Beginner,Low,98,74,2.2,Yes,Basic,State Board,49.41,"Textbooks, Workbooks"
Female,Elementary,High,Intermediate,Medium,69,72,3.1,Yes,Intermediate,ICSE,37.32,"Textbooks, Workbooks"
Female,Elementary,High,Advanced,Medium,39,61,9.7,Yes,Fluent,IB,25.08,"Textbooks, Workbooks"
Male,Elementary,Medium,Advanced,High,60,79,5.6,Yes,Basic,IB,39.86,"Textbooks, Workbooks"
Female,High School,High,Intermediate,Low,59,87,3.5,Yes,Fluent,ICSE,37.59,"Textbooks, Workbooks"
Female,High School,Low,Beginner,High,80,77,8.6,Yes,Intermediate,State Board,44.7,"Textbooks, Workbooks"
Female,High School,Medium,Intermediate,Medium,65,66,7.4,Yes,Intermediate,State Board,38.64,"Textbooks, Workbooks"
Female,High School,Medium,Beginner,High,90,80,5.7,Yes,Fluent,ICSE,44.13,"Textbooks, Workbooks"
Male,Elementary,Medium,Intermediate,Medium,56,98,8.9,Yes,Basic,CBSE,37.94,"Textbooks, Workbooks"
Male,High School,High,Advanced,Low,64,68,0.9,Yes,Basic,State Board,31.77,"Textbooks, Workbooks"
Female,Elementary,High,Advanced,High,89,69,3.9,Yes,Basic,State Board,45.66,"Textbooks, Workbooks"
Male,Elementary,Low,Intermediate,Low,61,90,8.1,Yes,Intermediate,State Board,43.77,"Textbooks, Workbooks"
Male,Elementary,Low,Intermediate,Medium,33,72,3.9,Yes,Fluent,ICSE,21.45,"Textbooks, Workbooks"
Female,High School,Medium,Intermediate,High,56,64,9.3,Yes,Basic,ICSE,37.03,"Textbooks, Workbooks"
Female,Elementary,Medium,Advanced,Low,76,99,1.5,Yes,Basic,ICSE,38.5,"Textbooks, Workbooks"
Male,Elementary,Medium,Advanced,Medium,35,97,3.4,Yes,Basic,IB,30.96,"Textbooks, Workbooks"
Female,High School,High,Beginner,High,55,95,4.3,Yes,Basic,State Board,36.94,"Textbooks, Workbooks"
Male,Elementary,High,Intermediate,High,53,61,6.9,Yes,Basic,CBSE,34.23,"Textbooks, Workbooks"
Female,High School,Medium,Intermediate,High,73,65,2.0,No,Fluent,State Board,33.82,"Textbooks, Workbooks"
Male,High School,High,Advanced,Low,43,72,0.1,No,Intermediate,IB,31.69,"Textbooks, Workbooks"
Female,High School,Medium,Intermediate,Medium,42,88,9.8,Yes,Fluent,State Board,44.87,"Textbooks, Workbooks"
Male,Elementary,Medium,Beginner,High,55,73,9.0,Yes,Intermediate,ICSE,36.94,"Textbooks, Workbooks"
Male,High School,Medium,Intermediate,Medium,72,89,3.0,Yes,Intermediate,State Board,38.27,"Textbooks, Workbooks"
Male,High School,Medium,Advanced,High,72,84,4.8,Yes,Fluent,CBSE,37.37,"Textbooks, Workbooks"
Female,High School,High,Intermediate,Low,95,99,4.9,Yes,Intermediate,State Board,46.86,"Textbooks, Workbooks"
Male,High School,Medium,Advanced,Low,57,94,8.7,No,Intermediate,ICSE,46.07,"Textbooks, Workbooks"
Male,Elementary,Medium,Beginner,Medium,30,96,6.0,Yes,Intermediate,State Board,28.86,"Textbooks, Workbooks"
Female,High School,Medium,Beginner,High,41,66,8.3,Yes,Intermediate,ICSE,25.93,"Textbooks, Workbooks"
Female,Elementary,High,Intermediate,Medium,79,97,9.1,Yes,Basic,IB,45.2,"Textbooks, Workbooks"
Male,High School,Medium,Intermediate,High,82,77,5.7,Yes,Fluent,IB,39.68,"Textbooks, Workbooks"
Male,Elementary,High,Advanced,High,89,67,2.9,No,Fluent,IB,48.53,"Textbooks, Workbooks"
Female,High School,High,Beginner,High,84,66,5.0,Yes,Basic,State Board,49.08,"Textbooks, Workbooks"
Female,Elementary,Medium,Beginner,High,64,93,8.5,Yes,Basic,State Board,42.95,"Textbooks, Workbooks"
Female,High School,Medium,Beginner,High,90,95,5.8,Yes,Basic,IB,49.16,"Textbooks, Workbooks"
Female,Elementary,High,Beginner,High,55,69,9.0,Yes,Fluent,IB,28.52,"Textbooks, Workbooks"
Female,Elementary,Medium,Intermediate,Medium,60,99,9.0,Yes,Basic,ICSE,37.98,"Textbooks, Workbooks"
Male,Elementary,High,Intermediate,Low,86,88,3.7,Yes,Fluent,ICSE,42.61,"Textbooks, Workbooks"
Female,High School,Medium,Advanced,Low,41,75,4.5,Yes,Basic,CBSE,32.34,"Textbooks, Workbooks"
Male,Elementary,Low,Beginner,Low,34,84,6.8,Yes,Fluent,ICSE,40.89,"Textbooks, Workbooks"
Male,Elementary,High,Intermediate,Low,36,88,1.1,Yes,Intermediate,State Board,30.64,"Textbooks, Workbooks"
Male,Elementary,High,Intermediate,Low,45,67,4.7,Yes,Basic,IB,29.37,"Textbooks, Workbooks"
Female,Elementary,High,Beginner,High,81,79,1.5,Yes,Intermediate,CBSE,42.0,"Textbooks, Workbooks"
Male,High School,Medium,Intermediate,Medium,50,95,8.5,No,Basic,IB,40.0,"Textbooks, Workbooks"
Male,Elementary,High,Advanced,Medium,56,86,9.4,Yes,Fluent,IB,39.39,"Textbooks, Workbooks"
Female,Elementary,High,Advanced,High,52,72,1.4,No,Intermediate,IB,29.77,"Textbooks, Workbooks"
Male,Elementary,High,Beginner,Medium,54,85,6.7,Yes,Intermediate,State Board,30.5,"Textbooks, Workbooks"
Male,High School,Medium,Advanced,Low,40,84,6.4,Yes,Intermediate,ICSE,29.53,"Textbooks, Workbooks"
Female,Elementary,Medium,Intermediate,High,92,87,7.6,Yes,Basic,ICSE,49.74,"Textbooks, Workbooks"
Male,Elementary,High,Advanced,Medium,86,68,7.0,Yes,Basic,ICSE,41.13,"Textbooks, Workbooks"
Male,Elementary,Medium,Intermediate,Medium,83,85,2.2,Yes,Basic,State Board,44.45,"Textbooks, Workbooks"
Male,Elementary,Medium,Beginner,Low,39,71,2.9,Yes,Intermediate,ICSE,29.42,"Textbooks, Workbooks"
Female,High School,Medium,Beginner,Medium,79,85,1.7,Yes,Fluent,IB,47.26,"Textbooks, Workbooks"
Female,Elementary,Medium,Intermediate,High,30,81,9.2,Yes,Intermediate,State Board,29.35,"Textbooks, Workbooks"
Female,Elementary,Medium,Intermediate,Low,99,60,5.2,No,Intermediate,CBSE,39.38,"Textbooks, Workbooks"
Male,High School,Low,Advanced,High,59,71,9.8,Yes,Fluent,ICSE,46.27,"Textbooks, Workbooks"
Male,High School,High,Intermediate,Low,84,83,4.5,Yes,Fluent,State Board,41.42,"Textbooks, Workbooks"
Female,High School,Medium,Beginner,Medium,35,89,5.5,Yes,Intermediate,CBSE,39.57,"Textbooks, Workbooks"
Male,Elementary,Medium,Intermediate,High,53,73,7.9,Yes,Intermediate,IB,42.75,"Textbooks, Workbooks"
Male,High School,Low,Advanced,High,34,82,8.0,Yes,Fluent,IB,30.19,"Textbooks, Workbooks"
Female,Elementary,Low,Advanced,Low,36,61,2.3,Yes,Intermediate,CBSE,22.75,"Textbooks, Workbooks"
Female,High School,Medium,Intermediate,Low,32,62,2.9,Yes,Intermediate,IB,18.23,"Textbooks, Workbooks"
Male,Elementary,High,Advanced,High,42,65,1.0,Yes,Fluent,State Board,16.0,"Textbooks, Workbooks"
Male,High School,Low,Advanced,Low,83,78,8.1,Yes,Basic,ICSE,49.55,"Textbooks, Workbooks"
Male,Elementary,High,Beginner,Medium,92,80,7.9,Yes,Intermediate,IB,49.83,"Textbooks, Workbooks"
Female,High School,Medium,Intermediate,High,35,79,0.8,Yes,Intermediate,State Board,30.13,"Textbooks, Workbooks"
Female,Elementary,Medium,Beginner,Medium,76,80,2.6,No,Basic,ICSE,46.08,"Textbooks, Workbooks"
Female,Elementary,Low,Beginner,Low,84,99,4.5,Yes,Fluent,State Board,40.72,"Textbooks, Workbooks"
Female,Elementary,Low,Advanced,Medium,78,63,5.4,No,Basic,IB,41.17,"Textbooks, Workbooks"
Male,Elementary,High,Beginner,High,86,84,5.2,Yes,Intermediate,State Board,55.84,"Educational Apps, Science Kits"
Female,Elementary,High,Intermediate,Medium,32,66,9.8,Yes,Basic,ICSE,25.56,"Textbooks, Workbooks"
Female,Elementary,Medium,Intermediate,High,51,66,7.6,Yes,Fluent,CBSE,39.09,"Textbooks, Workbooks"
Female,Elementary,Low,Intermediate,Medium,64,92,1.1,Yes,Intermediate,IB,38.99,"Textbooks, Workbooks"
Female,Elementary,Medium,Beginner,Low,57,85,2.9,Yes,Basic,IB,36.75,"Textbooks, Workbooks"
Female,High School,Medium,Intermediate,Low,71,76,3.5,Yes,Intermediate,ICSE,38.9,"Textbooks, Workbooks"
Male,Elementary,High,Intermediate,Medium,41,67,3.2,Yes,Fluent,State Board,22.15,"Textbooks, Workbooks"
Male,Elementary,Medium,Beginner,Low,30,85,7.9,Yes,Basic,ICSE,23.95,"Textbooks, Workbooks"
Female,High School,High,Beginner,Medium,52,74,3.6,Yes,Fluent,CBSE,29.9,"Textbooks, Workbooks"
Male,Elementary,Medium,Beginner,High,57,79,4.9,No,Intermediate,ICSE,31.46,"Textbooks, Workbooks"
Female,High School,Medium,Beginner,High,98,78,5.3,Yes,Intermediate,CBSE,52.13,"Educational Apps, Science Kits"
Female,Elementary,Medium,Advanced,Low,65,66,2.7,Yes,Fluent,IB,43.56,"Textbooks, Workbooks"
Male,High School,Low,Beginner,High,83,60,3.2,Yes,Intermediate,ICSE,46.55,"Textbooks, Workbooks"
Male,High School,High,Beginner,Medium,76,98,7.8,Yes,Fluent,ICSE,46.01,"Textbooks, Workbooks"
Female,Elementary,Medium,Intermediate,Low,85,96,8.7,No,Fluent,IB,56.37,"Educational Apps, Science Kits"
Female,High School,High,Intermediate,Low,39,77,0.4,Yes,Fluent,CBSE,29.63,"Textbooks, Workbooks"
Female,Elementary,Low,Beginner,Medium,34,67,6.1,Yes,Intermediate,CBSE,28.46,"Textbooks, Workbooks"
Male,Elementary,High,Beginner,Medium,43,74,6.3,No,Fluent,State Board,38.93,"Textbooks, Workbooks"
Female,Elementary,Low,Beginner,Low,53,65,7.4,Yes,Intermediate,ICSE,27.02,"Textbooks, Workbooks"
Female,Elementary,High,Intermediate,Low,92,96,6.9,No,Fluent,State Board,49.56,"Textbooks, Workbooks"
Female,High School,High,Intermediate,Low,57,81,8.8,Yes,Intermediate,IB,43.11,"Textbooks, Workbooks"
Male,Elementary,High,Beginner,High,50,70,0.8,Yes,Basic,ICSE,30.28,"Textbooks, Workbooks"
Female,High School,Medium,Intermediate,High,49,85,3.9,Yes,Fluent,CBSE,30.95,"Textbooks, Workbooks"
Female,High School,High,Intermediate,Medium,91,67,7.8,Yes,Basic,CBSE,42.25,"Textbooks, Workbooks"
Male,Elementary,Medium,Beginner,High,80,68,8.5,Yes,Basic,CBSE,38.79,"Textbooks, Workbooks"
Female,Elementary,Low,Intermediate,Medium,69,72,2.6,No,Fluent,IB,36.54,"Textbooks, Workbooks"
Female,Elementary,Medium,Beginner,High,94,62,5.9,Yes,Basic,IB,49.5,"Textbooks, Workbooks"
Male,Elementary,Low,Advanced,Low,57,62,1.8,Yes,Basic,State Board,36.23,"Textbooks, Workbooks"
Female,High School,High,Advanced,Medium,83,66,8.5,Yes,Fluent,IB,41.36,"Textbooks, Workbooks"
Male,Elementary,Low,Advanced,Low,31,62,7.3,No,Basic,IB,25.55,"Textbooks, Workbooks"
Male,High School,Medium,Intermediate,Medium,43,70,2.2,No,Fluent,State Board,23.87,"Textbooks, Workbooks"
Female,Elementary,Medium,Advanced,Low,43,87,6.2,Yes,Fluent,ICSE,35.8,"Textbooks, Workbooks"
Female,Elementary,Medium,Intermediate,Low,73,90,5.1,No,Basic,State Board,46.01,"Textbooks, Workbooks"
Female,Elementary,Medium,Beginner,Low,69,68,2.6,No,Fluent,CBSE,32.8,"Textbooks, Workbooks"
Female,Elementary,Low,Advanced,Medium,63,86,8.9,Yes,Basic,CBSE,37.14,"Textbooks, Workbooks"
Male,High School,Medium,Intermediate,High,94,71,1.5,Yes,Fluent,ICSE,51.73,"Educational Apps, Science Kits"
Female,High School,Medium,Advanced,Medium,47,67,4.7,Yes,Fluent,ICSE,30.91,"Textbooks, Workbooks"
Male,Elementary,High,Intermediate,High,63,81,5.8,Yes,Fluent,ICSE,39.73,"Textbooks, Workbooks"
Female,High School,High,Intermediate,Medium,78,77,8.2,Yes,Basic,ICSE,40.69,"Textbooks, Workbooks"
Female,High School,High,Beginner,Medium,84,89,1.5,No,Intermediate,ICSE,43.38,"Textbooks, Workbooks"
Female,Elementary,Low,Intermediate,Low,91,70,6.1,Yes,Basic,IB,44.15,"Textbooks, Workbooks"
Male,Elementary,Medium,Intermediate,High,99,61,0.1,No,Fluent,ICSE,40.77,"Textbooks, Workbooks"
Female,High School,Low,Advanced,Low,53,88,8.2,No,Basic,IB,35.16,"Textbooks, Workbooks"
Female,High School,Low,Beginner,Medium,77,85,2.3,No,Fluent,State Board,46.5,"Textbooks, Workbooks"
Female,High School,Medium,Intermediate,Medium,68,73,7.2,Yes,Intermediate,State Board,37.87,"Textbooks, Workbooks"
Female,High School,Medium,Advanced,Medium,77,87,6.0,Yes,Intermediate,ICSE,48.73,"Textbooks, Workbooks"
Male,Elementary,Medium,Beginner,Low,99,94,0.5,No,Basic,ICSE,43.98,"Textbooks, Workbooks"
Female,Elementary,Medium,Intermediate,Medium,38,65,1.8,Yes,Basic,State Board,30.8,"Textbooks, Workbooks"
Male,High School,High,Advanced,High,58,95,2.7,Yes,Intermediate,IB,38.05,"Textbooks, Workbooks"
Male,Elementary,Medium,Beginner,High,97,71,8.9,Yes,Basic,ICSE,54.33,"Educational Apps, Science Kits"
Male,High School,Medium,Beginner,High,89,93,4.8,Yes,Fluent,ICSE,42.11,"Textbooks, Workbooks"
Male,High School,Medium,Beginner,Medium,55,65,9.1,Yes,Fluent,ICSE,39.38,"Textbooks, Workbooks"
Male,Elementary,Medium,Beginner,Medium,67,96,0.5,Yes,Basic,State Board,47.84,"Textbooks, Workbooks"
Male,High School,Low,Intermediate,Low,91,96,0.1,No,Intermediate,ICSE,47.11,"Textbooks, Workbooks"
Female,High School,Medium,Intermediate,High,55,67,9.5,Yes,Fluent,State Board,48.05,"Textbooks, Workbooks"
Male,Elementary,Medium,Beginner,Medium,43,96,7.2,Yes,Fluent,ICSE,28.81,"Textbooks, Workbooks"
Male,Elementary,High,Beginner,Medium,78,99,7.8,Yes,Fluent,State Board,44.95,"Textbooks, Workbooks"
Male,High School,High,Intermediate,High,72,92,9.2,Yes,Fluent,IB,48.75,"Textbooks, Workbooks"
Female,High School,Medium,Advanced,Medium,37,90,9.8,Yes,Intermediate,ICSE,31.46,"Textbooks, Workbooks"
Female,Elementary,Medium,Beginner,Medium,69,93,1.0,Yes,Fluent,IB,48.31,"Textbooks, Workbooks"
Male,High School,Medium,Intermediate,Low,54,70,1.6,Yes,Intermediate,State Board,26.55,"Textbooks, Workbooks"
Female,High School,High,Intermediate,Medium,92,95,1.9,Yes,Intermediate,State Board,51.19,"Educational Apps, Science Kits"
Male,Elementary,Medium,Advanced,High,33,63,8.2,No,Intermediate,ICSE,25.4,"Textbooks, Workbooks"
Male,Elementary,Medium,Intermediate,Medium,44,76,3.6,Yes,Fluent,IB,22.15,"Textbooks, Workbooks"
Female,Elementary,Low,Beginner,Low,45,75,5.9,Yes,Fluent,State Board,31.8,"Textbooks, Workbooks"
Male,Elementary,Low,Intermediate,Low,83,89,8.6,Yes,Intermediate,IB,48.2,"Textbooks, Workbooks"
Female,Elementary,High,Beginner,Medium,40,98,6.8,Yes,Fluent,State Board,37.0,"Textbooks, Workbooks"
Female,Elementary,Medium,Intermediate,Medium,57,64,0.7,Yes,Fluent,IB,33.75,"Textbooks, Workbooks"
Male,High School,Medium,Beginner,Low,36,99,4.5,Yes,Fluent,State Board,29.21,"Textbooks, Workbooks"
Male,High School,Medium,Beginner,Medium,67,96,0.7,Yes,Intermediate,State Board,42.5,"Textbooks, Workbooks"
Female,Elementary,Medium,Intermediate,Medium,53,85,4.8,Yes,Intermediate,IB,36.02,"Textbooks, Workbooks"
Male,Elementary,High,Beginner,High,97,87,2.2,Yes,Fluent,CBSE,45.13,"Textbooks, Workbooks"
Male,High School,High,Intermediate,Low,66,78,0.0,Yes,Fluent,CBSE,32.11,"Textbooks, Workbooks"
Male,High School,Medium,Intermediate,High,64,80,8.1,Yes,Intermediate,ICSE,41.51,"Textbooks, Workbooks"
Female,High School,Low,Intermediate,Medium,35,87,9.7,Yes,Basic,ICSE,36.11,"Textbooks, Workbooks"
Female,Elementary,Medium,Beginner,Medium,62,78,9.6,Yes,Intermediate,CBSE,41.16,"Textbooks, Workbooks"
Male,Elementary,Medium,Intermediate,High,83,95,3.0,Yes,Fluent,State Board,45.02,"Textbooks, Workbooks"
Female,High School,Medium,Advanced,Low,43,70,8.3,Yes,Basic,State Board,29.67,"Textbooks, Workbooks"
Female,Elementary,Medium,Beginner,Medium,48,78,6.8,Yes,Fluent,CBSE,34.92,"Textbooks, Workbooks"
Female,Elementary,Low,Advanced,Medium,40,64,8.0,Yes,Intermediate,IB,31.61,"Textbooks, Workbooks"
Female,Elementary,Medium,Advanced,Medium,74,61,8.5,Yes,Fluent,IB,49.97,"Textbooks, Workbooks"
Female,High School,Low,Advanced,Medium,89,84,9.8,Yes,Basic,State Board,47.81,"Textbooks, Workbooks"
Male,High School,High,Advanced,Low,87,85,1.5,Yes,Fluent,IB,49.75,"Textbooks, Workbooks"
Male,Elementary,Medium,Intermediate,Medium,53,89,7.7,No,Intermediate,IB,41.96,"Textbooks, Workbooks"
Male,Elementary,High,Advanced,Medium,40,76,7.3,No,Intermediate,ICSE,31.51,"Textbooks, Workbooks"
Female,Elementary,Low,Beginner,High,73,80,2.9,Yes,Intermediate,IB,47.92,"Textbooks, Workbooks"
Female,Elementary,Medium,Advanced,Low,95,79,3.9,Yes,Intermediate,ICSE,47.61,"Textbooks, Workbooks"
Male,Elementary,High,Advanced,Low,74,77,1.8,No,Basic,CBSE,40.05,"Textbooks, Workbooks"
Female,High School,Medium,Advanced,Medium,61,75,9.1,Yes,Fluent,CBSE,38.84,"Textbooks, Workbooks"
Male,Elementary,High,Intermediate,Low,46,87,8.8,Yes,Fluent,State Board,39.92,"Textbooks, Workbooks"
Male,Elementary,Medium,Advanced,Medium,83,71,6.1,No,Basic,IB,44.57,"Textbooks, Workbooks"
Male,Elementary,Medium,Advanced,Low,39,99,5.1,No,Fluent,State Board,29.97,"Textbooks, Workbooks"
Female,High School,Medium,Advanced,Medium,35,65,2.3,No,Basic,IB,26.06,"Textbooks, Workbooks"
Female,High School,Medium,Beginner,High,49,83,7.9,No,Basic,State Board,43.36,"Textbooks, Workbooks"
Male,Elementary,Medium,Intermediate,High,30,65,0.1,Yes,Basic,State Board,18.38,"Textbooks, Workbooks"
Male,High School,Medium,Intermediate,Medium,93,76,4.6,No,Basic,ICSE,51.11,"Educational Apps, Science Kits"
Male,High School,Medium,Intermediate,High,30,78,8.6,Yes,Intermediate,ICSE,27.65,"Textbooks, Workbooks"
Male,High School,Medium,Beginner,High,90,87,6.2,No,Basic,IB,51.31,"Educational Apps, Science Kits"
Female,High School,Medium,Advanced,Medium,30,88,6.4,Yes,Basic,CBSE,32.25,"Textbooks, Workbooks"
Female,High School,Medium,Beginner,High,75,66,0.7,Yes,Intermediate,State Board,41.76,"Textbooks, Workbooks"
Male,High School,Low,Intermediate,Medium,89,78,2.9,Yes,Basic,State Board,41.7,"Textbooks, Workbooks"
Male,Elementary,Medium,Intermediate,Medium,72,67,6.7,Yes,Basic,IB,39.87,"Textbooks, Workbooks"
Female,High School,High,Intermediate,Medium,73,67,0.5,Yes,Intermediate,CBSE,33.62,"Textbooks, Workbooks"
Female,High School,High,Beginner,High,67,64,3.3,Yes,Basic,CBSE,38.73,"Textbooks, Workbooks"
Male,Elementary,Medium,Intermediate,Low,31,93,3.5,Yes,Fluent,State Board,31.43,"Textbooks, Workbooks"
Male,Elementary,High,Advanced,Low,41,80,5.0,Yes,Basic,IB,31.97,"Textbooks, Workbooks"
Male,Elementary,Medium,Beginner,Low,52,63,3.6,Yes,Intermediate,IB,30.52,"Textbooks, Workbooks"
Female,Elementary,High,Advanced,Low,38,95,4.5,No,Basic,State Board,35.94,"Textbooks, Workbooks"
Female,High School,High,Intermediate,Medium,37,64,5.5,Yes,Basic,CBSE,22.36,"Textbooks, Workbooks"
Female,High School,High,Intermediate,High,79,82,1.3,No,Intermediate,ICSE,41.66,"Textbooks, Workbooks"
Male,High School,Low,Beginner,Medium,91,78,1.8,No,Intermediate,ICSE,49.11,"Textbooks, Workbooks"
Male,High School,Medium,Advanced,Low,52,74,8.3,Yes,Fluent,ICSE,30.91,"Textbooks, Workbooks"
Female,Elementary,Low,Beginner,High,88,73,4.6,Yes,Fluent,State Board,43.61,"Textbooks, Workbooks"
Female,High School,High,Advanced,Medium,39,67,3.6,Yes,Fluent,CBSE,25.29,"Textbooks, Workbooks"
Male,High School,Medium,Intermediate,Medium,41,68,4.3,No,Fluent,CBSE,26.91,"Textbooks, Workbooks"
Female,Elementary,High,Beginner,Medium,91,99,1.7,No,Intermediate,ICSE,55.65,"Educational Apps, Science Kits"
Female,High School,Medium,Beginner,High,59,70,2.4,Yes,Fluent,IB,24.53,"Textbooks, Workbooks"
Male,High School,High,Advanced,Medium,97,77,5.2,Yes,Fluent,IB,47.62,"Textbooks, Workbooks"
Female,High School,Low,Intermediate,Low,76,91,3.6,No,Intermediate,State Board,45.76,"Textbooks, Workbooks"
Male,High School,Low,Intermediate,Medium,70,95,4.8,Yes,Basic,IB,46.53,"Textbooks, Workbooks"
Male,Elementary,Medium,Advanced,High,36,80,1.5,Yes,Basic,CBSE,31.0,"Textbooks, Workbooks"
Male,Elementary,Medium,Advanced,Medium,81,86,1.6,No,Basic,CBSE,36.71,"Textbooks, Workbooks"
Male,Elementary,Medium,Advanced,Low,74,80,3.8,No,Basic,State Board,46.16,"Textbooks, Workbooks"
Male,Elementary,High,Advanced,Low,67,70,3.8,Yes,Basic,IB,41.78,"Textbooks, Workbooks"
Male,Elementary,Low,Advanced,Medium,65,93,8.8,Yes,Intermediate,CBSE,41.26,"Textbooks, Workbooks"
Male,High School,Medium,Intermediate,Medium,87,64,0.3,No,Fluent,State Board,36.12,"Textbooks, Workbooks"
Female,High School,High,Intermediate,Medium,75,87,9.9,Yes,Fluent,IB,42.73,"Textbooks, Workbooks"
Male,Elementary,Low,Beginner,High,96,69,9.6,No,Fluent,ICSE,42.19,"Textbooks, Workbooks"
Male,Elementary,High,Intermediate,High,94,71,5.4,No,Basic,State Board,55.96,"Educational Apps, Science Kits"
Female,Elementary,High,Advanced,Low,47,62,7.2,Yes,Intermediate,ICSE,32.24,"Textbooks, Workbooks"
Female,High School,Low,Intermediate,Medium,31,60,9.4,Yes,Basic,State Board,20.71,"Textbooks, Workbooks"
Female,Elementary,Medium,Intermediate,Low,33,96,2.5,Yes,Intermediate,IB,19.64,"Textbooks, Workbooks"
Male,High School,Medium,Intermediate,High,71,99,3.2,Yes,Intermediate,State Board,38.68,"Textbooks, Workbooks"
Female,High School,High,Beginner,Medium,78,60,1.1,Yes,Basic,CBSE,34.99,"Textbooks, Workbooks"
Male,High School,Medium,Beginner,Low,78,72,5.6,Yes,Intermediate,ICSE,45.61,"Textbooks, Workbooks"
Male,High School,Medium,Advanced,High,36,97,1.6,Yes,Basic,IB,33.78,"Textbooks, Workbooks"
Male,Elementary,High,Advanced,High,38,74,9.3,Yes,Fluent,ICSE,33.89,"Textbooks, Workbooks"
Male,High School,Low,Beginner,Low,56,66,4.3,Yes,Intermediate,State Board,33.5,"Textbooks, Workbooks"
Female,High School,High,Intermediate,Low,50,89,9.2,Yes,Intermediate,State Board,40.33,"Textbooks, Workbooks"
Female,Elementary,High,Intermediate,Medium,64,83,2.1,Yes,Fluent,State Board,42.06,"Textbooks, Workbooks"
Male,High School,Medium,Beginner,Medium,65,67,6.9,No,Fluent,State Board,38.89,"Textbooks, Workbooks"
Male,High School,High,Advanced,High,96,62,6.5,Yes,Intermediate,State Board,49.76,"Textbooks, Workbooks"
Male,High School,High,Intermediate,Medium,72,74,4.0,No,Fluent,State Board,34.85,"Textbooks, Workbooks"
Female,Elementary,Medium,Advanced,Medium,37,95,9.0,Yes,Fluent,CBSE,36.45,"Textbooks, Workbooks"
Male,High School,Medium,Intermediate,High,65,73,4.3,Yes,Intermediate,ICSE,35.29,"Textbooks, Workbooks"
Male,High School,Medium,Advanced,Medium,77,86,2.0,Yes,Basic,State Board,43.23,"Textbooks, Workbooks"
Female,Elementary,Low,Intermediate,Medium,75,89,9.8,No,Intermediate,ICSE,46.49,"Textbooks, Workbooks"
Female,Elementary,High,Advanced,Medium,61,96,4.4,No,Intermediate,IB,41.53,"Textbooks, Workbooks"
Male,High School,Low,Advanced,High,36,65,2.1,No,Basic,ICSE,21.29,"Textbooks, Workbooks"
Female,High School,Medium,Advanced,Low,41,78,3.6,Yes,Fluent,ICSE,25.42,"Textbooks, Workbooks"
Female,Elementary,Medium,Beginner,Low,84,96,6.1,Yes,Intermediate,CBSE,45.62,"Textbooks, Workbooks"
Male,High School,Low,Advanced,Low,52,60,5.1,Yes,Fluent,CBSE,28.35,"Textbooks, Workbooks"
Female,Elementary,High,Beginner,High,81,84,6.4,No,Fluent,ICSE,47.57,"Textbooks, Workbooks"
Male,High School,High,Beginner,Medium,42,69,6.6,Yes,Basic,ICSE,34.16,"Textbooks, Workbooks"
Female,Elementary,Medium,Advanced,Medium,82,85,1.2,No,Intermediate,IB,43.06,"Textbooks, Workbooks"
Male,High School,Medium,Beginner,High,92,82,3.1,Yes,Basic,ICSE,47.39,"Textbooks, Workbooks"
Male,Elementary,Low,Beginner,High,80,76,7.5,No,Basic,IB,46.06,"Textbooks, Workbooks"
Male,Elementary,Medium,Beginner,High,87,89,6.5,Yes,Basic,CBSE,53.76,"Educational Apps, Science Kits"
Female,Elementary,Medium,Intermediate,Low,56,86,0.9,No,Intermediate,CBSE,29.33,"Textbooks, Workbooks"
Male,Elementary,Medium,Advanced,High,36,70,3.2,Yes,Intermediate,ICSE,27.33,"Textbooks, Workbooks"
Female,Elementary,High,Beginner,Medium,79,63,9.3,Yes,Basic,IB,45.28,"Textbooks, Workbooks"
Male,High School,Medium,Advanced,Low,53,77,8.6,Yes,Intermediate,IB,41.33,"Textbooks, Workbooks"
Male,High School,High,Beginner,Medium,54,78,6.7,No,Intermediate,ICSE,33.27,"Textbooks, Workbooks"
Female,Elementary,Medium,Advanced,Medium,73,95,0.7,Yes,Fluent,IB,47.34,"Textbooks, Workbooks"
Male,High School,Medium,Beginner,Low,65,85,6.1,No,Fluent,ICSE,40.47,"Textbooks, Workbooks"
Male,High School,High,Intermediate,Medium,86,60,0.1,Yes,Basic,CBSE,33.68,"Textbooks, Workbooks"
Female,High School,Medium,Intermediate,High,66,79,6.6,Yes,Basic,State Board,38.51,"Textbooks, Workbooks"
Male,High School,High,Intermediate,Medium,81,70,7.3,Yes,Fluent,State Board,47.69,"Textbooks, Workbooks"
Male,High School,Medium,Beginner,Medium,92,84,5.0,No,Fluent,ICSE,48.01,"Textbooks, Workbooks"
Male,High School,Low,Advanced,Medium,36,78,0.0,Yes,Fluent,State Board,22.02,"Textbooks, Workbooks"
Male,Elementary,High,Beginner,High,89,91,6.7,Yes,Intermediate,CBSE,56.13,"Educational Apps, Science Kits"
Female,High School,Medium,Intermediate,Low,66,60,8.2,Yes,Fluent,CBSE,41.17,"Textbooks, Workbooks"
Female,High School,High,Beginner,Medium,50,60,5.9,Yes,Basic,CBSE,30.61,"Textbooks, Workbooks"
Male,High School,High,Advanced,Low,75,62,7.1,Yes,Fluent,IB,42.25,"Textbooks, Workbooks"
Female,Elementary,Low,Intermediate,High,50,99,0.9,Yes,Fluent,IB,37.67,"Textbooks, Workbooks"
Male,High School,Medium,Beginner,Low,81,91,7.2,Yes,Fluent,ICSE,53.08,"Educational Apps, Science Kits"
Female,High School,Medium,Advanced,Medium,58,95,6.1,Yes,Basic,IB,37.86,"Textbooks, Workbooks"
Male,High School,Medium,Intermediate,Medium,98,67,3.3,Yes,Basic,State Board,49.71,"Textbooks, Workbooks"
Male,Elementary,High,Advanced,High,68,89,6.9,No,Basic,State Board,51.17,"Educational Apps, Science Kits"
Male,High School,Medium,Advanced,Low,56,98,6.5,No,Basic,IB,37.84,"Textbooks, Workbooks"
Male,Elementary,Medium,Intermediate,Medium,39,93,6.0,Yes,Fluent,IB,35.18,"Textbooks, Workbooks"
Male,High School,High,Beginner,Low,65,67,1.8,Yes,Basic,CBSE,36.31,"Textbooks, Workbooks"
Male,Elementary,Low,Beginner,High,45,84,3.0,Yes,Fluent,CBSE,30.86,"Textbooks, Workbooks"
Female,Elementary,High,Beginner,Medium,65,85,9.9,Yes,Fluent,CBSE,40.41,"Textbooks, Workbooks"
Male,Elementary,Medium,Beginner,Medium,63,86,4.3,No,Intermediate,CBSE,35.24,"Textbooks, Workbooks"
Female,High School,High,Advanced,Medium,66,78,0.6,No,Basic,CBSE,34.64,"Textbooks, Workbooks"
Male,Elementary,Medium,Beginner,Medium,97,82,9.0,Yes,Basic,State Board,50.09,"Educational Apps, Science Kits"
Female,Elementary,Low,Beginner,Low,88,75,1.7,Yes,Intermediate,IB,37.39,"Textbooks, Workbooks"
Female,Elementary,Medium,Advanced,Medium,58,67,4.0,No,Fluent,ICSE,28.67,"Textbooks, Workbooks"
Female,Elementary,Low,Advanced,High,60,89,2.8,Yes,Basic,IB,34.99,"Textbooks, Workbooks"
Male,High School,High,Intermediate,Medium,95,67,9.6,Yes,Fluent,State Board,50.08,"Educational Apps, Science Kits"
Male,High School,Low,Advanced,High,32,70,3.8,Yes,Intermediate,ICSE,23.06,"Textbooks, Workbooks"
Female,High School,High,Intermediate,Low,98,66,7.1,No,Basic,State Board,45.83,"Textbooks, Workbooks"
Male,High School,Medium,Intermediate,High,51,80,6.0,Yes,Fluent,CBSE,39.46,"Textbooks, Workbooks"
Female,Elementary,Medium,Beginner,Medium,82,93,0.4,Yes,Fluent,ICSE,38.6,"Textbooks, Workbooks"
Male,High School,Low,Beginner,Medium,77,80,3.8,Yes,Intermediate,State Board,42.25,"Textbooks, Workbooks"
Female,Elementary,Medium,Beginner,Medium,76,64,3.9,Yes,Fluent,IB,44.21,"Textbooks, Workbooks"
Female,High School,Medium,Advanced,High,71,76,9.9,Yes,Intermediate,State Board,45.15,"Textbooks, Workbooks"
Male,High School,Medium,Advanced,High,33,80,8.1,Yes,Intermediate,State Board,40.46,"Textbooks, Workbooks"
Female,High School,High,Beginner,Medium,71,65,8.6,Yes,Intermediate,IB,43.73,"Textbooks, Workbooks"
Male,Elementary,Medium,Beginner,Medium,72,66,3.1,Yes,Basic,IB,36.58,"Textbooks, Workbooks"
Female,High School,Medium,Advanced,Low,71,70,3.3,Yes,Intermediate,CBSE,36.1,"Textbooks, Workbooks"
Female,High School,Medium,Intermediate,Medium,32,77,5.2,No,Basic,IB,30.74,"Textbooks, Workbooks"
Male,High School,Low,Intermediate,Medium,88,97,6.3,Yes,Fluent,IB,53.28,"Educational Apps, Science Kits"
Male,Elementary,High,Beginner,Medium,40,71,7.3,No,Basic,CBSE,33.36,"Textbooks, Workbooks"
Male,High School,Medium,Beginner,Medium,64,81,8.2,Yes,Fluent,State Board,38.87,"Textbooks, Workbooks"
Female,High School,Low,Beginner,High,79,62,8.7,Yes,Intermediate,State Board,42.7,"Textbooks, Workbooks"
Male,Elementary,Medium,Intermediate,High,92,78,0.2,Yes,Basic,IB,38.02,"Textbooks, Workbooks"
Female,Elementary,Medium,Beginner,Low,99,82,8.0,Yes,Basic,CBSE,52.93,"Educational Apps, Science Kits"
Female,High School,Medium,Intermediate,High,35,93,6.1,Yes,Basic,State Board,33.72,"Textbooks, Workbooks"
Male,High School,Medium,Advanced,Low,61,62,5.3,Yes,Intermediate,State Board,32.29,"Textbooks, Workbooks"
Male,High School,Low,Advanced,High,40,82,6.3,Yes,Intermediate,State Board,30.66,"Textbooks, Workbooks"
Female,Elementary,Medium,Advanced,Low,72,64,8.8,No,Basic,State Board,40.73,"Textbooks, Workbooks"
Female,Elementary,High,Beginner,High,68,88,5.5,No,Intermediate,IB,43.32,"Textbooks, Workbooks"
Male,Elementary,Low,Advanced,Medium,42,93,1.6,Yes,Intermediate,State Board,25.96,"Textbooks, Workbooks"
Male,High School,High,Intermediate,Medium,42,64,4.4,Yes,Basic,CBSE,25.95,"Textbooks, Workbooks"
Male,Elementary,Low,Intermediate,Medium,68,88,9.2,Yes,Intermediate,CBSE,39.61,"Textbooks, Workbooks"
Male,High School,High,Intermediate,Low,75,83,8.1,Yes,Fluent,IB,44.35,"Textbooks, Workbooks"
Male,Elementary,Medium,Beginner,Low,63,98,2.0,No,Basic,ICSE,40.33,"Textbooks, Workbooks"
Female,Elementary,Medium,Beginner,Medium,96,80,7.1,Yes,Intermediate,State Board,53.39,"Educational Apps, Science Kits"
Female,Elementary,Low,Intermediate,High,61,91,2.6,Yes,Fluent,IB,40.2,"Textbooks, Workbooks"
Female,High School,Low,Intermediate,Medium,97,64,3.5,Yes,Basic,ICSE,43.95,"Textbooks, Workbooks"
Female,High School,Medium,Intermediate,Low,94,77,4.7,Yes,Fluent,IB,52.33,"Educational Apps, Science Kits"
Male,High School,Low,Intermediate,Medium,36,97,4.4,Yes,Intermediate,IB,39.55,"Textbooks, Workbooks"
Male,High School,Medium,Advanced,Medium,32,94,0.3,Yes,Fluent,ICSE,25.55,"Textbooks, Workbooks"
Male,Elementary,Medium,Intermediate,Medium,98,97,7.7,Yes,Fluent,CBSE,55.63,"Educational Apps, Science Kits"
Female,High School,Medium,Beginner,High,78,75,8.5,Yes,Basic,ICSE,44.51,"Textbooks, Workbooks"
Female,Elementary,High,Beginner,Medium,87,94,5.3,Yes,Basic,State Board,47.57,"Textbooks, Workbooks"
Male,High School,Medium,Beginner,Low,57,83,1.7,Yes,Fluent,ICSE,31.53,"Textbooks, Workbooks"
Male,High School,Medium,Beginner,Low,56,95,2.5,No,Fluent,State Board,38.67,"Textbooks, Workbooks"
Female,Elementary,Medium,Beginner,Medium,51,64,1.3,No,Fluent,State Board,33.53,"Textbooks, Workbooks"
Female,Elementary,Medium,Intermediate,Medium,42,68,1.7,Yes,Intermediate,CBSE,21.29,"Textbooks, Workbooks"
Male,High School,Medium,Intermediate,Low,51,63,8.8,Yes,Intermediate,IB,37.27,"Textbooks, Workbooks"
Male,High School,High,Advanced,High,34,92,4.8,No,Intermediate,ICSE,27.18,"Textbooks, Workbooks"
Female,Elementary,Medium,Advanced,Medium,51,86,1.1,No,Basic,State Board,33.84,"Textbooks, Workbooks"
Male,Elementary,Low,Advanced,Medium,82,81,2.5,Yes,Basic,ICSE,44.34,"Textbooks, Workbooks"
Male,Elementary,Medium,Intermediate,Low,68,70,9.5,No,Basic,ICSE,44.27,"Textbooks, Workbooks"
Male,Elementary,Medium,Advanced,High,66,64,5.1,Yes,Basic,State Board,38.13,"Textbooks, Workbooks"
Female,Elementary,High,Intermediate,High,60,69,5.2,Yes,Fluent,State Board,34.56,"Textbooks, Workbooks"
Female,High School,High,Beginner,Low,91,62,5.3,Yes,Basic,IB,44.38,"Textbooks, Workbooks"
Female,High School,Low,Intermediate,High,35,74,1.1,Yes,Basic,ICSE,30.58,"Textbooks, Workbooks"
Female,High School,Low,Intermediate,Medium,63,96,9.7,Yes,Fluent,State Board,45.55,"Textbooks, Workbooks"
Female,High School,Medium,Beginner,Medium,81,99,0.8,Yes,Fluent,IB,46.7,"Textbooks, Workbooks"
Female,Elementary,Medium,Beginner,High,59,76,7.0,Yes,Intermediate,ICSE,37.0,"Textbooks, Workbooks"
Female,Elementary,Medium,Beginner,High,42,79,0.6,Yes,Fluent,ICSE,27.53,"Textbooks, Workbooks"
Male,Elementary,High,Advanced,High,87,63,4.4,Yes,Fluent,State Board,47.52,"Textbooks, Workbooks"
Male,High School,Medium,Advanced,High,82,93,9.0,Yes,Basic,CBSE,46.47,"Textbooks, Workbooks"
Male,Elementary,Medium,Advanced,High,49,93,7.7,Yes,Fluent,State Board,38.31,"Textbooks, Workbooks"
Male,Elementary,Low,Beginner,Low,35,90,3.3,Yes,Intermediate,ICSE,28.72,"Textbooks, Workbooks"
Male,High School,High,Advanced,Medium,84,93,5.5,Yes,Fluent,CBSE,53.1,"Educational Apps, Science Kits"
Male,High School,Medium,Beginner,Medium,60,62,1.7,Yes,Intermediate,State Board,38.65,"Textbooks, Workbooks"
Male,High School,High,Beginner,High,88,87,9.6,Yes,Basic,CBSE,54.85,"Educational Apps, Science Kits"
Female,Elementary,Medium,Beginner,Medium,48,96,7.1,Yes,Fluent,IB,43.89,"Textbooks, Workbooks"
Female,Elementary,Medium,Advanced,Low,99,88,3.7,Yes,Intermediate,State Board,46.58,"Textbooks, Workbooks"
Male,High School,High,Advanced,High,57,74,3.2,Yes,Intermediate,ICSE,22.7,"Textbooks, Workbooks"
Male,High School,High,Beginner,High,42,95,2.4,No,Basic,ICSE,33.59,"Textbooks, Workbooks"
Female,Elementary,Medium,Advanced,Medium,81,94,7.9,Yes,Fluent,CBSE,52.56,"Educational Apps, Science Kits"
Male,High School,Medium,Intermediate,Low,90,69,4.3,Yes,Basic,CBSE,43.57,"Textbooks, Workbooks"
Male,Elementary,High,Advanced,Low,70,76,3.3,Yes,Intermediate,IB,36.33,"Textbooks, Workbooks"
Female,High School,Medium,Beginner,Low,74,89,9.1,Yes,Basic,State Board,48.48,"Textbooks, Workbooks"
Male,High School,Low,Beginner,Medium,36,67,1.5,Yes,Intermediate,IB,30.22,"Textbooks, Workbooks"
Female,High School,High,Beginner,High,43,82,2.6,Yes,Fluent,CBSE,31.51,"Textbooks, Workbooks"
Male,Elementary,Low,Intermediate,Low,65,78,3.4,Yes,Intermediate,ICSE,41.42,"Textbooks, Workbooks"
Female,Elementary,Low,Beginner,Medium,37,96,2.6,Yes,Fluent,IB,34.17,"Textbooks, Workbooks"
Female,High School,Low,Beginner,Medium,41,95,5.9,Yes,Intermediate,State Board,36.66,"Textbooks, Workbooks"
Female,Elementary,Medium,Advanced,Low,69,63,6.0,Yes,Basic,ICSE,43.46,"Textbooks, Workbooks"
Male,High School,Medium,Intermediate,Medium,91,85,0.5,Yes,Basic,State Board,42.37,"Textbooks, Workbooks"
Female,High School,Medium,Advanced,High,43,99,1.4,Yes,Intermediate,CBSE,29.55,"Textbooks, Workbooks"
Male,Elementary,Medium,Beginner,High,78,86,2.0,Yes,Intermediate,CBSE,39.65,"Textbooks, Workbooks"
Male,Elementary,Medium,Beginner,Medium,80,72,0.7,Yes,Basic,State Board,40.38,"Textbooks, Workbooks"
Male,Elementary,Medium,Intermediate,High,91,93,1.2,Yes,Basic,State Board,52.33,"Educational Apps, Science Kits"
Male,Elementary,Low,Beginner,Medium,34,92,2.4,Yes,Intermediate,CBSE,31.54,"Textbooks, Workbooks"
Female,High School,High,Intermediate,Low,96,85,3.5,No,Intermediate,IB,38.53,"Textbooks, Workbooks"
Female,Elementary,Medium,Advanced,Low,30,79,7.9,Yes,Basic,IB,42.36,"Textbooks, Workbooks"
Male,Elementary,High,Intermediate,Medium,78,67,2.2,Yes,Fluent,State Board,41.02,"Textbooks, Workbooks"
Male,High School,Low,Advanced,Low,46,75,6.7,Yes,Fluent,State Board,38.74,"Textbooks, Workbooks"
Female,High School,High,Beginner,Low,64,64,0.6,Yes,Fluent,CBSE,34.59,"Textbooks, Workbooks"
Male,High School,Medium,Advanced,Medium,96,93,6.6,Yes,Fluent,State Board,47.63,"Textbooks, Workbooks"
Female,High School,Low,Advanced,Medium,42,86,7.9,Yes,Basic,State Board,37.44,"Textbooks, Workbooks"
Male,Elementary,High,Advanced,Low,66,95,6.0,Yes,Intermediate,ICSE,38.18,"Textbooks, Workbooks"
Male,Elementary,High,Intermediate,Low,67,63,2.0,Yes,Fluent,State Board,36.23,"Textbooks, Workbooks"
Female,High School,Medium,Advanced,Medium,35,66,3.3,Yes,Basic,State Board,27.74,"Textbooks, Workbooks"
Male,High School,High,Intermediate,Medium,92,96,8.1,No,Fluent,State Board,57.87,"Educational Apps, Science Kits"
Female,Elementary,Medium,Intermediate,Medium,78,95,4.3,Yes,Intermediate,IB,44.08,"Textbooks, Workbooks"
Male,Elementary,High,Intermediate,High,38,83,2.6,Yes,Basic,CBSE,18.93,"Textbooks, Workbooks"
Male,Elementary,Medium,Beginner,Low,65,74,9.3,Yes,Intermediate,CBSE,41.09,"Textbooks, Workbooks"
Male,Elementary,Medium,Beginner,Low,52,65,6.4,No,Intermediate,ICSE,36.53,"Textbooks, Workbooks"
Female,Elementary,Medium,Beginner,Low,86,85,8.1,No,Basic,IB,50.07,"Educational Apps, Science Kits"
Male,High School,Medium,Intermediate,Low,79,85,0.2,Yes,Intermediate,IB,40.8,"Textbooks, Workbooks"
Male,High School,High,Beginner,High,88,84,3.4,Yes,Intermediate,CBSE,44.88,"Textbooks, Workbooks"
Male,High School,Low,Advanced,Medium,36,92,4.6,Yes,Fluent,State Board,34.73,"Textbooks, Workbooks"
Male,High School,Low,Intermediate,Medium,76,62,5.9,Yes,Intermediate,CBSE,47.11,"Textbooks, Workbooks"
Female,Elementary,Medium,Beginner,High,85,68,1.9,Yes,Intermediate,State Board,40.88,"Textbooks, Workbooks"
Female,High School,Medium,Intermediate,Low,37,96,5.0,Yes,Intermediate,State Board,36.11,"Textbooks, Workbooks"
Male,Elementary,Low,Beginner,Low,65,97,6.9,No,Fluent,IB,47.87,"Textbooks, Workbooks"
Female,Elementary,Medium,Advanced,High,71,89,3.5,No,Intermediate,CBSE,38.42,"Textbooks, Workbooks"
Male,Elementary,High,Intermediate,High,68,86,6.9,Yes,Intermediate,ICSE,39.4,"Textbooks, Workbooks"
Male,Elementary,Medium,Beginner,Medium,94,72,3.9,Yes,Fluent,CBSE,51.44,"Educational Apps, Science Kits"
Male,Elementary,Medium,Beginner,Medium,73,82,4.7,Yes,Fluent,ICSE,39.12,"Textbooks, Workbooks"
Female,Elementary,High,Advanced,High,75,62,1.3,Yes,Basic,IB,35.6,"Textbooks, Workbooks"
Female,Elementary,Medium,Advanced,Low,42,82,6.5,Yes,Basic,State Board,34.98,"Textbooks, Workbooks"
Female,High School,High,Beginner,Low,66,94,2.2,Yes,Intermediate,CBSE,35.93,"Textbooks, Workbooks"
Female,Elementary,High,Beginner,Low,43,83,8.3,Yes,Fluent,IB,34.68,"Textbooks, Workbooks"
Female,High School,Medium,Intermediate,Medium,42,96,5.5,No,Basic,IB,36.29,"Textbooks, Workbooks"
Female,High School,Medium,Intermediate,Low,41,71,5.6,Yes,Basic,State Board,22.6,"Textbooks, Workbooks"
Female,Elementary,Medium,Beginner,Medium,84,79,9.1,Yes,Fluent,ICSE,49.39,"Textbooks, Workbooks"
Female,Elementary,Medium,Advanced,High,57,77,1.7,Yes,Intermediate,State Board,27.76,"Textbooks, Workbooks"
Female,High School,High,Intermediate,Medium,51,66,5.3,Yes,Intermediate,CBSE,30.69,"Textbooks, Workbooks"
Male,High School,Medium,Beginner,Low,48,85,3.8,Yes,Fluent,IB,32.87,"Textbooks, Workbooks"
Female,High School,Medium,Advanced,Medium,59,71,9.7,No,Intermediate,State Board,31.0,"Textbooks, Workbooks"
Female,High School,Medium,Advanced,High,83,93,7.9,Yes,Fluent,ICSE,48.35,"Textbooks, Workbooks"
Female,Elementary,Low,Beginner,Low,44,91,7.6,No,Intermediate,ICSE,30.28,"Textbooks, Workbooks"
Female,Elementary,Low,Beginner,Low,59,89,2.0,Yes,Basic,ICSE,30.25,"Textbooks, Workbooks"
Female,Elementary,High,Intermediate,Medium,58,61,2.4,Yes,Fluent,IB,31.48,"Textbooks, Workbooks"
Female,High School,Medium,Beginner,Low,61,67,0.3,Yes,Intermediate,State Board,36.09,"Textbooks, Workbooks"
Female,Elementary,Medium,Intermediate,High,59,92,6.4,No,Intermediate,IB,43.62,"Textbooks, Workbooks"
Female,High School,Medium,Advanced,Medium,45,89,3.7,Yes,Fluent,ICSE,30.14,"Textbooks, Workbooks"
Female,Elementary,High,Intermediate,Low,65,87,3.1,Yes,Intermediate,State Board,34.02,"Textbooks, Workbooks"
Female,High School,Medium,Beginner,High,77,72,6.4,No,Basic,CBSE,42.25,"Textbooks, Workbooks"
Female,Elementary,High,Intermediate,Medium,57,83,8.3,Yes,Intermediate,ICSE,43.01,"Textbooks, Workbooks"
Male,Elementary,Medium,Advanced,Low,91,92,1.3,No,Basic,State Board,48.72,"Textbooks, Workbooks"
Male,High School,High,Advanced,Low,85,64,9.2,Yes,Intermediate,IB,42.51,"Textbooks, Workbooks"
Female,High School,Medium,Beginner,Medium,85,65,0.3,Yes,Basic,CBSE,37.64,"Textbooks, Workbooks"
Female,High School,Medium,Intermediate,Low,46,63,1.0,Yes,Basic,State Board,23.51,"Textbooks, Workbooks"
Male,High School,Medium,Beginner,Low,91,93,8.4,Yes,Intermediate,State Board,41.4,"Textbooks, Workbooks"
Female,High School,Medium,Beginner,Low,50,88,4.9,No,Intermediate,ICSE,39.99,"Textbooks, Workbooks"
Male,Elementary,Low,Advanced,Low,66,80,9.4,Yes,Fluent,State Board,45.51,"Textbooks, Workbooks"
Male,High School,Medium,Intermediate,Medium,63,85,4.6,Yes,Basic,IB,45.32,"Textbooks, Workbooks"
Male,Elementary,Medium,Beginner,High,58,91,9.3,Yes,Fluent,IB,47.98,"Textbooks, Workbooks"
Male,Elementary,Low,Advanced,High,97,81,2.4,Yes,Intermediate,ICSE,48.58,"Textbooks, Workbooks"
Male,Elementary,High,Beginner,Medium,89,73,6.2,Yes,Fluent,CBSE,51.28,"Educational Apps, Science Kits"
Female,Elementary,Medium,Intermediate,High,40,93,9.9,Yes,Basic,CBSE,36.04,"Textbooks, Workbooks"
Male,Elementary,High,Beginner,Low,89,96,3.8,Yes,Basic,State Board,50.2,"Educational Apps, Science Kits"
Female,High School,Medium,Intermediate,Low,63,60,0.0,No,Fluent,ICSE,28.81,"Textbooks, Workbooks"
Female,High School,Medium,Advanced,Medium,62,91,0.6,Yes,Basic,IB,36.41,"Textbooks, Workbooks"
Male,Elementary,Medium,Advanced,Medium,39,91,8.6,No,Fluent,ICSE,37.82,"Textbooks, Workbooks"
Male,Elementary,Medium,Beginner,Medium,89,83,4.9,No,Basic,State Board,50.31,"Educational Apps, Science Kits"
Female,High School,High,Advanced,Low,55,80,5.4,No,Fluent,IB,26.6,"Textbooks, Workbooks"
Male,High School,Medium,Beginner,Low,54,71,8.0,Yes,Intermediate,State Board,40.08,"Textbooks, Workbooks"
Male,Elementary,High,Beginner,Medium,31,79,8.1,No,Basic,IB,25.25,"Textbooks, Workbooks"
Female,High School,High,Intermediate,High,32,96,4.8,Yes,Basic,IB,28.49,"Textbooks, Workbooks"
Female,High School,Medium,Beginner,Medium,61,79,8.6,Yes,Basic,IB,33.36,"Textbooks, Workbooks"
Male,High School,High,Intermediate,Low,30,61,4.7,No,Fluent,ICSE,21.4,"Textbooks, Workbooks"
Female,Elementary,Medium,Beginner,High,53,73,6.8,Yes,Basic,IB,41.31,"Textbooks, Workbooks"
Male,High School,High,Intermediate,Low,79,76,0.3,Yes,Intermediate,CBSE,40.82,"Textbooks, Workbooks"
Male,Elementary,High,Advanced,Low,72,83,1.4,Yes,Intermediate,CBSE,39.58,"Textbooks, Workbooks"
Male,Elementary,Low,Beginner,Medium,73,89,8.5,Yes,Basic,State Board,54.32,"Educational Apps, Science Kits"
Female,Elementary,High,Intermediate,High,62,74,3.1,Yes,Intermediate,State Board,32.64,"Textbooks, Workbooks"
Female,Elementary,Medium,Beginner,High,67,93,3.3,No,Basic,ICSE,41.58,"Textbooks, Workbooks"
Female,Elementary,Medium,Intermediate,Medium,81,67,6.6,Yes,Fluent,IB,48.64,"Textbooks, Workbooks"
Female,High School,Medium,Intermediate,Medium,64,62,5.9,Yes,Fluent,IB,40.4,"Textbooks, Workbooks"
Female,Elementary,Low,Beginner,Medium,46,70,0.8,Yes,Fluent,IB,30.39,"Textbooks, Workbooks"
Male,Elementary,Medium,Beginner,Low,87,86,7.7,Yes,Basic,ICSE,54.45,"Educational Apps, Science Kits"
Male,Elementary,High,Advanced,High,77,68,6.2,Yes,Fluent,CBSE,45.93,"Textbooks, Workbooks"
Male,High School,Low,Advanced,Medium,72,74,8.6,Yes,Intermediate,IB,46.2,"Textbooks, Workbooks"
Male,High School,Medium,Advanced,Low,77,91,5.4,Yes,Basic,State Board,40.31,"Textbooks, Workbooks"
Female,High School,Low,Beginner,Medium,73,70,4.1,Yes,Intermediate,CBSE,39.71,"Textbooks, Workbooks"
Male,High School,Medium,Advanced,Medium,62,62,3.7,Yes,Fluent,IB,38.56,"Textbooks, Workbooks"
Female,High School,High,Intermediate,High,31,85,0.0,Yes,Basic,IB,21.66,"Textbooks, Workbooks"
Male,High School,High,Beginner,High,39,66,0.4,No,Intermediate,CBSE,21.48,"Textbooks, Workbooks"
Female,High School,High,Intermediate,Low,57,87,1.3,Yes,Intermediate,ICSE,34.86,"Textbooks, Workbooks"
Female,Elementary,Medium,Intermediate,High,76,98,9.3,Yes,Fluent,IB,53.9,"Educational Apps, Science Kits"
Male,Elementary,Medium,Intermediate,Medium,37,63,8.8,No,Fluent,ICSE,26.77,"Textbooks, Workbooks"
Male,High School,High,Beginner,Low,52,89,5.0,Yes,Intermediate,State Board,33.34,"Textbooks, Workbooks"
Male,Elementary,High,Beginner,Medium,77,97,1.8,No,Fluent,IB,35.63,"Textbooks, Workbooks"
Male,Elementary,Medium,Advanced,Medium,92,73,1.5,Yes,Basic,IB,40.77,"Textbooks, Workbooks"
Female,High School,Medium,Advanced,Low,66,95,2.6,Yes,Basic,IB,43.28,"Textbooks, Workbooks"
Male,Elementary,High,Advanced,Medium,41,90,9.1,Yes,Intermediate,IB,32.91,"Textbooks, Workbooks"
Male,Elementary,High,Advanced,Medium,94,78,5.2,Yes,Basic,ICSE,44.28,"Textbooks, Workbooks"
Female,High School,Medium,Intermediate,Low,44,71,8.0,Yes,Intermediate,ICSE,31.68,"Textbooks, Workbooks"
Male,Elementary,High,Beginner,Medium,39,74,5.1,Yes,Intermediate,CBSE,28.01,"Textbooks, Workbooks"
Male,High School,Low,Advanced,Medium,71,68,6.1,Yes,Intermediate,ICSE,43.44,"Textbooks, Workbooks"
Male,High School,Medium,Intermediate,Low,55,86,6.1,Yes,Intermediate,ICSE,32.63,"Textbooks, Workbooks"
Male,Elementary,Medium,Beginner,High,78,79,0.3,Yes,Fluent,State Board,32.81,"Textbooks, Workbooks"
Male,Elementary,Low,Beginner,Low,52,87,4.5,Yes,Basic,CBSE,40.25,"Textbooks, Workbooks"
Female,Elementary,Low,Beginner,Low,93,84,8.6,Yes,Basic,State Board,54.22,"Educational Apps, Science Kits"
Male,High School,Low,Intermediate,Low,46,75,4.9,Yes,Fluent,CBSE,26.9,"Textbooks, Workbooks"
Male,High School,Medium,Advanced,Medium,63,77,4.4,Yes,Fluent,IB,42.27,"Textbooks, Workbooks"
Male,High School,High,Beginner,Medium,86,95,5.3,Yes,Fluent,State Board,40.65,"Textbooks, Workbooks"
Male,Elementary,High,Intermediate,Medium,33,63,3.8,No,Fluent,CBSE,28.5,"Textbooks, Workbooks"
Male,Elementary,Medium,Beginner,Low,98,80,5.2,Yes,Intermediate,ICSE,55.01,"Educational Apps, Science Kits"
Female,High School,Medium,Intermediate,High,97,86,1.4,Yes,Fluent,State Board,54.16,"Educational Apps, Science Kits"
Male,Elementary,High,Advanced,Low,79,60,9.7,Yes,Basic,CBSE,39.44,"Textbooks, Workbooks"
Female,Elementary,Low,Advanced,Low,96,64,0.3,Yes,Intermediate,State Board,42.78,"Textbooks, Workbooks"
Female,High School,High,Beginner,Low,97,69,4.8,No,Basic,IB,41.66,"Textbooks, Workbooks"
Male,High School,High,Advanced,Low,88,80,2.1,Yes,Basic,ICSE,50.33,"Educational Apps, Science Kits"
Male,Elementary,Low,Advanced,Medium,92,69,0.6,Yes,Basic,IB,45.46,"Textbooks, Workbooks"
Male,High School,High,Intermediate,Low,96,85,6.5,No,Fluent,ICSE,51.94,"Educational Apps, Science Kits"
Male,Elementary,High,Intermediate,Low,55,75,9.9,Yes,Basic,CBSE,35.83,"Textbooks, Workbooks"
Female,High School,Low,Beginner,High,30,97,7.5,Yes,Basic,CBSE,31.51,"Textbooks, Workbooks"
Male,High School,Low,Intermediate,Low,97,62,2.5,Yes,Basic,CBSE,44.88,"Textbooks, Workbooks"
Male,High School,Low,Advanced,High,47,79,4.9,Yes,Fluent,CBSE,37.93,"Textbooks, Workbooks"
Male,Elementary,Medium,Intermediate,Medium,41,64,0.5,Yes,Basic,State Board,27.73,"Textbooks, Workbooks"
Male,Elementary,Medium,Advanced,Medium,67,65,5.3,Yes,Fluent,CBSE,36.19,"Textbooks, Workbooks"
Male,High School,Medium,Beginner,Medium,71,84,1.0,Yes,Intermediate,ICSE,35.22,"Textbooks, Workbooks"
Male,High School,Medium,Advanced,Medium,65,84,7.9,Yes,Basic,IB,44.14,"Textbooks, Workbooks"
Female,High School,High,Intermediate,Low,45,71,0.6,No,Fluent,State Board,30.86,"Textbooks, Workbooks"
Female,Elementary,Medium,Intermediate,High,94,60,0.1,Yes,Intermediate,IB,45.88,"Textbooks, Workbooks"
Male,High School,Low,Intermediate,Medium,96,62,8.6,Yes,Basic,IB,45.9,"Textbooks, Workbooks"
Male,High School,Medium,Intermediate,High,68,80,9.4,Yes,Intermediate,State Board,42.42,"Textbooks, Workbooks"
Male,High School,Medium,Beginner,High,88,64,0.9,Yes,Basic,IB,43.62,"Textbooks, Workbooks"
Female,High School,Medium,Advanced,Low,67,74,2.8,Yes,Basic,CBSE,34.44,"Textbooks, Workbooks"
Male,Elementary,Medium,Intermediate,Low,45,63,7.4,Yes,Intermediate,IB,32.83,"Textbooks, Workbooks"
Female,Elementary,Low,Advanced,Low,40,78,5.4,Yes,Intermediate,IB,31.35,"Textbooks, Workbooks"
Male,High School,High,Beginner,High,57,76,9.5,No,Fluent,ICSE,36.92,"Textbooks, Workbooks"
Male,Elementary,High,Advanced,High,31,67,3.9,Yes,Basic,State Board,30.51,"Textbooks, Workbooks"
Male,Elementary,Medium,Intermediate,Medium,49,96,0.0,Yes,Intermediate,State Board,32.19,"Textbooks, Workbooks"
Male,Elementary,Medium,Advanced,Low,67,83,0.2,Yes,Fluent,ICSE,33.35,"Textbooks, Workbooks"
Female,High School,Medium,Intermediate,Low,85,63,5.6,Yes,Basic,CBSE,47.43,"Textbooks, Workbooks"
Female,Elementary,High,Intermediate,High,68,83,7.5,Yes,Basic,ICSE,49.56,"Textbooks, Workbooks"
Male,Elementary,Medium,Beginner,High,60,78,7.9,Yes,Intermediate,CBSE,39.91,"Textbooks, Workbooks"
Male,Elementary,High,Beginner,Low,52,83,9.1,Yes,Intermediate,IB,35.35,"Textbooks, Workbooks"
Female,High School,Medium,Advanced,Low,63,80,2.3,Yes,Intermediate,IB,30.6,"Textbooks, Workbooks"
Female,High School,Medium,Advanced,Medium,46,76,7.4,Yes,Basic,CBSE,33.86,"Textbooks, Workbooks"
Female,Elementary,Medium,Intermediate,Low,53,67,8.3,Yes,Intermediate,IB,45.99,"Textbooks, Workbooks"
Female,Elementary,High,Intermediate,High,64,90,8.4,No,Intermediate,CBSE,45.51,"Textbooks, Workbooks"
Male,High School,High,Intermediate,Medium,52,78,4.1,Yes,Fluent,ICSE,30.87,"Textbooks, Workbooks"
Female,High School,Low,Intermediate,Medium,37,70,6.3,Yes,Intermediate,ICSE,28.43,"Textbooks, Workbooks"
Male,Elementary,Medium,Beginner,Medium,83,82,5.5,No,Fluent,IB,42.48,"Textbooks, Workbooks"
Female,Elementary,Medium,Intermediate,Medium,50,96,6.0,Yes,Intermediate,State Board,38.9,"Textbooks, Workbooks"
Female,High School,Medium,Beginner,Low,48,87,2.8,Yes,Intermediate,ICSE,26.33,"Textbooks, Workbooks"
Female,High School,High,Advanced,High,60,82,6.8,Yes,Fluent,State Board,40.88,"Textbooks, Workbooks"
Female,Elementary,High,Advanced,Medium,79,71,7.1,Yes,Basic,State Board,44.12,"Textbooks, Workbooks"
Female,High School,High,Beginner,Medium,53,75,2.0,No,Basic,CBSE,38.42,"Textbooks, Workbooks"
Male,Elementary,High,Intermediate,Medium,75,75,4.4,Yes,Basic,ICSE,43.33,"Textbooks, Workbooks"
Male,Elementary,Medium,Advanced,Low,37,73,4.2,Yes,Fluent,IB,32.11,"Textbooks, Workbooks"
Female,Elementary,High,Beginner,Low,32,66,7.5,No,Intermediate,IB,31.0,"Textbooks, Workbooks"
Female,High School,High,Advanced,Medium,63,80,6.7,Yes,Fluent,CBSE,40.8,"Textbooks, Workbooks"
Male,Elementary,Medium,Intermediate,Medium,86,80,4.8,No,Basic,State Board,48.44,"Textbooks, Workbooks"
Female,Elementary,High,Beginner,Medium,87,94,6.5,Yes,Fluent,State Board,51.02,"Educational Apps, Science Kits"
Female,High School,Low,Advanced,High,64,83,2.6,No,Fluent,ICSE,32.46,"Textbooks, Workbooks"
Male,High School,High,Intermediate,Medium,50,60,2.3,Yes,Basic,ICSE,30.9,"Textbooks, Workbooks"
Female,Elementary,Medium,Beginner,Medium,94,73,2.4,Yes,Intermediate,CBSE,44.66,"Textbooks, Workbooks"
Female,Elementary,Medium,Beginner,Low,95,79,0.3,Yes,Intermediate,CBSE,51.98,"Educational Apps, Science Kits"
Male,High School,Medium,Beginner,High,86,87,6.9,Yes,Basic,CBSE,45.59,"Textbooks, Workbooks"
Male,High School,Medium,Beginner,Medium,71,77,9.9,Yes,Intermediate,IB,39.08,"Textbooks, Workbooks"
Male,High School,Medium,Advanced,Low,72,62,3.1,Yes,Basic,State Board,40.31,"Textbooks, Workbooks"
Female,Elementary,Low,Beginner,Medium,55,86,9.3,Yes,Intermediate,IB,30.48,"Textbooks, Workbooks"
Male,Elementary,Medium,Beginner,Medium,96,65,6.1,No,Basic,CBSE,51.83,"Educational Apps, Science Kits"
Male,Elementary,Medium,Beginner,High,55,63,2.2,No,Fluent,ICSE,34.69,"Textbooks, Workbooks"
Male,High School,High,Beginner,High,37,60,0.1,Yes,Fluent,CBSE,21.03,"Textbooks, Workbooks"
Male,Elementary,High,Beginner,Medium,76,80,7.2,Yes,Fluent,State Board,43.57,"Textbooks, Workbooks"
Male,High School,Medium,Intermediate,High,66,94,7.0,Yes,Basic,CBSE,39.09,"Textbooks, Workbooks"
Male,Elementary,High,Advanced,Low,47,87,2.3,Yes,Fluent,CBSE,28.98,"Textbooks, Workbooks"
Female,High School,Medium,Intermediate,Medium,65,77,3.3,Yes,Fluent,CBSE,38.17,"Textbooks, Workbooks"
Female,Elementary,High,Advanced,High,31,94,9.0,Yes,Intermediate,IB,35.97,"Textbooks, Workbooks"
Male,Elementary,Medium,Beginner,Medium,32,80,1.6,Yes,Fluent,IB,23.85,"Textbooks, Workbooks"
Male,High School,Medium,Advanced,Medium,63,75,8.4,No,Basic,ICSE,38.63,"Textbooks, Workbooks"
Male,High School,Medium,Beginner,High,75,85,1.7,No,Basic,IB,41.42,"Textbooks, Workbooks"
Female,Elementary,Low,Beginner,Low,91,98,4.8,Yes,Fluent,State Board,53.82,"Educational Apps, Science Kits"
Female,High School,High,Intermediate,Low,99,68,5.0,No,Intermediate,CBSE,48.87,"Textbooks, Workbooks"
Female,High School,High,Intermediate,Medium,86,82,4.7,Yes,Fluent,CBSE,48.01,"Textbooks, Workbooks"
Female,Elementary,Medium,Intermediate,High,39,61,2.9,No,Basic,CBSE,24.72,"Textbooks, Workbooks"
Female,High School,Medium,Advanced,High,47,62,2.5,Yes,Fluent,ICSE,20.33,"Textbooks, Workbooks"
Female,Elementary,High,Advanced,Medium,62,92,7.3,Yes,Intermediate,IB,45.68,"Textbooks, Workbooks"
Female,Elementary,High,Intermediate,High,36,83,2.8,Yes,Fluent,CBSE,18.5,"Textbooks, Workbooks"
Female,High School,Medium,Intermediate,High,74,82,6.1,Yes,Basic,CBSE,39.3,"Textbooks, Workbooks"
Female,High School,Medium,Beginner,Low,58,65,8.5,Yes,Basic,CBSE,37.96,"Textbooks, Workbooks"
Male,Elementary,Medium,Advanced,High,67,80,8.4,Yes,Intermediate,ICSE,39.9,"Textbooks, Workbooks"
Male,Elementary,Medium,Beginner,Low,68,64,1.7,Yes,Intermediate,State Board,35.02,"Textbooks, Workbooks"
Male,Elementary,Low,Advanced,Low,54,72,6.5,No,Intermediate,IB,41.08,"Textbooks, Workbooks"
Male,Elementary,Medium,Intermediate,Medium,46,99,6.0,Yes,Basic,ICSE,30.19,"Textbooks, Workbooks"
Female,Elementary,High,Advanced,Medium,90,72,2.8,No,Fluent,IB,45.22,"Textbooks, Workbooks"
Female,Elementary,Medium,Advanced,Medium,80,78,3.9,No,Intermediate,State Board,36.01,"Textbooks, Workbooks"
Male,High School,High,Beginner,Low,66,68,2.9,Yes,Intermediate,CBSE,34.59,"Textbooks, Workbooks"
Female,High School,High,Intermediate,Low,96,62,5.4,Yes,Fluent,State Board,43.83,"Textbooks, Workbooks"
Male,High School,High,Intermediate,Low,53,90,8.0,No,Fluent,ICSE,33.1,"Textbooks, Workbooks"
Female,Elementary,Medium,Intermediate,Medium,78,98,8.8,No,Intermediate,State Board,55.1,"Educational Apps, Science Kits"
Male,High School,High,Beginner,High,50,72,7.2,Yes,Fluent,ICSE,35.86,"Textbooks, Workbooks"
Female,Elementary,Low,Beginner,High,86,70,4.8,Yes,Intermediate,ICSE,50.02,"Educational Apps, Science Kits"
Female,Elementary,Medium,Beginner,High,70,70,9.6,No,Intermediate,IB,39.63,"Textbooks, Workbooks"
Male,High School,Medium,Advanced,Medium,46,60,5.6,Yes,Intermediate,State Board,34.47,"Textbooks, Workbooks"
Female,Elementary,Medium,Advanced,High,50,94,4.8,Yes,Fluent,ICSE,38.3,"Textbooks, Workbooks"
Male,Elementary,High,Beginner,Low,97,94,8.6,Yes,Intermediate,State Board,49.67,"Textbooks, Workbooks"
Male,Elementary,High,Beginner,Low,93,62,1.8,Yes,Fluent,ICSE,38.39,"Textbooks, Workbooks"
Male,Elementary,Low,Intermediate,Medium,73,63,1.6,Yes,Basic,CBSE,31.61,"Textbooks, Workbooks"
Male,Elementary,Medium,Advanced,Medium,57,83,7.8,Yes,Fluent,State Board,40.43,"Textbooks, Workbooks"
Female,Elementary,Medium,Advanced,High,65,89,8.7,Yes,Fluent,ICSE,44.72,"Textbooks, Workbooks"
Female,High School,Medium,Intermediate,Medium,66,91,0.7,Yes,Basic,CBSE,43.99,"Textbooks, Workbooks"
Female,Elementary,High,Intermediate,Low,73,79,7.6,Yes,Basic,State Board,39.87,"Textbooks, Workbooks"
Male,Elementary,Medium,Intermediate,High,79,95,4.2,No,Intermediate,CBSE,47.65,"Textbooks, Workbooks"
Female,Elementary,High,Beginner,Medium,84,72,7.0,Yes,Basic,ICSE,46.73,"Textbooks, Workbooks"
Male,Elementary,Low,Beginner,High,39,98,1.3,Yes,Fluent,CBSE,27.19,"Textbooks, Workbooks"
Female,High School,Medium,Beginner,High,67,63,9.7,Yes,Intermediate,IB,44.05,"Textbooks, Workbooks"
Female,High School,Medium,Beginner,Low,78,87,8.8,Yes,Intermediate,IB,46.47,"Textbooks, Workbooks"
Female,Elementary,Medium,Beginner,Low,31,99,4.1,Yes,Basic,IB,30.84,"Textbooks, Workbooks"
Male,Elementary,Medium,Advanced,Low,73,66,8.9,Yes,Basic,State Board,43.28,"Textbooks, Workbooks"
Female,Elementary,High,Advanced,Low,64,68,8.9,Yes,Basic,State Board,37.5,"Textbooks, Workbooks"
Female,High School,High,Advanced,Low,50,81,4.6,Yes,Intermediate,CBSE,35.65,"Textbooks, Workbooks"
Male,High School,Medium,Intermediate,Medium,86,63,9.5,Yes,Intermediate,State Board,49.47,"Textbooks, Workbooks"
Female,High School,Medium,Advanced,High,52,95,9.8,Yes,Basic,State Board,45.92,"Textbooks, Workbooks"
Male,High School,Low,Intermediate,High,61,92,2.2,No,Intermediate,IB,36.1,"Textbooks, Workbooks"
Female,Elementary,Medium,Advanced,High,62,65,0.7,Yes,Intermediate,State Board,31.23,"Textbooks, Workbooks"
Male,High School,Medium,Beginner,Low,46,62,3.3,Yes,Intermediate,IB,23.5,"Textbooks, Workbooks"
Male,High School,Low,Advanced,Medium,71,94,4.9,No,Intermediate,CBSE,41.21,"Textbooks, Workbooks"
Female,Elementary,High,Beginner,Medium,46,92,0.9,Yes,Intermediate,ICSE,28.19,"Textbooks, Workbooks"
Male,Elementary,High,Beginner,Low,77,66,1.4,Yes,Fluent,CBSE,38.86,"Textbooks, Workbooks"
Male,High School,High,Advanced,High,77,94,9.7,Yes,Intermediate,CBSE,52.49,"Educational Apps, Science Kits"
Male,High School,Medium,Advanced,High,86,62,7.4,Yes,Basic,ICSE,49.43,"Textbooks, Workbooks"
Male,High School,High,Beginner,Medium,90,77,8.7,No,Intermediate,IB,54.92,"Educational Apps, Science Kits"
Male,High School,Medium,Intermediate,High,73,62,9.7,Yes,Intermediate,State Board,45.28,"Textbooks, Workbooks"
Male,Elementary,Medium,Intermediate,Low,52,98,3.8,Yes,Basic,IB,36.68,"Textbooks, Workbooks"
Female,Elementary,High,Advanced,Medium,82,86,6.9,Yes,Fluent,State Board,41.1,"Textbooks, Workbooks"
Male,High School,Medium,Beginner,Low,62,68,1.8,Yes,Basic,CBSE,35.39,"Textbooks, Workbooks"
Male,High School,Low,Intermediate,Low,85,76,5.5,Yes,Basic,IB,41.71,"Textbooks, Workbooks"
Female,High School,High,Advanced,High,57,64,2.1,Yes,Basic,CBSE,30.37,"Textbooks, Workbooks"
Female,High School,High,Advanced,High,52,63,1.6,Yes,Intermediate,CBSE,28.63,"Textbooks, Workbooks"
Female,High School,High,Beginner,Medium,92,73,1.0,Yes,Intermediate,State Board,39.87,"Textbooks, Workbooks"
Female,Elementary,Medium,Intermediate,Medium,36,88,5.8,Yes,Intermediate,IB,28.16,"Textbooks, Workbooks"
Female,Elementary,Medium,Advanced,Medium,31,70,9.5,Yes,Basic,CBSE,30.14,"Textbooks, Workbooks"
Female,Elementary,High,Intermediate,High,94,81,1.2,Yes,Intermediate,State Board,45.05,"Textbooks, Workbooks"
Female,High School,Low,Advanced,High,33,64,5.0,Yes,Fluent,IB,24.87,"Textbooks, Workbooks"
Male,High School,Medium,Advanced,High,37,71,6.9,Yes,Intermediate,ICSE,26.84,"Textbooks, Workbooks"
Male,Elementary,Medium,Intermediate,High,78,80,5.0,Yes,Intermediate,CBSE,47.54,"Textbooks, Workbooks"
Female,Elementary,Medium,Intermediate,Medium,58,74,9.1,Yes,Basic,IB,32.72,"Textbooks, Workbooks"
Male,High School,Medium,Beginner,Medium,84,83,1.7,Yes,Fluent,ICSE,51.71,"Educational Apps, Science Kits"
Male,Elementary,Low,Beginner,Low,66,72,0.2,No,Fluent,CBSE,34.12,"Textbooks, Workbooks"
Male,High School,Medium,Beginner,Low,35,91,3.8,No,Fluent,ICSE,27.19,"Textbooks, Workbooks"
Female,High School,Medium,Beginner,High,53,85,5.6,Yes,Intermediate,CBSE,30.01,"Textbooks, Workbooks"
Female,Elementary,Low,Intermediate,High,69,99,2.5,Yes,Fluent,IB,36.66,"Textbooks, Workbooks"
Male,Elementary,Medium,Beginner,Medium,41,85,1.7,Yes,Basic,ICSE,30.02,"Textbooks, Workbooks"
Female,Elementary,High,Intermediate,Medium,93,95,8.0,Yes,Fluent,ICSE,51.64,"Educational Apps, Science Kits"
Male,High School,Medium,Advanced,Low,75,89,1.9,Yes,Intermediate,ICSE,35.78,"Textbooks, Workbooks"
Male,High School,Medium,Intermediate,Medium,43,68,4.4,Yes,Fluent,IB,23.93,"Textbooks, Workbooks"
Male,Elementary,High,Beginner,Medium,56,83,9.5,No,Fluent,CBSE,37.65,"Textbooks, Workbooks"
Male,High School,Medium,Intermediate,Medium,66,97,6.1,Yes,Basic,IB,41.32,"Textbooks, Workbooks"
Female,High School,Medium,Intermediate,High,91,77,5.0,Yes,Fluent,ICSE,50.41,"Educational Apps, Science Kits"
Female,High School,Medium,Intermediate,Low,96,68,3.6,No,Intermediate,ICSE,43.99,"Textbooks, Workbooks"
Female,Elementary,High,Intermediate,Medium,43,81,5.2,Yes,Intermediate,ICSE,42.65,"Textbooks, Workbooks"
Male,High School,High,Intermediate,Medium,68,97,7.3,Yes,Fluent,State Board,45.76,"Textbooks, Workbooks"
Female,Elementary,High,Beginner,High,34,80,8.2,Yes,Basic,IB,34.28,"Textbooks, Workbooks"
Male,Elementary,High,Intermediate,High,55,66,6.5,Yes,Basic,ICSE,39.59,"Textbooks, Workbooks"
Female,High School,Medium,Beginner,Medium,82,71,7.9,Yes,Intermediate,CBSE,39.89,"Textbooks, Workbooks"
Male,Elementary,Low,Advanced,High,92,95,0.9,Yes,Basic,CBSE,44.71,"Textbooks, Workbooks"
Male,High School,Medium,Intermediate,Medium,40,70,0.1,Yes,Fluent,IB,23.96,"Textbooks, Workbooks"
Male,Elementary,Low,Advanced,Low,62,62,7.3,Yes,Basic,CBSE,41.85,"Textbooks, Workbooks"
Female,Elementary,High,Beginner,Medium,70,86,2.6,Yes,Basic,IB,39.64,"Textbooks, Workbooks"
Female,High School,Medium,Intermediate,Low,69,66,8.8,Yes,Intermediate,IB,41.72,"Textbooks, Workbooks"
Female,Elementary,Low,Advanced,Medium,75,61,5.4,Yes,Fluent,ICSE,43.32,"Textbooks, Workbooks"
Female,Elementary,High,Beginner,High,33,69,4.8,Yes,Intermediate,IB,30.08,"Textbooks, Workbooks"
Male,Elementary,Medium,Advanced,High,40,62,7.7,Yes,Basic,ICSE,36.54,"Textbooks, Workbooks"
Female,High School,Medium,Intermediate,Low,56,76,7.4,No,Intermediate,CBSE,31.35,"Textbooks, Workbooks"
Female,High School,Medium,Intermediate,Low,37,60,7.0,Yes,Basic,CBSE,25.71,"Textbooks, Workbooks"
Male,Elementary,Medium,Intermediate,Low,50,93,6.9,Yes,Intermediate,ICSE,36.27,"Textbooks, Workbooks"
Male,Elementary,Medium,Beginner,Low,34,72,5.2,Yes,Basic,ICSE,24.25,"Textbooks, Workbooks"
Male,Elementary,Low,Advanced,Low,91,73,9.3,No,Intermediate,CBSE,51.94,"Educational Apps, Science Kits"
Female,High School,Medium,Beginner,Medium,61,76,8.9,Yes,Basic,IB,43.22,"Textbooks, Workbooks"
Male,High School,High,Advanced,High,87,93,3.3,Yes,Fluent,State Board,39.77,"Textbooks, Workbooks"
Male,Elementary,High,Beginner,High,56,76,8.0,Yes,Intermediate,ICSE,40.67,"Textbooks, Workbooks"
Male,High School,Medium,Intermediate,Low,55,84,8.9,Yes,Basic,ICSE,36.88,"Textbooks, Workbooks"
Female,High School,Medium,Advanced,Medium,69,89,6.2,No,Basic,State Board,43.1,"Textbooks, Workbooks"
Male,High School,High,Advanced,Low,58,95,5.6,Yes,Fluent,ICSE,36.03,"Textbooks, Workbooks"
Female,High School,High,Advanced,Low,36,70,6.7,No,Basic,IB,32.54,"Textbooks, Workbooks"
Female,Elementary,Medium,Beginner,Medium,50,80,1.6,Yes,Intermediate,IB,27.54,"Textbooks, Workbooks"
Male,High School,Medium,Intermediate,Low,96,79,0.9,Yes,Fluent,State Board,45.72,"Textbooks, Workbooks"
Male,High School,High,Advanced,Medium,39,88,8.2,Yes,Intermediate,State Board,36.93,"Textbooks, Workbooks"
Female,Elementary,Medium,Beginner,High,91,63,5.7,No,Intermediate,State Board,46.88,"Textbooks, Workbooks"
Male,Elementary,Low,Advanced,Medium,37,93,1.2,Yes,Basic,ICSE,25.35,"Textbooks, Workbooks"
Male,High School,Medium,Intermediate,High,33,76,4.2,Yes,Basic,State Board,26.8,"Textbooks, Workbooks"
Female,High School,Low,Advanced,Low,58,71,3.0,Yes,Intermediate,CBSE,33.34,"Textbooks, Workbooks"
Female,Elementary,Medium,Intermediate,High,41,63,8.8,No,Basic,IB,34.24,"Textbooks, Workbooks"
Male,Elementary,Medium,Beginner,Low,80,73,5.1,Yes,Intermediate,ICSE,42.2,"Textbooks, Workbooks"
Female,Elementary,High,Beginner,Low,48,63,5.8,Yes,Basic,IB,30.23,"Textbooks, Workbooks"
Male,High School,Medium,Intermediate,Low,60,93,2.4,Yes,Intermediate,CBSE,36.32,"Textbooks, Workbooks"
Male,High School,Medium,Intermediate,Medium,55,77,8.0,Yes,Basic,State Board,31.93,"Textbooks, Workbooks"
Male,Elementary,Medium,Beginner,Medium,35,72,9.3,Yes,Fluent,IB,35.17,"Textbooks, Workbooks"
Female,High School,High,Intermediate,High,58,69,7.9,Yes,Intermediate,CBSE,42.29,"Textbooks, Workbooks"
Male,Elementary,Low,Intermediate,High,46,73,4.9,No,Basic,State Board,38.03,"Textbooks, Workbooks"
Male,High School,Medium,Advanced,Medium,49,68,8.4,Yes,Fluent,State Board,36.47,"Textbooks, Workbooks"
Male,Elementary,Low,Beginner,Medium,71,79,1.9,Yes,Intermediate,State Board,33.37,"Textbooks, Workbooks"
Female,Elementary,High,Beginner,Medium,76,60,1.1,Yes,Fluent,IB,28.13,"Textbooks, Workbooks"
Female,High School,Medium,Intermediate,High,99,88,4.4,Yes,Fluent,ICSE,52.61,"Educational Apps, Science Kits"
Female,High School,Medium,Intermediate,High,31,76,1.8,Yes,Fluent,ICSE,21.58,"Textbooks, Workbooks"
Female,High School,Medium,Intermediate,Medium,66,67,2.6,Yes,Fluent,ICSE,33.81,"Textbooks, Workbooks"
Female,High School,High,Beginner,Medium,48,76,5.9,Yes,Intermediate,CBSE,32.75,"Textbooks, Workbooks"
Male,High School,Medium,Advanced,High,70,80,4.0,Yes,Intermediate,State Board,41.18,"Textbooks, Workbooks"
Female,High School,High,Beginner,Low,45,84,8.7,No,Intermediate,CBSE,34.12,"Textbooks, Workbooks"
Female,Elementary,High,Advanced,Low,89,79,2.3,Yes,Basic,IB,47.79,"Textbooks, Workbooks"
Female,High School,High,Intermediate,Medium,86,84,10.0,Yes,Fluent,ICSE,47.95,"Textbooks, Workbooks"
Male,Elementary,Medium,Beginner,High,93,80,3.6,Yes,Basic,IB,46.21,"Textbooks, Workbooks"
Female,Elementary,High,Advanced,Medium,34,72,5.2,Yes,Fluent,CBSE,30.54,"Textbooks, Workbooks"
Female,High School,Low,Beginner,High,47,72,1.3,Yes,Basic,ICSE,27.36,"Textbooks, Workbooks"
Male,Elementary,Medium,Advanced,Low,42,89,5.8,Yes,Basic,IB,39.41,"Textbooks, Workbooks"
Female,Elementary,High,Advanced,Medium,65,72,9.6,Yes,Intermediate,IB,38.6,"Textbooks, Workbooks"
Male,High School,Medium,Beginner,Medium,48,99,7.5,No,Fluent,IB,43.07,"Textbooks, Workbooks"
Male,High School,Medium,Intermediate,High,60,66,2.4,Yes,Intermediate,IB,27.83,"Textbooks, Workbooks"
Male,High School,Medium,Beginner,Low,52,71,4.4,Yes,Basic,CBSE,30.88,"Textbooks, Workbooks"
Male,Elementary,Medium,Intermediate,Medium,61,61,4.3,Yes,Basic,CBSE,37.33,"Textbooks, Workbooks"
Male,High School,Medium,Advanced,Low,40,73,1.0,Yes,Intermediate,State Board,33.54,"Textbooks, Workbooks"
Female,High School,High,Advanced,Medium,95,76,8.9,Yes,Intermediate,IB,53.9,"Educational Apps, Science Kits"
Male,High School,High,Beginner,High,34,72,3.8,Yes,Intermediate,CBSE,29.68,"Textbooks, Workbooks"
Male,High School,Medium,Beginner,Medium,42,60,4.9,Yes,Intermediate,ICSE,30.34,"Textbooks, Workbooks"
Female,Elementary,Medium,Intermediate,High,93,60,2.9,Yes,Intermediate,ICSE,42.64,"Textbooks, Workbooks"
Male,High School,High,Intermediate,High,64,85,1.5,Yes,Fluent,State Board,26.94,"Textbooks, Workbooks"
Female,Elementary,Medium,Beginner,Low,58,72,9.0,Yes,Fluent,IB,35.48,"Textbooks, Workbooks"
Female,High School,Low,Intermediate,High,52,93,0.4,Yes,Intermediate,State Board,30.62,"Textbooks, Workbooks"
Female,Elementary,Low,Intermediate,Low,45,99,4.0,Yes,Fluent,ICSE,30.87,"Textbooks, Workbooks"
Male,Elementary,Medium,Beginner,Low,55,68,7.3,Yes,Fluent,ICSE,29.44,"Textbooks, Workbooks"
Male,Elementary,Low,Beginner,Medium,32,78,3.1,Yes,Basic,State Board,33.11,"Textbooks, Workbooks"
Male,High School,Low,Advanced,High,52,82,4.5,Yes,Fluent,IB,32.08,"Textbooks, Workbooks"
Female,Elementary,Medium,Advanced,Medium,86,87,5.6,No,Fluent,CBSE,42.17,"Textbooks, Workbooks"
Male,High School,Medium,Beginner,Low,38,89,10.0,Yes,Basic,State Board,47.88,"Textbooks, Workbooks"
Male,High School,Medium,Advanced,High,80,66,7.6,Yes,Intermediate,State Board,48.2,"Textbooks, Workbooks"
Male,High School,High,Intermediate,High,62,73,9.7,Yes,Fluent,State Board,37.01,"Textbooks, Workbooks"
Female,High School,High,Beginner,Low,53,61,6.9,Yes,Basic,IB,30.08,"Textbooks, Workbooks"
Female,High School,Medium,Advanced,Medium,79,71,2.7,Yes,Intermediate,State Board,34.93,"Textbooks, Workbooks"
Male,Elementary,Medium,Beginner,Low,81,61,2.9,Yes,Fluent,IB,33.45,"Textbooks, Workbooks"
Male,High School,High,Advanced,Medium,67,87,8.2,Yes,Fluent,CBSE,40.42,"Textbooks, Workbooks"
Male,Elementary,Low,Beginner,Medium,73,87,4.3,Yes,Fluent,CBSE,44.54,"Textbooks, Workbooks"
Male,Elementary,High,Intermediate,Medium,85,71,3.7,Yes,Basic,State Board,48.98,"Textbooks, Workbooks"
Female,Elementary,Low,Advanced,Low,95,89,9.5,Yes,Intermediate,CBSE,59.36,"Educational Apps, Science Kits"
Female,Elementary,High,Beginner,High,74,99,0.1,Yes,Intermediate,State Board,46.46,"Textbooks, Workbooks"
Female,Elementary,Medium,Intermediate,Low,81,99,5.2,Yes,Fluent,ICSE,47.31,"Textbooks, Workbooks"
Female,Elementary,Medium,Advanced,Medium,30,81,7.8,Yes,Basic,CBSE,32.53,"Textbooks, Workbooks"
Male,Elementary,High,Advanced,Low,93,77,7.4,Yes,Intermediate,ICSE,51.58,"Educational Apps, Science Kits"
Male,High School,Medium,Beginner,Medium,37,73,3.7,Yes,Intermediate,CBSE,27.75,"Textbooks, Workbooks"
Male,Elementary,Medium,Intermediate,Low,72,84,5.4,Yes,Intermediate,State Board,47.45,"Textbooks, Workbooks"
Female,High School,Medium,Beginner,Medium,37,69,0.1,Yes,Basic,IB,26.82,"Textbooks, Workbooks"
Male,Elementary,High,Advanced,Medium,58,95,5.3,Yes,Fluent,CBSE,40.43,"Textbooks, Workbooks"
Female,Elementary,Low,Beginner,Low,42,68,5.9,Yes,Intermediate,IB,27.03,"Textbooks, Workbooks"
Female,Elementary,Low,Beginner,Low,30,70,8.7,Yes,Basic,State Board,34.39,"Textbooks, Workbooks"
Male,Elementary,Medium,Intermediate,Medium,58,86,2.1,No,Fluent,State Board,30.12,"Textbooks, Workbooks"
Male,High School,Low,Intermediate,Low,79,72,8.3,No,Fluent,IB,39.3,"Textbooks, Workbooks"
Male,High School,Medium,Advanced,Medium,66,60,7.2,Yes,Basic,CBSE,28.54,"Textbooks, Workbooks"
Female,High School,Medium,Intermediate,Medium,30,98,6.7,Yes,Fluent,ICSE,31.59,"Textbooks, Workbooks"
Male,Elementary,Medium,Beginner,Medium,98,70,3.9,No,Fluent,ICSE,49.16,"Textbooks, Workbooks"
Female,Elementary,Low,Advanced,High,77,62,3.7,Yes,Basic,State Board,33.88,"Textbooks, Workbooks"
Male,Elementary,Medium,Intermediate,Medium,84,61,7.0,Yes,Fluent,State Board,43.91,"Textbooks, Workbooks"
Female,High School,Low,Beginner,High,95,83,9.9,Yes,Basic,State Board,58.34,"Educational Apps, Science Kits"
Female,Elementary,Low,Beginner,High,92,79,4.1,Yes,Intermediate,ICSE,49.83,"Textbooks, Workbooks"
Male,High School,Low,Advanced,High,51,99,9.2,Yes,Basic,State Board,38.85,"Textbooks, Workbooks"
Female,High School,High,Advanced,Low,40,74,5.9,Yes,Intermediate,State Board,33.96,"Textbooks, Workbooks"
Female,Elementary,Low,Intermediate,High,58,65,8.7,Yes,Intermediate,State Board,41.73,"Textbooks, Workbooks"
Male,Elementary,High,Intermediate,High,32,79,2.2,Yes,Intermediate,IB,30.2,"Textbooks, Workbooks"
Female,High School,Low,Intermediate,Medium,74,81,7.6,Yes,Basic,State Board,47.31,"Textbooks, Workbooks"
Male,High School,Low,Intermediate,Medium,32,61,8.3,Yes,Basic,ICSE,21.44,"Textbooks, Workbooks"
Female,High School,Medium,Advanced,High,97,74,8.3,No,Basic,IB,58.1,"Educational Apps, Science Kits"
Male,Elementary,Medium,Beginner,Medium,43,93,7.8,Yes,Intermediate,CBSE,37.38,"Textbooks, Workbooks"
Male,Elementary,High,Beginner,Medium,94,90,3.0,Yes,Fluent,ICSE,46.91,"Textbooks, Workbooks"
Female,Elementary,High,Intermediate,High,86,89,5.2,Yes,Fluent,State Board,51.91,"Educational Apps, Science Kits"
Female,Elementary,High,Advanced,Medium,44,87,3.0,Yes,Basic,CBSE,30.65,"Textbooks, Workbooks"
Female,Elementary,Medium,Intermediate,Low,89,92,3.4,Yes,Fluent,CBSE,36.08,"Textbooks, Workbooks"
Female,Elementary,Medium,Intermediate,Medium,83,80,3.0,Yes,Intermediate,IB,48.17,"Textbooks, Workbooks"
Female,High School,Medium,Advanced,Medium,31,82,2.8,Yes,Intermediate,State Board,24.02,"Textbooks, Workbooks"
Male,High School,High,Beginner,High,93,72,6.9,Yes,Fluent,IB,48.03,"Textbooks, Workbooks"
Female,High School,Medium,Beginner,Medium,57,85,6.5,Yes,Fluent,State Board,38.61,"Textbooks, Workbooks"
Male,Elementary,Medium,Intermediate,High,96,78,2.0,No,Intermediate,State Board,45.4,"Textbooks, Workbooks"
Male,High School,Medium,Advanced,Medium,32,86,6.9,Yes,Basic,IB,31.53,"Textbooks, Workbooks"
Female,Elementary,Low,Beginner,Medium,82,99,2.9,Yes,Basic,State Board,49.87,"Textbooks, Workbooks"
Male,Elementary,High,Beginner,Low,55,66,2.0,Yes,Fluent,IB,33.13,"Textbooks, Workbooks"
Male,High School,Medium,Advanced,Medium,33,84,7.5,No,Fluent,ICSE,26.95,"Textbooks, Workbooks"
Male,Elementary,Medium,Advanced,High,45,99,3.6,Yes,Basic,IB,28.83,"Textbooks, Workbooks"
Male,High School,Low,Beginner,Low,83,95,5.7,No,Fluent,CBSE,46.63,"Textbooks, Workbooks"
Female,High School,High,Intermediate,High,45,66,2.0,Yes,Fluent,ICSE,24.37,"Textbooks, Workbooks"
Male,Elementary,Low,Intermediate,Low,60,79,6.1,Yes,Fluent,ICSE,34.9,"Textbooks, Workbooks"
Female,High School,High,Beginner,Low,31,83,2.1,No,Intermediate,State Board,22.44,"Textbooks, Workbooks"
Female,High School,Low,Intermediate,Low,74,87,1.7,Yes,Basic,ICSE,46.09,"Textbooks, Workbooks"
Male,High School,High,Intermediate,High,83,64,3.9,Yes,Fluent,ICSE,43.7,"Textbooks, Workbooks"
Female,High School,High,Advanced,Low,88,95,7.9,Yes,Fluent,IB,50.41,"Educational Apps, Science Kits"
Female,Elementary,Low,Advanced,Medium,88,90,1.8,Yes,Fluent,ICSE,46.31,"Textbooks, Workbooks"
Female,High School,Medium,Advanced,Medium,51,92,1.2,Yes,Fluent,ICSE,35.06,"Textbooks, Workbooks"
Male,High School,Medium,Intermediate,Medium,63,83,0.3,Yes,Fluent,ICSE,32.15,"Textbooks, Workbooks"
Female,High School,Low,Advanced,Medium,85,69,4.2,No,Fluent,IB,43.66,"Textbooks, Workbooks"
Female,Elementary,High,Advanced,Medium,63,97,2.8,Yes,Intermediate,IB,30.06,"Textbooks, Workbooks"
Female,High School,Medium,Beginner,High,55,64,2.9,Yes,Intermediate,ICSE,31.62,"Textbooks, Workbooks"
Male,Elementary,Medium,Advanced,Medium,74,90,9.8,No,Intermediate,ICSE,50.47,"Educational Apps, Science Kits"
Female,High School,Low,Beginner,Low,50,68,1.9,Yes,Intermediate,State Board,31.93,"Textbooks, Workbooks"
Male,High School,Medium,Intermediate,Medium,72,91,4.6,Yes,Fluent,CBSE,43.35,"Textbooks, Workbooks"
Male,High School,High,Advanced,Medium,68,64,9.9,Yes,Fluent,ICSE,36.29,"Textbooks, Workbooks"
Male,Elementary,Medium,Beginner,Medium,42,86,0.3,Yes,Fluent,CBSE,30.0,"Textbooks, Workbooks"
Male,Elementary,High,Beginner,High,71,87,7.0,Yes,Intermediate,CBSE,48.11,"Textbooks, Workbooks"
Male,Elementary,High,Beginner,High,74,71,3.7,No,Intermediate,State Board,43.55,"Textbooks, Workbooks"
Male,Elementary,Low,Intermediate,Low,80,64,9.1,Yes,Intermediate,ICSE,44.73,"Textbooks, Workbooks"
Female,Elementary,Low,Advanced,Medium,46,67,9.1,Yes,Basic,IB,35.24,"Textbooks, Workbooks"
Male,Elementary,High,Intermediate,High,92,76,3.9,No,Fluent,IB,45.58,"Textbooks, Workbooks"
Female,High School,Medium,Beginner,High,36,67,2.2,Yes,Intermediate,ICSE,27.55,"Textbooks, Workbooks"
Female,Elementary,Low,Intermediate,Medium,84,93,4.3,Yes,Intermediate,CBSE,45.2,"Textbooks, Workbooks"
Male,High School,Medium,Intermediate,Medium,33,82,9.7,Yes,Fluent,IB,30.58,"Textbooks, Workbooks"
Female,Elementary,Medium,Beginner,High,60,77,2.8,Yes,Basic,IB,34.8,"Textbooks, Workbooks"
Female,Elementary,High,Advanced,Medium,85,69,9.8,No,Intermediate,CBSE,47.57,"Textbooks, Workbooks"
Female,Elementary,Low,Advanced,Medium,33,98,8.2,Yes,Basic,State Board,28.08,"Textbooks, Workbooks"
Female,High School,Low,Intermediate,High,69,64,2.7,No,Intermediate,State Board,35.38,"Textbooks, Workbooks"
Male,Elementary,High,Advanced,High,76,76,7.9,No,Intermediate,IB,39.57,"Textbooks, Workbooks"
Female,Elementary,High,Beginner,Low,79,70,0.5,Yes,Fluent,CBSE,38.18,"Textbooks, Workbooks"
Male,High School,Medium,Advanced,Medium,52,78,5.5,No,Basic,ICSE,44.81,"Textbooks, Workbooks"
Female,High School,High,Intermediate,Medium,80,80,3.6,Yes,Intermediate,CBSE,45.93,"Textbooks, Workbooks"
Female,High School,Medium,Beginner,High,67,62,4.3,No,Fluent,IB,31.84,"Textbooks, Workbooks"
Male,High School,High,Beginner,High,38,99,4.7,Yes,Intermediate,State Board,33.35,"Textbooks, Workbooks"
Female,Elementary,Medium,Beginner,High,90,60,5.0,Yes,Fluent,ICSE,46.37,"Textbooks, Workbooks"
Female,High School,Medium,Intermediate,Medium,50,83,6.6,Yes,Intermediate,ICSE,31.01,"Textbooks, Workbooks"
Female,Elementary,High,Intermediate,Low,38,95,7.0,Yes,Fluent,IB,35.92,"Textbooks, Workbooks"
Male,Elementary,Medium,Advanced,Medium,54,65,9.8,Yes,Intermediate,State Board,36.77,"Textbooks, Workbooks"
Female,High School,High,Intermediate,Medium,65,69,7.6,Yes,Fluent,IB,39.1,"Textbooks, Workbooks"
Male,Elementary,Medium,Beginner,Medium,72,99,6.9,Yes,Fluent,CBSE,43.47,"Textbooks, Workbooks"
Female,High School,High,Intermediate,Medium,57,93,3.9,Yes,Basic,State Board,37.71,"Textbooks, Workbooks"
Male,Elementary,High,Intermediate,Medium,93,83,1.2,Yes,Fluent,State Board,51.23,"Educational Apps, Science Kits"
Male,High School,Medium,Advanced,High,74,82,0.6,Yes,Basic,CBSE,37.11,"Textbooks, Workbooks"
Female,High School,High,Beginner,Low,85,79,4.8,Yes,Fluent,State Board,49.51,"Textbooks, Workbooks"
Female,High School,Medium,Advanced,High,77,97,6.7,Yes,Fluent,ICSE,47.42,"Textbooks, Workbooks"
Male,High School,High,Advanced,Medium,37,94,6.5,Yes,Fluent,ICSE,34.54,"Textbooks, Workbooks"
Male,High School,Medium,Advanced,High,43,93,9.5,Yes,Fluent,IB,43.67,"Textbooks, Workbooks"
Female,High School,High,Beginner,Medium,44,95,3.8,Yes,Basic,CBSE,33.29,"Textbooks, Workbooks"
Male,Elementary,Medium,Advanced,Low,68,75,6.3,Yes,Fluent,ICSE,40.69,"Textbooks, Workbooks"
Female,Elementary,Medium,Beginner,Low,54,82,8.9,No,Fluent,State Board,41.75,"Textbooks, Workbooks"
Female,Elementary,Low,Advanced,Low,92,60,4.0,Yes,Fluent,State Board,40.03,"Textbooks, Workbooks"
Female,High School,Medium,Advanced,Low,88,68,4.8,No,Fluent,IB,48.7,"Textbooks, Workbooks"
Female,Elementary,High,Beginner,High,58,71,9.2,Yes,Fluent,State Board,37.52,"Textbooks, Workbooks"
Male,High School,Medium,Intermediate,Low,32,96,5.5,Yes,Fluent,CBSE,29.51,"Textbooks, Workbooks"
Female,Elementary,Medium,Advanced,Medium,68,76,8.0,No,Intermediate,ICSE,36.58,"Textbooks, Workbooks"
Male,Elementary,Medium,Intermediate,Low,51,62,9.4,Yes,Basic,IB,30.86,"Textbooks, Workbooks"
Female,High School,Medium,Advanced,Medium,70,97,5.7,Yes,Basic,IB,45.78,"Textbooks, Workbooks"
Male,Elementary,Low,Intermediate,High,49,88,1.1,No,Fluent,ICSE,36.46,"Textbooks, Workbooks"
Female,Elementary,High,Intermediate,Medium,48,90,8.2,Yes,Intermediate,ICSE,34.52,"Textbooks, Workbooks"
Male,Elementary,High,Intermediate,Medium,42,94,8.2,Yes,Intermediate,CBSE,38.95,"Textbooks, Workbooks"
Male,High School,Medium,Intermediate,High,48,97,1.1,Yes,Basic,State Board,32.19,"Textbooks, Workbooks"
Female,Elementary,Low,Intermediate,Low,95,85,5.5,Yes,Intermediate,State Board,44.68,"Textbooks, Workbooks"
Female,High School,Low,Beginner,High,94,72,4.9,Yes,Intermediate,ICSE,45.51,"Textbooks, Workbooks"
Female,Elementary,Medium,Intermediate,Medium,32,78,8.5,Yes,Basic,State Board,33.5,"Textbooks, Workbooks"
Female,Elementary,Medium,Beginner,Low,53,91,2.7,No,Basic,ICSE,30.82,"Textbooks, Workbooks"
Male,Elementary,High,Advanced,Medium,67,86,4.3,Yes,Basic,State Board,34.82,"Textbooks, Workbooks"
Female,Elementary,Medium,Beginner,Low,31,98,6.0,Yes,Fluent,ICSE,28.94,"Textbooks, Workbooks"
Male,High School,High,Intermediate,High,85,72,5.2,Yes,Basic,State Board,41.74,"Textbooks, Workbooks"
Male,Elementary,Medium,Beginner,Low,66,93,9.6,Yes,Basic,CBSE,52.71,"Educational Apps, Science Kits"
Female,High School,Medium,Intermediate,Low,33,78,9.6,Yes,Intermediate,IB,32.7,"Textbooks, Workbooks"
Male,High School,Medium,Beginner,Medium,73,78,0.8,Yes,Intermediate,State Board,42.94,"Textbooks, Workbooks"
Male,Elementary,Low,Advanced,Medium,74,62,3.0,No,Basic,ICSE,37.17,"Textbooks, Workbooks"
Male,Elementary,Medium,Intermediate,High,76,62,0.1,No,Basic,CBSE,36.97,"Textbooks, Workbooks"
Male,High School,High,Intermediate,Low,55,85,4.2,Yes,Intermediate,CBSE,39.71,"Textbooks, Workbooks"
Female,High School,Medium,Beginner,High,38,65,6.6,No,Basic,IB,23.41,"Textbooks, Workbooks"
Female,Elementary,High,Beginner,High,77,72,4.7,Yes,Fluent,CBSE,37.39,"Textbooks, Workbooks"
Female,Elementary,Medium,Beginner,Medium,60,97,0.7,No,Basic,IB,38.98,"Textbooks, Workbooks"
Female,Elementary,Low,Beginner,High,84,86,2.0,Yes,Intermediate,State Board,44.37,"Textbooks, Workbooks"
Male,Elementary,Medium,Beginner,Medium,30,83,1.7,Yes,Fluent,State Board,27.46,"Textbooks, Workbooks"
Male,Elementary,Medium,Intermediate,Low,88,69,5.1,Yes,Basic,State Board,41.59,"Textbooks, Workbooks"
Female,High School,Medium,Advanced,Medium,40,75,6.8,Yes,Intermediate,ICSE,30.94,"Textbooks, Workbooks"
Female,Elementary,Low,Beginner,Low,31,82,3.2,Yes,Intermediate,State Board,32.46,"Textbooks, Workbooks"
Female,Elementary,Medium,Intermediate,High,75,71,1.3,Yes,Intermediate,IB,35.47,"Textbooks, Workbooks"
Male,High School,Low,Advanced,Low,30,87,8.0,Yes,Intermediate,State Board,34.78,"Textbooks, Workbooks"
Female,Elementary,Low,Advanced,Medium,99,72,8.6,Yes,Fluent,CBSE,53.77,"Educational Apps, Science Kits"
Female,Elementary,Medium,Beginner,Low,95,77,2.8,Yes,Basic,IB,43.53,"Textbooks, Workbooks"
Female,High School,Medium,Intermediate,Medium,31,61,4.2,No,Basic,State Board,28.88,"Textbooks, Workbooks"
Male,Elementary,High,Intermediate,Low,98,76,0.8,No,Basic,ICSE,51.19,"Educational Apps, Science Kits"
Male,High School,Medium,Intermediate,High,42,82,2.3,Yes,Basic,IB,24.01,"Textbooks, Workbooks"
Male,Elementary,High,Intermediate,Low,48,82,7.7,No,Intermediate,IB,39.3,"Textbooks, Workbooks"
Male,Elementary,Medium,Intermediate,High,76,60,3.7,Yes,Fluent,IB,36.75,"Textbooks, Workbooks"
Male,Elementary,High,Advanced,High,30,73,6.0,Yes,Intermediate,ICSE,26.62,"Textbooks, Workbooks"
Male,High School,Medium,Advanced,Medium,47,71,9.5,Yes,Fluent,State Board,26.84,"Textbooks, Workbooks"
Male,High School,High,Advanced,Low,61,73,7.2,No,Basic,CBSE,36.96,"Textbooks, Workbooks"
Male,High School,Medium,Intermediate,Low,40,97,4.5,Yes,Intermediate,CBSE,29.62,"Textbooks, Workbooks"
Female,High School,High,Advanced,High,49,75,3.7,Yes,Intermediate,ICSE,31.44,"Textbooks, Workbooks"
Female,Elementary,Medium,Advanced,Low,37,93,1.9,Yes,Basic,CBSE,25.2,"Textbooks, Workbooks"
Male,High School,Low,Beginner,Low,67,77,7.6,Yes,Fluent,IB,37.65,"Textbooks, Workbooks"
Male,High School,Medium,Advanced,Medium,35,69,1.1,No,Fluent,IB,20.18,"Textbooks, Workbooks"
Female,High School,Low,Beginner,Low,31,78,0.6,Yes,Fluent,CBSE,28.59,"Textbooks, Workbooks"
Male,Elementary,Medium,Intermediate,Low,84,89,1.0,Yes,Intermediate,IB,42.93,"Textbooks, Workbooks"
Male,Elementary,Low,Intermediate,Medium,32,63,2.4,Yes,Intermediate,ICSE,25.04,"Textbooks, Workbooks"
Male,High School,Medium,Intermediate,Medium,95,66,6.3,Yes,Intermediate,IB,49.19,"Textbooks, Workbooks"
Female,High School,High,Intermediate,Low,55,75,8.6,Yes,Fluent,ICSE,35.03,"Textbooks, Workbooks"
Female,Elementary,Medium,Advanced,Medium,77,96,9.9,Yes,Intermediate,State Board,51.42,"Educational Apps, Science Kits"
Female,High School,High,Beginner,Medium,37,64,7.3,No,Fluent,IB,29.34,"Textbooks, Workbooks"
Female,High School,Medium,Intermediate,High,96,98,1.5,Yes,Basic,State Board,46.32,"Textbooks, Workbooks"
Female,High School,Medium,Intermediate,Low,98,92,2.8,No,Intermediate,CBSE,49.68,"Textbooks, Workbooks"
Male,High School,High,Beginner,Medium,59,94,1.3,Yes,Intermediate,CBSE,43.71,"Textbooks, Workbooks"
Female,Elementary,High,Beginner,Medium,56,93,1.2,Yes,Basic,IB,29.88,"Textbooks, Workbooks"
Male,Elementary,High,Beginner,Medium,72,92,5.7,Yes,Basic,ICSE,42.03,"Textbooks, Workbooks"
Male,Elementary,Medium,Beginner,Low,34,98,9.1,Yes,Fluent,ICSE,37.17,"Textbooks, Workbooks"
Female,High School,Medium,Beginner,Low,49,69,6.8,Yes,Basic,ICSE,27.37,"Textbooks, Workbooks"
Female,High School,Medium,Advanced,High,81,62,8.0,Yes,Intermediate,ICSE,42.81,"Textbooks, Workbooks"
Male,Elementary,Medium,Beginner,Medium,50,88,5.1,Yes,Basic,ICSE,40.03,"Textbooks, Workbooks"
Male,Elementary,Medium,Advanced,Medium,32,94,4.8,Yes,Basic,ICSE,28.29,"Textbooks, Workbooks"
Male,Elementary,High,Beginner,High,70,90,9.4,Yes,Intermediate,ICSE,50.34,"Educational Apps, Science Kits"
Female,High School,High,Beginner,Medium,93,98,7.2,Yes,Fluent,CBSE,49.24,"Textbooks, Workbooks"
Female,Elementary,Medium,Intermediate,Medium,97,74,4.6,Yes,Intermediate,State Board,54.17,"Educational Apps, Science Kits"
Female,High School,Low,Intermediate,Low,53,60,3.3,Yes,Intermediate,State Board,39.49,"Textbooks, Workbooks"
Female,High School,High,Intermediate,High,81,78,0.9,Yes,Basic,CBSE,33.2,"Textbooks, Workbooks"
Female,Elementary,Low,Intermediate,Medium,31,96,8.2,Yes,Basic,CBSE,39.2,"Textbooks, Workbooks"
Male,Elementary,Medium,Intermediate,Medium,73,86,1.7,Yes,Intermediate,CBSE,39.3,"Textbooks, Workbooks"
Female,High School,Low,Intermediate,Medium,70,80,5.2,Yes,Basic,IB,39.36,"Textbooks, Workbooks"
Male,Elementary,Medium,Beginner,High,99,66,6.4,No,Fluent,ICSE,45.15,"Textbooks, Workbooks"
Male,Elementary,High,Beginner,High,36,92,7.4,Yes,Basic,State Board,28.82,"Textbooks, Workbooks"
Male,High School,Low,Intermediate,Low,67,61,0.8,Yes,Fluent,CBSE,36.15,"Textbooks, Workbooks"
Female,High School,Medium,Intermediate,Medium,74,73,0.1,Yes,Intermediate,ICSE,35.16,"Textbooks, Workbooks"
Female,High School,Medium,Intermediate,Medium,38,62,7.1,Yes,Basic,ICSE,20.71,"Textbooks, Workbooks"
Female,High School,High,Beginner,Low,82,73,4.5,Yes,Basic,ICSE,46.84,"Textbooks, Workbooks"
Male,High School,High,Intermediate,High,57,64,1.8,Yes,Fluent,ICSE,31.97,"Textbooks, Workbooks"
Male,Elementary,Medium,Intermediate,Low,48,76,9.8,Yes,Fluent,IB,34.63,"Textbooks, Workbooks"
Male,High School,Low,Beginner,Medium,97,98,7.9,Yes,Intermediate,State Board,60.03,"Educational Apps, Science Kits"
Male,High School,Medium,Beginner,Medium,33,60,5.8,No,Intermediate,ICSE,28.41,"Textbooks, Workbooks"
Male,High School,Medium,Advanced,Medium,42,87,7.0,Yes,Intermediate,CBSE,36.41,"Textbooks, Workbooks"
Male,Elementary,Medium,Intermediate,Medium,40,97,1.6,Yes,Intermediate,CBSE,23.02,"Textbooks, Workbooks"
Female,High School,Low,Beginner,High,31,73,9.6,Yes,Fluent,IB,31.36,"Textbooks, Workbooks"
Female,High School,Low,Advanced,Medium,99,76,10.0,Yes,Basic,IB,56.89,"Educational Apps, Science Kits"
Female,High School,Medium,Beginner,Low,41,74,6.5,Yes,Basic,State Board,28.63,"Textbooks, Workbooks"
Female,Elementary,Medium,Advanced,Medium,66,66,6.7,Yes,Intermediate,ICSE,36.36,"Textbooks, Workbooks"
Male,High School,High,Advanced,Low,85,66,7.0,Yes,Basic,IB,36.38,"Textbooks, Workbooks"
Male,High School,Low,Intermediate,Low,81,83,6.7,Yes,Intermediate,IB,37.38,"Textbooks, Workbooks"
Female,High School,Medium,Intermediate,Low,33,85,4.4,No,Basic,CBSE,32.27,"Textbooks, Workbooks"
Male,Elementary,High,Advanced,Low,33,73,5.4,Yes,Basic,IB,26.17,"Textbooks, Workbooks"
Female,Elementary,Medium,Intermediate,Medium,78,78,2.8,Yes,Basic,CBSE,37.75,"Textbooks, Workbooks"
Female,Elementary,High,Beginner,Medium,81,85,4.5,No,Basic,State Board,42.76,"Textbooks, Workbooks"
Female,Elementary,Low,Beginner,Low,63,75,4.4,No,Fluent,State Board,41.4,"Textbooks, Workbooks"
Male,High School,Medium,Advanced,High,51,93,2.9,Yes,Basic,CBSE,41.96,"Textbooks, Workbooks"
Female,High School,High,Advanced,Low,42,61,7.9,Yes,Fluent,CBSE,34.35,"Textbooks, Workbooks"
Female,Elementary,Medium,Beginner,High,92,60,4.1,Yes,Fluent,State Board,43.71,"Textbooks, Workbooks"
Female,Elementary,High,Beginner,Medium,44,95,5.5,Yes,Fluent,ICSE,42.36,"Textbooks, Workbooks"
Male,High School,Medium,Advanced,Low,69,94,1.6,Yes,Basic,CBSE,36.56,"Textbooks, Workbooks"
Male,High School,Medium,Beginner,High,67,83,4.7,Yes,Intermediate,IB,34.96,"Textbooks, Workbooks"
Female,Elementary,Medium,Beginner,Medium,84,64,7.6,Yes,Intermediate,State Board,48.03,"Textbooks, Workbooks"
Male,Elementary,Medium,Advanced,Medium,73,88,4.4,Yes,Fluent,IB,45.81,"Textbooks, Workbooks"
Male,Elementary,Low,Intermediate,Low,95,60,5.6,No,Fluent,State Board,47.49,"Textbooks, Workbooks"
Male,Elementary,Medium,Beginner,High,95,68,7.0,Yes,Basic,CBSE,50.32,"Educational Apps, Science Kits"
Male,High School,Medium,Intermediate,Medium,72,95,3.9,No,Intermediate,CBSE,37.95,"Textbooks, Workbooks"
Male,Elementary,Medium,Intermediate,Low,67,75,3.5,Yes,Fluent,CBSE,38.13,"Textbooks, Workbooks"
Male,Elementary,High,Beginner,Low,58,74,0.9,Yes,Intermediate,CBSE,26.7,"Textbooks, Workbooks"
Male,High School,Medium,Intermediate,High,85,69,5.8,Yes,Intermediate,CBSE,45.51,"Textbooks, Workbooks"
Male,High School,High,Advanced,Low,35,96,7.1,Yes,Basic,State Board,38.76,"Textbooks, Workbooks"
Male,High School,Medium,Beginner,Low,38,75,5.8,Yes,Fluent,IB,31.59,"Textbooks, Workbooks"
Male,High School,Medium,Beginner,Medium,51,97,2.8,No,Basic,ICSE,32.55,"Textbooks, Workbooks"
Female,High School,High,Intermediate,High,75,95,2.6,Yes,Intermediate,State Board,43.22,"Textbooks, Workbooks"
Female,Elementary,Medium,Beginner,Low,60,74,1.6,No,Intermediate,CBSE,32.66,"Textbooks, Workbooks"
Male,Elementary,Medium,Beginner,Low,50,62,0.5,Yes,Fluent,CBSE,25.8,"Textbooks, Workbooks"
Female,Elementary,Low,Intermediate,High,67,78,4.3,Yes,Fluent,ICSE,37.53,"Textbooks, Workbooks"
Female,High School,Medium,Intermediate,Low,81,96,1.6,Yes,Basic,CBSE,39.31,"Textbooks, Workbooks"
Male,Elementary,Medium,Beginner,Medium,48,62,6.9,Yes,Basic,IB,33.22,"Textbooks, Workbooks"
Male,High School,High,Beginner,High,39,67,9.6,Yes,Basic,IB,31.56,"Textbooks, Workbooks"
Male,Elementary,Medium,Advanced,High,75,83,0.7,Yes,Fluent,ICSE,44.68,"Textbooks, Workbooks"
Female,Elementary,High,Advanced,Low,95,73,8.9,Yes,Fluent,CBSE,53.15,"Educational Apps, Science Kits"
Female,High School,Medium,Beginner,Medium,67,94,6.6,Yes,Fluent,CBSE,50.23,"Educational Apps, Science Kits"
Male,High School,Medium,Beginner,Low,91,75,8.6,Yes,Intermediate,IB,56.11,"Educational Apps, Science Kits"
Male,Elementary,Medium,Advanced,High,75,66,1.5,No,Basic,IB,31.57,"Textbooks, Workbooks"
Male,Elementary,High,Intermediate,High,64,94,9.1,Yes,Basic,CBSE,42.03,"Textbooks, Workbooks"
Female,Elementary,High,Beginner,Low,72,67,9.6,Yes,Fluent,CBSE,37.67,"Textbooks, Workbooks"
Female,Elementary,Low,Advanced,Medium,59,71,9.1,Yes,Fluent,CBSE,35.02,"Textbooks, Workbooks"
Female,Elementary,Medium,Advanced,High,92,75,7.9,Yes,Basic,CBSE,46.81,"Textbooks, Workbooks"
Female,High School,Medium,Beginner,Low,59,63,0.9,Yes,Intermediate,CBSE,38.18,"Textbooks, Workbooks"
Male,High School,Low,Beginner,Low,58,94,2.2,No,Basic,IB,43.16,"Textbooks, Workbooks"
Male,High School,Medium,Advanced,Low,95,91,9.1,Yes,Fluent,State Board,55.59,"Educational Apps, Science Kits"
Male,High School,High,Beginner,Medium,51,71,2.3,Yes,Basic,IB,28.57,"Textbooks, Workbooks"
Male,Elementary,Medium,Intermediate,High,64,80,3.5,Yes,Basic,IB,30.91,"Textbooks, Workbooks"
Female,Elementary,High,Beginner,High,71,74,0.5,No,Basic,State Board,33.62,"Textbooks, Workbooks"
Female,High School,Medium,Advanced,Low,53,94,6.3,Yes,Intermediate,IB,38.71,"Textbooks, Workbooks"
Male,Elementary,Medium,Advanced,Low,55,62,5.6,No,Fluent,ICSE,29.9,"Textbooks, Workbooks"
Male,High School,Low,Beginner,Medium,60,61,9.6,Yes,Basic,IB,42.5,"Textbooks, Workbooks"
Female,Elementary,High,Advanced,High,31,65,8.9,Yes,Intermediate,State Board,36.08,"Textbooks, Workbooks"
Male,Elementary,High,Intermediate,Medium,68,75,5.1,Yes,Basic,CBSE,36.05,"Textbooks, Workbooks"
Female,Elementary,Medium,Beginner,Medium,41,82,6.1,Yes,Intermediate,IB,31.79,"Textbooks, Workbooks"
Male,High School,Low,Beginner,Medium,73,90,4.1,Yes,Fluent,IB,41.33,"Textbooks, Workbooks"
Male,High School,Medium,Advanced,Low,72,89,1.3,Yes,Fluent,State Board,38.34,"Textbooks, Workbooks"
Male,High School,Low,Intermediate,Medium,96,62,8.7,Yes,Intermediate,IB,46.3,"Textbooks, Workbooks"
Male,High School,Medium,Beginner,High,67,75,5.5,Yes,Intermediate,ICSE,36.61,"Textbooks, Workbooks"
Male,Elementary,High,Advanced,Low,95,63,4.3,Yes,Basic,IB,40.64,"Textbooks, Workbooks"
Male,Elementary,Low,Beginner,Medium,69,95,0.7,Yes,Intermediate,IB,41.47,"Textbooks, Workbooks"
Male,Elementary,High,Intermediate,Low,51,87,6.7,Yes,Fluent,CBSE,39.3,"Textbooks, Workbooks"
Female,Elementary,Medium,Advanced,Medium,92,87,4.0,Yes,Fluent,CBSE,54.04,"Educational Apps, Science Kits"
Female,High School,Medium,Beginner,Medium,88,62,2.5,Yes,Fluent,State Board,36.58,"Textbooks, Workbooks"
Female,Elementary,High,Advanced,Medium,48,85,8.8,No,Fluent,CBSE,31.74,"Textbooks, Workbooks"
Female,Elementary,Low,Advanced,High,49,98,1.8,Yes,Fluent,CBSE,27.74,"Textbooks, Workbooks"
Female,Elementary,High,Intermediate,Medium,72,72,5.2,Yes,Fluent,ICSE,36.07,"Textbooks, Workbooks"
Male,High School,Low,Intermediate,Medium,87,66,8.0,Yes,Fluent,IB,53.14,"Educational Apps, Science Kits"
Male,High School,Medium,Beginner,Low,83,72,8.5,No,Basic,ICSE,42.59,"Textbooks, Workbooks"
Female,High School,High,Advanced,High,69,63,8.2,Yes,Fluent,IB,40.87,"Textbooks, Workbooks"
Male,Elementary,High,Advanced,Low,56,75,9.0,Yes,Intermediate,CBSE,45.61,"Textbooks, Workbooks"
Female,High School,Medium,Advanced,High,42,87,1.4,Yes,Intermediate,IB,30.78,"Textbooks, Workbooks"
Female,Elementary,Medium,Beginner,Low,76,72,9.4,Yes,Basic,IB,43.5,"Textbooks, Workbooks"
Male,Elementary,High,Intermediate,Low,52,69,0.1,Yes,Fluent,IB,18.14,"Textbooks, Workbooks"
Male,Elementary,High,Intermediate,Low,88,64,2.6,Yes,Fluent,ICSE,41.14,"Textbooks, Workbooks"
Male,High School,Low,Advanced,High,36,95,0.8,Yes,Fluent,CBSE,30.22,"Textbooks, Workbooks"
Female,High School,High,Beginner,Medium,79,78,9.5,Yes,Fluent,State Board,46.39,"Textbooks, Workbooks"
Male,Elementary,Medium,Advanced,Low,95,89,4.2,No,Fluent,CBSE,49.2,"Textbooks, Workbooks"
Female,Elementary,Medium,Intermediate,Low,32,87,3.2,Yes,Fluent,ICSE,22.7,"Textbooks, Workbooks"
Female,High School,Medium,Advanced,Medium,68,90,1.7,Yes,Basic,ICSE,46.84,"Textbooks, Workbooks"
Female,High School,Medium,Advanced,Low,36,95,1.6,Yes,Basic,ICSE,27.47,"Textbooks, Workbooks"
Male,High School,High,Advanced,Medium,97,60,6.1,Yes,Intermediate,State Board,50.49,"Educational Apps, Science Kits"
Male,Elementary,Medium,Intermediate,Low,84,68,0.5,Yes,Intermediate,State Board,39.62,"Textbooks, Workbooks"
Female,Elementary,High,Beginner,Medium,37,71,5.9,Yes,Intermediate,State Board,27.44,"Textbooks, Workbooks"
Male,Elementary,Low,Advanced,Low,61,82,7.7,Yes,Fluent,CBSE,39.02,"Textbooks, Workbooks"
Male,High School,High,Intermediate,Medium,48,71,6.0,Yes,Basic,CBSE,37.45,"Textbooks, Workbooks"
Male,High School,High,Advanced,Medium,41,68,8.3,Yes,Basic,CBSE,29.55,"Textbooks, Workbooks"
Female,High School,Medium,Beginner,Low,86,85,2.7,Yes,Fluent,ICSE,46.73,"Textbooks, Workbooks"
Female,Elementary,Medium,Advanced,Medium,39,89,0.8,Yes,Fluent,State Board,29.7,"Textbooks, Workbooks"
Male,Elementary,Medium,Beginner,Medium,50,79,7.2,Yes,Basic,State Board,32.49,"Textbooks, Workbooks"
Female,High School,High,Intermediate,Low,49,75,8.3,No,Intermediate,ICSE,31.93,"Textbooks, Workbooks"
Male,Elementary,High,Beginner,Medium,33,72,5.0,Yes,Intermediate,CBSE,28.92,"Textbooks, Workbooks"
Male,High School,Low,Beginner,Medium,48,94,8.2,No,Intermediate,IB,46.01,"Textbooks, Workbooks"
Male,Elementary,High,Intermediate,Medium,58,63,4.6,Yes,Intermediate,IB,27.85,"Textbooks, Workbooks"
Male,High School,Medium,Beginner,Low,93,84,2.0,Yes,Intermediate,CBSE,44.4,"Textbooks, Workbooks"
Female,Elementary,Medium,Beginner,Low,40,72,4.7,Yes,Intermediate,State Board,29.3,"Textbooks, Workbooks"
Female,Elementary,High,Intermediate,Low,62,87,2.2,Yes,Basic,IB,37.42,"Textbooks, Workbooks"
Female,High School,Medium,Beginner,Medium,54,71,4.7,Yes,Fluent,ICSE,33.13,"Textbooks, Workbooks"
Male,High School,High,Beginner,Medium,62,83,1.5,Yes,Basic,State Board,45.9,"Textbooks, Workbooks"
Male,High School,Medium,Advanced,Medium,55,87,1.9,Yes,Basic,CBSE,33.35,"Textbooks, Workbooks"
Male,High School,Low,Beginner,High,65,60,8.8,Yes,Fluent,ICSE,32.6,"Textbooks, Workbooks"
Female,High School,Medium,Beginner,Low,40,93,1.2,Yes,Intermediate,IB,35.83,"Textbooks, Workbooks"
Male,Elementary,Low,Beginner,High,59,62,2.2,No,Intermediate,CBSE,27.12,"Textbooks, Workbooks"
Female,High School,High,Intermediate,Low,86,81,10.0,Yes,Fluent,State Board,50.09,"Educational Apps, Science Kits"
Female,High School,Medium,Beginner,High,39,80,5.8,Yes,Basic,IB,28.02,"Textbooks, Workbooks"
Female,High School,Medium,Intermediate,Medium,54,86,5.9,Yes,Fluent,ICSE,33.9,"Textbooks, Workbooks"
Female,Elementary,Low,Intermediate,High,97,80,8.4,Yes,Basic,CBSE,47.19,"Textbooks, Workbooks"
Female,High School,Medium,Beginner,Low,86,81,5.2,No,Fluent,State Board,49.3,"Textbooks, Workbooks"
Female,High School,High,Beginner,Medium,63,72,2.2,Yes,Fluent,ICSE,38.91,"Textbooks, Workbooks"
Male,High School,Low,Beginner,Medium,83,75,4.2,Yes,Basic,ICSE,45.86,"Textbooks, Workbooks"
Male,Elementary,Medium,Beginner,High,80,83,7.6,Yes,Intermediate,ICSE,53.02,"Educational Apps, Science Kits"
Female,Elementary,High,Beginner,High,35,76,8.7,Yes,Basic,ICSE,28.32,"Textbooks, Workbooks"
Female,High School,Medium,Beginner,Low,88,64,2.7,Yes,Basic,CBSE,40.98,"Textbooks, Workbooks"
Male,Elementary,High,Beginner,Medium,83,97,2.6,Yes,Intermediate,IB,43.07,"Textbooks, Workbooks"
Female,High School,Low,Intermediate,Medium,46,86,3.3,No,Intermediate,State Board,34.36,"Textbooks, Workbooks"
Female,Elementary,Medium,Advanced,Low,55,91,6.0,No,Intermediate,State Board,39.32,"Textbooks, Workbooks"
Male,High School,High,Intermediate,Low,38,85,2.8,No,Basic,IB,22.72,"Textbooks, Workbooks"
Female,Elementary,High,Beginner,High,31,66,8.9,Yes,Fluent,ICSE,34.22,"Textbooks, Workbooks"
Female,High School,Medium,Advanced,Medium,49,95,9.8,Yes,Intermediate,ICSE,36.49,"Textbooks, Workbooks"
Female,High School,Medium,Advanced,Low,35,66,6.8,Yes,Fluent,ICSE,21.73,"Textbooks, Workbooks"
Male,Elementary,Medium,Beginner,Low,84,86,9.7,Yes,Basic,State Board,44.93,"Textbooks, Workbooks"
Male,High School,Low,Beginner,Low,77,97,2.9,Yes,Intermediate,IB,49.1,"Textbooks, Workbooks"
Male,High School,High,Intermediate,Medium,87,83,8.2,Yes,Basic,CBSE,56.35,"Educational Apps, Science Kits"
Female,High School,Medium,Advanced,Medium,71,83,6.8,Yes,Fluent,IB,42.39,"Textbooks, Workbooks"
Female,High School,Medium,Advanced,Medium,50,88,2.6,No,Basic,IB,36.79,"Textbooks, Workbooks"
Male,Elementary,High,Beginner,Low,35,86,3.2,Yes,Intermediate,ICSE,24.68,"Textbooks, Workbooks"
Female,High School,Medium,Beginner,Medium,59,93,4.9,Yes,Intermediate,ICSE,41.49,"Textbooks, Workbooks"
Female,Elementary,Medium,Advanced,Low,52,80,7.9,Yes,Basic,State Board,38.86,"Textbooks, Workbooks"
Female,Elementary,High,Advanced,High,65,60,8.7,Yes,Fluent,CBSE,33.61,"Textbooks, Workbooks"
Female,Elementary,High,Beginner,Low,32,69,6.3,Yes,Basic,ICSE,27.22,"Textbooks, Workbooks"
Female,Elementary,Medium,Beginner,High,63,89,7.2,Yes,Basic,State Board,41.87,"Textbooks, Workbooks"
Male,High School,Low,Beginner,Medium,59,87,2.6,Yes,Intermediate,State Board,32.72,"Textbooks, Workbooks"
Female,High School,Medium,Intermediate,Medium,71,89,7.4,No,Intermediate,State Board,47.72,"Textbooks, Workbooks"
Male,Elementary,Medium,Intermediate,Low,50,87,6.0,Yes,Intermediate,State Board,31.22,"Textbooks, Workbooks"
Female,High School,Medium,Beginner,Medium,33,88,2.2,Yes,Basic,State Board,30.83,"Textbooks, Workbooks"
Male,Elementary,High,Intermediate,High,78,90,9.5,Yes,Basic,ICSE,56.07,"Educational Apps, Science Kits"
Female,High School,High,Advanced,Low,77,63,5.1,No,Fluent,ICSE,42.54,"Textbooks, Workbooks"
Male,High School,High,Advanced,Low,80,78,7.9,No,Basic,IB,49.86,"Textbooks, Workbooks"
Female,High School,Medium,Beginner,Medium,53,69,5.3,Yes,Basic,CBSE,37.12,"Textbooks, Workbooks"
Male,Elementary,High,Advanced,Low,75,90,9.3,Yes,Fluent,State Board,51.4,"Educational Apps, Science Kits"
Female,Elementary,Medium,Advanced,Medium,56,93,1.4,No,Intermediate,CBSE,33.77,"Textbooks, Workbooks"
Male,High School,Low,Advanced,Low,80,98,5.5,Yes,Intermediate,State Board,49.42,"Textbooks, Workbooks"
Female,Elementary,Low,Advanced,Medium,49,90,0.3,Yes,Fluent,IB,33.24,"Textbooks, Workbooks"
Male,Elementary,Medium,Advanced,Medium,47,70,2.0,Yes,Fluent,State Board,23.02,"Textbooks, Workbooks"
Male,High School,High,Intermediate,Low,37,95,2.8,Yes,Fluent,State Board,28.5,"Textbooks, Workbooks"
Female,Elementary,Medium,Intermediate,Medium,56,91,4.7,Yes,Basic,IB,34.36,"Textbooks, Workbooks"
Female,High School,Medium,Beginner,Medium,43,82,8.2,No,Intermediate,ICSE,32.54,"Textbooks, Workbooks"
Male,High School,High,Advanced,Low,47,99,4.7,Yes,Fluent,CBSE,40.41,"Textbooks, Workbooks"
Female,High School,Low,Intermediate,Medium,94,98,5.6,No,Basic,IB,50.3,"Educational Apps, Science Kits"
Male,Elementary,High,Intermediate,Medium,60,62,9.2,Yes,Intermediate,IB,35.86,"Textbooks, Workbooks"
Male,High School,Medium,Intermediate,Low,49,87,7.6,Yes,Basic,ICSE,37.36,"Textbooks, Workbooks"
Male,High School,Low,Advanced,High,99,84,0.5,No,Fluent,State Board,46.23,"Textbooks, Workbooks"
Female,Elementary,High,Intermediate,Medium,74,87,1.8,Yes,Fluent,ICSE,36.96,"Textbooks, Workbooks"
Male,Elementary,Low,Beginner,Low,30,78,0.4,Yes,Fluent,State Board,23.9,"Textbooks, Workbooks"
Male,Elementary,Medium,Beginner,High,48,78,0.7,Yes,Fluent,CBSE,29.53,"Textbooks, Workbooks"
Female,Elementary,Medium,Advanced,Medium,68,88,3.4,Yes,Fluent,CBSE,37.45,"Textbooks, Workbooks"
Female,High School,Low,Beginner,Medium,56,78,7.3,Yes,Fluent,CBSE,38.61,"Textbooks, Workbooks"
Female,Elementary,Low,Intermediate,Low,85,77,2.4,Yes,Basic,ICSE,41.41,"Textbooks, Workbooks"
Female,Elementary,Low,Advanced,High,45,83,3.9,Yes,Intermediate,CBSE,35.51,"Textbooks, Workbooks"
Male,Elementary,Low,Beginner,High,36,97,3.9,Yes,Intermediate,ICSE,23.75,"Textbooks, Workbooks"
Male,Elementary,High,Advanced,Medium,49,75,5.9,Yes,Intermediate,CBSE,31.47,"Textbooks, Workbooks"
Male,High School,Medium,Intermediate,Low,60,77,8.9,Yes,Basic,ICSE,40.76,"Textbooks, Workbooks"
Male,Elementary,Medium,Beginner,Low,54,72,9.8,Yes,Basic,CBSE,36.74,"Textbooks, Workbooks"
Female,High School,Medium,Intermediate,Medium,30,63,6.0,Yes,Fluent,IB,19.53,"Textbooks, Workbooks"
Male,Elementary,High,Beginner,Low,46,72,5.1,Yes,Intermediate,ICSE,39.68,"Textbooks, Workbooks"
Male,High School,High,Advanced,Medium,56,94,6.8,Yes,Basic,IB,40.06,"Textbooks, Workbooks"
Female,High School,High,Beginner,Medium,53,63,6.7,Yes,Basic,CBSE,28.61,"Textbooks, Workbooks"
Male,Elementary,High,Beginner,High,91,78,5.2,Yes,Intermediate,ICSE,50.91,"Educational Apps, Science Kits"
Male,High School,Medium,Beginner,Medium,81,83,7.4,Yes,Basic,CBSE,45.43,"Textbooks, Workbooks"
Male,Elementary,Medium,Advanced,Low,80,92,4.9,Yes,Fluent,ICSE,50.52,"Educational Apps, Science Kits"
Male,High School,Medium,Beginner,High,95,92,10.0,Yes,Intermediate,State Board,53.66,"Educational Apps, Science Kits"
Male,High School,Medium,Intermediate,High,86,68,0.5,Yes,Fluent,IB,43.87,"Textbooks, Workbooks"
Male,High School,Medium,Advanced,Medium,84,62,4.4,Yes,Basic,State Board,42.1,"Textbooks, Workbooks"
Female,Elementary,Medium,Advanced,Low,82,62,4.0,No,Basic,CBSE,41.08,"Textbooks, Workbooks"
Female,High School,High,Intermediate,Medium,48,89,7.7,Yes,Basic,ICSE,34.51,"Textbooks, Workbooks"
Male,Elementary,High,Advanced,High,42,77,1.9,Yes,Intermediate,IB,26.62,"Textbooks, Workbooks"
Male,High School,Medium,Beginner,Low,58,61,4.3,Yes,Basic,IB,34.48,"Textbooks, Workbooks"
Female,High School,High,Advanced,Medium,35,91,7.0,No,Intermediate,IB,31.52,"Textbooks, Workbooks"
Male,High School,Medium,Intermediate,Medium,30,68,6.0,No,Basic,CBSE,22.34,"Textbooks, Workbooks"
Male,High School,Low,Advanced,Medium,53,61,5.5,No,Fluent,CBSE,29.24,"Textbooks, Workbooks"
Male,High School,Medium,Intermediate,High,35,79,4.3,Yes,Fluent,IB,30.58,"Textbooks, Workbooks"
Female,High School,Medium,Advanced,Medium,77,86,7.5,Yes,Intermediate,ICSE,49.15,"Textbooks, Workbooks"
Male,Elementary,Low,Intermediate,Medium,49,95,6.5,No,Basic,CBSE,41.63,"Textbooks, Workbooks"
Female,Elementary,High,Advanced,Medium,96,78,8.7,No,Intermediate,CBSE,50.85,"Educational Apps, Science Kits"
Male,Elementary,Medium,Beginner,Low,84,75,7.3,Yes,Basic,CBSE,53.92,"Educational Apps, Science Kits"
Female,High School,Medium,Intermediate,Medium,47,85,1.4,Yes,Intermediate,State Board,35.11,"Textbooks, Workbooks"
Female,Elementary,Low,Intermediate,High,50,73,6.2,No,Fluent,IB,33.83,"Textbooks, Workbooks"
Male,High School,Low,Advanced,High,93,77,0.4,No,Intermediate,ICSE,44.34,"Textbooks, Workbooks"
Female,Elementary,High,Advanced,Medium,66,87,3.9,Yes,Basic,CBSE,42.47,"Textbooks, Workbooks"
Male,Elementary,Medium,Advanced,Low,48,78,4.1,Yes,Intermediate,ICSE,29.18,"Textbooks, Workbooks"
Female,High School,High,Beginner,High,85,89,8.5,Yes,Fluent,CBSE,44.27,"Textbooks, Workbooks"
Male,High School,High,Advanced,Medium,91,80,1.8,Yes,Basic,CBSE,45.83,"Textbooks, Workbooks"
Male,Elementary,Medium,Intermediate,High,47,80,6.4,Yes,Fluent,ICSE,34.78,"Textbooks, Workbooks"
Female,Elementary,Medium,Advanced,Low,59,89,1.9,Yes,Basic,ICSE,32.74,"Textbooks, Workbooks"
Male,Elementary,High,Beginner,Medium,85,96,9.5,Yes,Basic,ICSE,49.47,"Textbooks, Workbooks"
Male,Elementary,High,Advanced,Low,71,91,5.3,Yes,Fluent,IB,47.15,"Textbooks, Workbooks"
Female,High School,Medium,Advanced,High,82,89,7.1,Yes,Basic,ICSE,48.54,"Textbooks, Workbooks"
Male,Elementary,High,Intermediate,High,79,81,6.5,Yes,Intermediate,ICSE,38.52,"Textbooks, Workbooks"
Male,High School,High,Advanced,Medium,33,83,3.0,Yes,Basic,ICSE,16.65,"Textbooks, Workbooks"
Female,High School,Medium,Beginner,Low,92,69,9.0,Yes,Intermediate,ICSE,40.29,"Textbooks, Workbooks"
Female,Elementary,Medium,Advanced,Low,96,83,6.3,No,Basic,ICSE,57.56,"Educational Apps, Science Kits"
Male,High School,High,Advanced,Medium,85,60,5.1,Yes,Fluent,ICSE,39.88,"Textbooks, Workbooks"
Male,Elementary,Medium,Intermediate,Medium,78,94,5.3,Yes,Intermediate,ICSE,45.02,"Textbooks, Workbooks"
Female,High School,Low,Advanced,Medium,51,75,8.9,Yes,Basic,CBSE,46.95,"Textbooks, Workbooks"
Female,High School,Medium,Intermediate,Medium,41,64,0.6,Yes,Fluent,ICSE,20.82,"Textbooks, Workbooks"
Male,Elementary,Low,Intermediate,Medium,78,90,3.9,Yes,Basic,ICSE,47.97,"Textbooks, Workbooks"
Female,High School,Medium,Advanced,Low,42,96,8.4,No,Intermediate,State Board,35.94,"Textbooks, Workbooks"
Male,High School,High,Intermediate,Medium,62,84,0.4,Yes,Intermediate,ICSE,38.59,"Textbooks, Workbooks"
Male,Elementary,Low,Intermediate,Medium,76,84,6.4,Yes,Basic,State Board,46.69,"Textbooks, Workbooks"
Male,High School,Medium,Advanced,High,93,62,4.0,Yes,Intermediate,ICSE,36.43,"Textbooks, Workbooks"
Male,High School,Medium,Advanced,Medium,46,97,2.0,Yes,Fluent,ICSE,29.3,"Textbooks, Workbooks"
Male,Elementary,Medium,Beginner,Medium,63,91,6.1,Yes,Intermediate,CBSE,37.41,"Textbooks, Workbooks"
Female,Elementary,Medium,Beginner,Low,97,79,8.3,Yes,Basic,State Board,53.35,"Educational Apps, Science Kits"
Female,High School,Medium,Intermediate,High,68,89,4.7,Yes,Intermediate,IB,38.84,"Textbooks, Workbooks"
Female,High School,Low,Intermediate,Low,30,61,1.5,Yes,Intermediate,ICSE,22.5,"Textbooks, Workbooks"
Female,High School,Medium,Advanced,Medium,34,64,3.1,No,Intermediate,CBSE,26.99,"Textbooks, Workbooks"
Male,Elementary,Medium,Beginner,High,69,78,9.8,Yes,Basic,IB,51.31,"Educational Apps, Science Kits"
Male,High School,Medium,Beginner,Medium,92,79,1.1,Yes,Basic,State Board,47.04,"Textbooks, Workbooks"
Male,High School,High,Advanced,Medium,30,81,1.6,Yes,Intermediate,ICSE,24.54,"Textbooks, Workbooks"
Male,High School,Medium,Advanced,Low,64,70,9.9,Yes,Intermediate,CBSE,42.09,"Textbooks, Workbooks"
Female,High School,Low,Advanced,High,46,77,8.8,No,Intermediate,IB,28.41,"Textbooks, Workbooks"
Male,High School,High,Advanced,Low,89,86,7.1,No,Fluent,IB,47.62,"Textbooks, Workbooks"
Male,High School,Medium,Beginner,Low,30,90,1.5,Yes,Basic,IB,22.13,"Textbooks, Workbooks"
Female,Elementary,Medium,Advanced,Low,33,94,2.4,Yes,Basic,IB,33.2,"Textbooks, Workbooks"
Female,Elementary,Medium,Advanced,Low,38,80,1.8,No,Basic,IB,30.61,"Textbooks, Workbooks"
Female,High School,Medium,Beginner,High,74,79,6.3,Yes,Basic,CBSE,35.39,"Textbooks, Workbooks"
Female,High School,High,Advanced,Medium,61,68,4.0,Yes,Fluent,ICSE,37.71,"Textbooks, Workbooks"
Male,Elementary,High,Beginner,Medium,98,90,0.5,Yes,Basic,State Board,51.78,"Educational Apps, Science Kits"
Male,Elementary,Medium,Beginner,High,43,68,2.9,Yes,Intermediate,IB,24.94,"Textbooks, Workbooks"
Female,Elementary,Medium,Advanced,Low,80,66,8.6,No,Basic,CBSE,48.25,"Textbooks, Workbooks"
Male,High School,Medium,Advanced,Low,52,92,8.0,No,Intermediate,ICSE,40.05,"Textbooks, Workbooks"
Male,High School,High,Intermediate,Medium,75,60,6.4,No,Basic,CBSE,34.99,"Textbooks, Workbooks"
Male,High School,High,Intermediate,Medium,56,78,0.9,Yes,Fluent,State Board,26.55,"Textbooks, Workbooks"
Female,High School,Low,Beginner,Medium,65,62,8.8,Yes,Fluent,CBSE,49.94,"Textbooks, Workbooks"
Male,Elementary,Low,Beginner,Low,97,98,5.3,No,Fluent,IB,52.12,"Educational Apps, Science Kits"
Female,Elementary,Medium,Intermediate,Medium,61,71,4.9,Yes,Fluent,ICSE,37.75,"Textbooks, Workbooks"
Male,Elementary,Low,Beginner,Low,95,89,9.3,Yes,Fluent,CBSE,47.98,"Textbooks, Workbooks"
Male,Elementary,Medium,Intermediate,Low,71,75,0.1,Yes,Basic,ICSE,43.38,"Textbooks, Workbooks"
Male,High School,Low,Advanced,Low,79,72,5.6,Yes,Intermediate,IB,46.44,"Textbooks, Workbooks"
Female,High School,Medium,Advanced,Medium,86,83,7.9,No,Intermediate,State Board,49.73,"Textbooks, Workbooks"
Male,Elementary,High,Advanced,Medium,93,76,0.6,Yes,Basic,State Board,51.25,"Educational Apps, Science Kits"
Female,Elementary,High,Beginner,Medium,75,86,3.6,Yes,Intermediate,ICSE,36.1,"Textbooks, Workbooks"
Female,Elementary,Medium,Advanced,High,83,88,9.8,Yes,Intermediate,IB,47.65,"Textbooks, Workbooks"
Female,Elementary,Medium,Beginner,High,82,73,2.1,Yes,Intermediate,State Board,41.4,"Textbooks, Workbooks"
Male,Elementary,High,Advanced,Medium,58,64,5.3,Yes,Basic,CBSE,31.92,"Textbooks, Workbooks"
Male,High School,Low,Beginner,High,66,97,7.5,Yes,Basic,ICSE,47.74,"Textbooks, Workbooks"
Male,High School,Medium,Beginner,High,98,65,3.9,No,Intermediate,ICSE,48.89,"Textbooks, Workbooks"
Male,Elementary,Medium,Intermediate,Medium,43,83,4.1,No,Basic,IB,36.6,"Textbooks, Workbooks"
Female,Elementary,Medium,Intermediate,Medium,56,99,0.6,Yes,Fluent,IB,36.39,"Textbooks, Workbooks"
Female,Elementary,Medium,Intermediate,High,34,92,1.9,Yes,Fluent,State Board,24.08,"Textbooks, Workbooks"
Female,High School,Low,Beginner,Medium,73,68,8.8,No,Intermediate,ICSE,41.72,"Textbooks, Workbooks"
Male,High School,Medium,Intermediate,Low,44,62,8.2,Yes,Fluent,CBSE,34.25,"Textbooks, Workbooks"
Female,High School,Medium,Intermediate,Medium,96,82,3.0,Yes,Fluent,CBSE,46.8,"Textbooks, Workbooks"
Male,Elementary,Medium,Intermediate,Low,30,80,3.8,No,Basic,CBSE,26.97,"Textbooks, Workbooks"
Female,High School,Low,Beginner,Medium,53,81,4.4,Yes,Fluent,CBSE,32.96,"Textbooks, Workbooks"
Male,Elementary,High,Beginner,Low,91,67,3.5,Yes,Intermediate,IB,46.55,"Textbooks, Workbooks"
Male,High School,Medium,Intermediate,Low,86,79,6.5,Yes,Fluent,State Board,49.47,"Textbooks, Workbooks"
Female,High School,Medium,Intermediate,Low,49,73,0.1,Yes,Fluent,IB,38.55,"Textbooks, Workbooks"
Female,High School,Medium,Beginner,High,87,89,8.8,No,Fluent,CBSE,44.38,"Textbooks, Workbooks"
Female,Elementary,Medium,Beginner,Low,43,67,3.0,Yes,Basic,CBSE,29.33,"Textbooks, Workbooks"
Female,Elementary,Low,Intermediate,Low,82,78,8.7,No,Basic,State Board,56.25,"Educational Apps, Science Kits"
Male,High School,High,Intermediate,Low,64,97,4.5,Yes,Basic,ICSE,46.24,"Textbooks, Workbooks"
Female,Elementary,Low,Intermediate,Medium,91,95,7.8,No,Fluent,IB,60.59,"Educational Apps, Science Kits"
Female,Elementary,Low,Beginner,High,90,65,8.3,Yes,Basic,State Board,43.32,"Textbooks, Workbooks"
Female,Elementary,High,Intermediate,Low,48,93,3.0,No,Basic,CBSE,34.24,"Textbooks, Workbooks"
Male,Elementary,Medium,Beginner,Low,71,69,6.4,Yes,Basic,CBSE,34.72,"Textbooks, Workbooks"
Male,Elementary,Medium,Advanced,Medium,73,90,6.1,Yes,Intermediate,ICSE,40.85,"Textbooks, Workbooks"
Female,Elementary,Medium,Intermediate,Medium,30,70,4.8,Yes,Intermediate,State Board,31.53,"Textbooks, Workbooks"
Male,Elementary,Medium,Advanced,Low,97,94,4.7,Yes,Fluent,State Board,47.05,"Textbooks, Workbooks"
Female,High School,High,Beginner,Medium,75,70,3.1,Yes,Fluent,CBSE,37.96,"Textbooks, Workbooks"
Male,Elementary,Medium,Advanced,Medium,80,99,3.1,Yes,Basic,ICSE,41.87,"Textbooks, Workbooks"
Male,Elementary,Medium,Intermediate,Medium,61,91,5.5,Yes,Intermediate,IB,41.28,"Textbooks, Workbooks"
Male,High School,High,Advanced,High,48,85,0.3,Yes,Fluent,CBSE,24.26,"Textbooks, Workbooks"
Male,High School,Medium,Advanced,Low,68,81,9.3,Yes,Fluent,CBSE,43.93,"Textbooks, Workbooks"
Female,High School,Medium,Advanced,Low,43,60,6.5,Yes,Basic,ICSE,33.54,"Textbooks, Workbooks"
Female,High School,Medium,Beginner,High,58,88,4.4,Yes,Intermediate,ICSE,36.2,"Textbooks, Workbooks"
Female,Elementary,Medium,Intermediate,High,71,98,0.6,No,Intermediate,State Board,46.11,"Textbooks, Workbooks"
Male,High School,High,Beginner,Low,43,81,6.3,Yes,Fluent,CBSE,35.19,"Textbooks, Workbooks"
Female,High School,High,Advanced,High,40,91,0.2,Yes,Basic,IB,27.24,"Textbooks, Workbooks"
Female,Elementary,Low,Advanced,Medium,76,84,6.8,Yes,Fluent,CBSE,42.05,"Textbooks, Workbooks"
Female,Elementary,Low,Beginner,Low,53,99,0.7,Yes,Basic,ICSE,38.98,"Textbooks, Workbooks"
Male,Elementary,Low,Beginner,Medium,51,88,6.6,Yes,Intermediate,IB,35.86,"Textbooks, Workbooks"
Male,High School,Medium,Advanced,Low,78,96,4.1,Yes,Fluent,CBSE,44.91,"Textbooks, Workbooks"
Male,Elementary,Low,Intermediate,Low,84,91,6.6,Yes,Basic,State Board,57.43,"Educational Apps, Science Kits"
Female,High School,Medium,Beginner,Low,84,89,1.4,Yes,Basic,IB,48.3,"Textbooks, Workbooks"
Female,Elementary,High,Advanced,Medium,99,77,1.2,Yes,Basic,ICSE,43.54,"Textbooks, Workbooks"
Female,Elementary,High,Advanced,High,64,62,2.5,Yes,Fluent,State Board,34.14,"Textbooks, Workbooks"
Male,High School,Medium,Intermediate,Medium,73,71,4.1,Yes,Fluent,State Board,43.72,"Textbooks, Workbooks"
Male,Elementary,Medium,Advanced,Medium,65,79,2.5,Yes,Fluent,State Board,34.2,"Textbooks, Workbooks"
Female,Elementary,Medium,Beginner,Medium,44,67,0.8,Yes,Intermediate,ICSE,32.44,"Textbooks, Workbooks"
Male,Elementary,High,Advanced,Medium,74,90,3.3,Yes,Basic,ICSE,44.27,"Textbooks, Workbooks"
Male,Elementary,High,Advanced,High,91,83,7.1,No,Basic,CBSE,59.62,"Educational Apps, Science Kits"
Male,Elementary,High,Advanced,Medium,79,72,5.8,No,Basic,State Board,42.02,"Textbooks, Workbooks"
Male,High School,Medium,Advanced,Medium,42,67,9.6,No,Basic,IB,35.58,"Textbooks, Workbooks"
Female,High School,Medium,Intermediate,Medium,60,73,4.4,Yes,Intermediate,IB,32.84,"Textbooks, Workbooks"
Male,Elementary,Low,Beginner,High,34,74,3.3,Yes,Basic,State Board,26.05,"Textbooks, Workbooks"
Male,High School,Medium,Advanced,Low,37,80,6.9,Yes,Intermediate,ICSE,28.96,"Textbooks, Workbooks"
Male,High School,Medium,Beginner,Low,42,74,4.1,No,Fluent,CBSE,34.05,"Textbooks, Workbooks"
Male,High School,Medium,Intermediate,Medium,70,85,6.2,Yes,Fluent,ICSE,35.85,"Textbooks, Workbooks"
Female,Elementary,Medium,Beginner,High,46,97,9.5,Yes,Basic,ICSE,27.64,"Textbooks, Workbooks"
Female,Elementary,Medium,Intermediate,Medium,61,97,5.0,Yes,Fluent,State Board,41.87,"Textbooks, Workbooks"
Male,Elementary,Low,Beginner,High,34,92,5.0,Yes,Basic,State Board,31.13,"Textbooks, Workbooks"
Male,High School,Low,Beginner,Low,38,69,7.8,No,Intermediate,CBSE,27.46,"Textbooks, Workbooks"
Male,High School,Low,Advanced,Medium,63,78,7.6,Yes,Fluent,State Board,40.77,"Textbooks, Workbooks"
Male,Elementary,Low,Beginner,Medium,30,70,5.2,Yes,Fluent,ICSE,17.86,"Textbooks, Workbooks"
Male,Elementary,Low,Advanced,Medium,69,62,0.6,Yes,Intermediate,IB,40.38,"Textbooks, Workbooks"
Male,High School,Medium,Advanced,High,83,82,9.8,Yes,Intermediate,State Board,46.23,"Textbooks, Workbooks"
Female,High School,Medium,Beginner,High,61,65,3.8,Yes,Intermediate,CBSE,38.67,"Textbooks, Workbooks"
Male,Elementary,High,Advanced,Medium,79,88,3.2,Yes,Basic,CBSE,38.87,"Textbooks, Workbooks"
Female,High School,Medium,Beginner,Medium,88,63,9.8,No,Basic,ICSE,42.38,"Textbooks, Workbooks"
Female,High School,Low,Advanced,High,91,62,8.7,Yes,Fluent,State Board,44.0,"Textbooks, Workbooks"
Male,High School,Medium,Advanced,Medium,40,79,3.3,Yes,Fluent,CBSE,29.42,"Textbooks, Workbooks"
Female,High School,High,Intermediate,High,52,67,3.1,No,Intermediate,ICSE,34.85,"Textbooks, Workbooks"
Female,High School,Medium,Intermediate,High,55,65,7.2,Yes,Basic,ICSE,41.73,"Textbooks, Workbooks"
Female,High School,Medium,Beginner,Medium,92,64,3.3,Yes,Intermediate,State Board,48.56,"Textbooks, Workbooks"
Female,High School,Medium,Advanced,High,75,67,2.5,Yes,Intermediate,State Board,32.37,"Textbooks, Workbooks"
Female,Elementary,High,Intermediate,Medium,98,67,9.8,Yes,Basic,State Board,51.18,"Educational Apps, Science Kits"
Female,Elementary,High,Intermediate,Low,35,94,5.7,Yes,Fluent,ICSE,30.02,"Textbooks, Workbooks"
Male,High School,Medium,Intermediate,Medium,80,78,7.6,Yes,Fluent,ICSE,45.66,"Textbooks, Workbooks"
Female,High School,High,Advanced,Low,72,69,7.1,Yes,Fluent,IB,43.0,"Textbooks, Workbooks"
Female,High School,High,Beginner,Medium,71,94,7.6,Yes,Fluent,ICSE,42.45,"Textbooks, Workbooks"
Female,Elementary,Medium,Advanced,High,42,68,9.0,Yes,Fluent,CBSE,41.05,"Textbooks, Workbooks"
Male,Elementary,Medium,Advanced,Low,54,67,5.0,Yes,Basic,ICSE,31.56,"Textbooks, Workbooks"
Female,High School,Medium,Intermediate,Low,31,67,7.5,Yes,Basic,State Board,30.87,"Textbooks, Workbooks"
Male,Elementary,High,Advanced,Medium,43,67,8.0,Yes,Intermediate,ICSE,26.08,"Textbooks, Workbooks"
Female,High School,Low,Advanced,Medium,46,79,9.5,No,Fluent,State Board,44.66,"Textbooks, Workbooks"
Male,High School,High,Intermediate,Medium,69,66,7.1,Yes,Fluent,ICSE,42.72,"Textbooks, Workbooks"
Male,High School,Low,Intermediate,Medium,68,81,8.9,Yes,Basic,IB,42.34,"Textbooks, Workbooks"
Female,High School,Medium,Advanced,Low,54,76,1.0,Yes,Intermediate,ICSE,32.98,"Textbooks, Workbooks"
Female,High School,High,Intermediate,Low,77,64,1.3,Yes,Basic,ICSE,39.21,"Textbooks, Workbooks"
Male,High School,Medium,Beginner,High,78,93,1.6,No,Basic,CBSE,43.64,"Textbooks, Workbooks"
Female,High School,Medium,Beginner,Low,62,84,1.4,Yes,Fluent,IB,34.69,"Textbooks, Workbooks"
Male,Elementary,Low,Beginner,Medium,56,74,0.9,Yes,Basic,State Board,26.5,"Textbooks, Workbooks"
Male,High School,Medium,Beginner,High,74,90,1.2,Yes,Basic,CBSE,47.24,"Textbooks, Workbooks"
Male,Elementary,Low,Beginner,High,60,78,10.0,Yes,Fluent,ICSE,42.12,"Textbooks, Workbooks"
Male,High School,Medium,Intermediate,Low,92,90,2.7,Yes,Fluent,CBSE,44.73,"Textbooks, Workbooks"
Male,High School,Medium,Intermediate,Medium,67,71,4.8,No,Fluent,State Board,37.03,"Textbooks, Workbooks"
Female,Elementary,High,Beginner,High,69,82,8.2,Yes,Fluent,State Board,48.37,"Textbooks, Workbooks"
Male,Elementary,High,Beginner,Medium,87,82,1.2,Yes,Basic,CBSE,48.8,"Textbooks, Workbooks"
Male,High School,Low,Beginner,High,94,95,3.2,No,Basic,IB,48.65,"Textbooks, Workbooks"
Female,Elementary,High,Intermediate,Medium,40,70,1.6,Yes,Fluent,State Board,24.04,"Textbooks, Workbooks"
Male,High School,Low,Intermediate,Low,44,81,0.6,Yes,Basic,IB,26.64,"Textbooks, Workbooks"
Female,High School,Low,Advanced,Medium,86,89,9.6,Yes,Basic,State Board,55.83,"Educational Apps, Science Kits"
Female,Elementary,Low,Advanced,Medium,54,64,8.6,Yes,Intermediate,IB,41.24,"Textbooks, Workbooks"
Female,Elementary,High,Advanced,Medium,68,96,8.8,Yes,Intermediate,State Board,44.93,"Textbooks, Workbooks"
Male,Elementary,High,Advanced,Low,62,79,8.7,Yes,Intermediate,CBSE,43.74,"Textbooks, Workbooks"
Male,Elementary,Low,Intermediate,Low,58,69,1.5,No,Basic,IB,30.73,"Textbooks, Workbooks"
Male,High School,Low,Intermediate,High,87,81,7.8,Yes,Fluent,CBSE,43.33,"Textbooks, Workbooks"
Female,Elementary,Medium,Intermediate,Low,40,89,7.3,Yes,Basic,CBSE,36.77,"Textbooks, Workbooks"
Male,Elementary,Medium,Intermediate,Low,42,89,9.3,Yes,Intermediate,State Board,35.91,"Textbooks, Workbooks"
Female,Elementary,Medium,Beginner,High,98,81,2.2,Yes,Basic,ICSE,47.43,"Textbooks, Workbooks"
Male,Elementary,Medium,Advanced,Medium,50,97,4.1,Yes,Intermediate,CBSE,39.59,"Textbooks, Workbooks"
Female,Elementary,High,Intermediate,Low,32,97,2.9,Yes,Fluent,ICSE,23.68,"Textbooks, Workbooks"
Male,High School,Medium,Intermediate,Medium,55,97,2.6,Yes,Fluent,State Board,27.81,"Textbooks, Workbooks"
Male,High School,High,Advanced,Medium,62,66,6.5,Yes,Fluent,CBSE,38.61,"Textbooks, Workbooks"
Male,Elementary,Medium,Intermediate,Medium,51,95,1.6,Yes,Fluent,ICSE,41.22,"Textbooks, Workbooks"
Female,Elementary,Medium,Beginner,High,91,73,4.6,No,Intermediate,IB,50.36,"Educational Apps, Science Kits"
Female,High School,High,Intermediate,Low,34,70,6.5,Yes,Intermediate,ICSE,25.24,"Textbooks, Workbooks"
Male,Elementary,High,Advanced,Medium,48,66,1.3,Yes,Intermediate,CBSE,29.24,"Textbooks, Workbooks"
Male,High School,Medium,Beginner,Low,38,91,2.6,Yes,Basic,ICSE,32.15,"Textbooks, Workbooks"
Female,High School,Medium,Beginner,Medium,87,77,9.7,Yes,Intermediate,State Board,52.28,"Educational Apps, Science Kits"
Female,Elementary,High,Advanced,High,53,93,8.0,Yes,Fluent,ICSE,37.36,"Textbooks, Workbooks"
Female,High School,Low,Advanced,Low,68,61,6.8,Yes,Intermediate,IB,35.99,"Textbooks, Workbooks"
Male,Elementary,Low,Beginner,Medium,90,66,8.6,Yes,Intermediate,ICSE,38.49,"Textbooks, Workbooks"
Female,Elementary,Medium,Intermediate,Low,77,90,0.1,No,Basic,IB,41.68,"Textbooks, Workbooks"
Male,High School,High,Advanced,Low,79,77,0.1,Yes,Basic,ICSE,42.43,"Textbooks, Workbooks"
Female,High School,High,Beginner,Medium,91,79,1.5,Yes,Basic,State Board,48.8,"Textbooks, Workbooks"
Male,Elementary,High,Advanced,Medium,82,66,5.0,No,Basic,State Board,37.89,"Textbooks, Workbooks"
Female,High School,Medium,Intermediate,Low,50,81,5.7,Yes,Intermediate,ICSE,34.65,"Textbooks, Workbooks"
Female,Elementary,Low,Intermediate,High,67,96,1.1,Yes,Intermediate,CBSE,38.87,"Textbooks, Workbooks"
Female,High School,Medium,Beginner,Low,88,93,0.7,Yes,Fluent,CBSE,41.83,"Textbooks, Workbooks"
Female,High School,High,Intermediate,Low,72,98,8.3,Yes,Fluent,IB,51.57,"Educational Apps, Science Kits"
Female,Elementary,Low,Intermediate,Low,46,99,4.6,Yes,Basic,IB,35.65,"Textbooks, Workbooks"
Male,Elementary,Low,Intermediate,Low,98,75,9.9,Yes,Intermediate,CBSE,51.3,"Educational Apps, Science Kits"
Female,Elementary,Low,Advanced,Low,73,73,2.3,Yes,Fluent,IB,43.14,"Textbooks, Workbooks"
Female,High School,Medium,Beginner,High,92,91,6.5,Yes,Intermediate,CBSE,53.83,"Educational Apps, Science Kits"
Female,Elementary,High,Beginner,Medium,52,97,8.0,Yes,Intermediate,ICSE,37.34,"Textbooks, Workbooks"
Male,Elementary,Medium,Beginner,Medium,97,98,8.7,No,Intermediate,IB,48.65,"Textbooks, Workbooks"
Female,High School,High,Intermediate,High,55,85,3.1,Yes,Intermediate,ICSE,31.85,"Textbooks, Workbooks"
Male,High School,Low,Advanced,Medium,77,89,1.9,Yes,Basic,CBSE,42.51,"Textbooks, Workbooks"
Female,Elementary,High,Beginner,Low,76,98,2.3,Yes,Fluent,IB,41.45,"Textbooks, Workbooks"
Female,Elementary,High,Advanced,Low,75,68,6.7,Yes,Intermediate,IB,36.98,"Textbooks, Workbooks"
Male,Elementary,Medium,Beginner,Low,58,91,5.2,No,Intermediate,IB,37.78,"Textbooks, Workbooks"
Female,Elementary,High,Intermediate,Medium,63,66,6.0,Yes,Intermediate,IB,29.84,"Textbooks, Workbooks"
Male,High School,Medium,Beginner,Low,39,71,0.2,Yes,Fluent,ICSE,27.29,"Textbooks, Workbooks"
Male,High School,High,Beginner,Medium,49,82,3.9,No,Basic,IB,41.95,"Textbooks, Workbooks"
Female,Elementary,High,Intermediate,Medium,63,76,3.1,Yes,Basic,IB,38.73,"Textbooks, Workbooks"
Male,Elementary,High,Intermediate,High,42,80,8.6,Yes,Intermediate,State Board,39.88,"Textbooks, Workbooks"
Female,Elementary,Medium,Beginner,High,39,71,7.8,Yes,Intermediate,IB,28.57,"Textbooks, Workbooks"
Female,High School,Low,Advanced,Low,74,81,4.3,Yes,Basic,IB,40.24,"Textbooks, Workbooks"
Male,Elementary,Medium,Intermediate,Low,37,82,6.3,Yes,Fluent,State Board,26.24,"Textbooks, Workbooks"
Male,Elementary,Medium,Beginner,Medium,34,64,0.5,Yes,Intermediate,CBSE,24.84,"Textbooks, Workbooks"
Male,High School,High,Intermediate,Low,49,77,6.4,Yes,Fluent,ICSE,38.8,"Textbooks, Workbooks"
Male,High School,High,Advanced,Low,73,96,1.0,Yes,Basic,CBSE,38.52,"Textbooks, Workbooks"
Female,Elementary,High,Beginner,Medium,87,96,7.1,Yes,Intermediate,State Board,51.76,"Educational Apps, Science Kits"
Female,Elementary,Low,Beginner,Medium,49,66,5.7,Yes,Intermediate,State Board,25.85,"Textbooks, Workbooks"
Male,High School,High,Advanced,High,69,62,3.0,Yes,Fluent,ICSE,35.1,"Textbooks, Workbooks"
Female,Elementary,High,Advanced,Medium,45,60,3.7,Yes,Fluent,IB,24.53,"Textbooks, Workbooks"
Female,Elementary,High,Beginner,High,33,65,0.9,Yes,Fluent,IB,23.11,"Textbooks, Workbooks"
Female,High School,Low,Advanced,High,39,66,3.2,Yes,Intermediate,CBSE,29.12,"Textbooks, Workbooks"
Female,High School,Low,Advanced,Low,80,86,9.7,Yes,Basic,State Board,45.1,"Textbooks, Workbooks"
Male,High School,Low,Beginner,Medium,77,90,4.9,Yes,Basic,ICSE,39.11,"Textbooks, Workbooks"
Male,Elementary,Medium,Intermediate,Medium,49,67,4.7,Yes,Basic,State Board,31.03,"Textbooks, Workbooks"
Female,High School,Medium,Advanced,Medium,61,73,6.3,Yes,Fluent,IB,37.47,"Textbooks, Workbooks"
Male,High School,High,Intermediate,Medium,95,74,4.8,No,Fluent,State Board,47.48,"Textbooks, Workbooks"
Male,Elementary,Medium,Intermediate,Medium,89,66,3.6,Yes,Basic,ICSE,38.37,"Textbooks, Workbooks"
Male,Elementary,Medium,Intermediate,Medium,40,66,1.4,Yes,Intermediate,State Board,20.26,"Textbooks, Workbooks"
Female,High School,Medium,Advanced,Low,49,92,6.3,Yes,Basic,ICSE,37.9,"Textbooks, Workbooks"
Female,High School,High,Beginner,High,52,66,7.5,No,Fluent,ICSE,27.0,"Textbooks, Workbooks"
Female,Elementary,High,Beginner,Medium,64,79,9.2,Yes,Fluent,ICSE,37.04,"Textbooks, Workbooks"
Male,Elementary,High,Beginner,Low,46,66,0.0,Yes,Fluent,CBSE,33.45,"Textbooks, Workbooks"
Female,High School,Medium,Beginner,Low,39,73,0.7,Yes,Fluent,IB,23.39,"Textbooks, Workbooks"
Female,High School,Medium,Beginner,High,67,74,9.0,Yes,Basic,IB,36.06,"Textbooks, Workbooks"
Male,Elementary,High,Beginner,Medium,61,77,6.3,Yes,Basic,IB,32.98,"Textbooks, Workbooks"
Female,High School,Medium,Intermediate,High,83,69,9.6,Yes,Intermediate,ICSE,52.14,"Educational Apps, Science Kits"
Female,Elementary,Medium,Intermediate,High,86,94,4.3,Yes,Fluent,ICSE,44.89,"Textbooks, Workbooks"
Male,High School,Low,Intermediate,High,54,86,4.2,No,Basic,State Board,34.97,"Textbooks, Workbooks"
Male,Elementary,Low,Advanced,Medium,43,60,3.4,Yes,Fluent,ICSE,25.12,"Textbooks, Workbooks"
Male,Elementary,High,Advanced,Low,74,87,1.4,Yes,Fluent,ICSE,34.07,"Textbooks, Workbooks"
Female,High School,Low,Advanced,Low,73,93,3.8,No,Fluent,CBSE,36.47,"Textbooks, Workbooks"
Female,High School,Medium,Beginner,Medium,67,62,0.1,Yes,Intermediate,ICSE,34.44,"Textbooks, Workbooks"
Female,Elementary,Medium,Intermediate,Medium,65,62,5.1,Yes,Fluent,ICSE,31.13,"Textbooks, Workbooks"
Male,High School,Medium,Advanced,Medium,68,70,8.5,Yes,Fluent,ICSE,50.65,"Educational Apps, Science Kits"
Male,High School,Medium,Intermediate,Medium,68,63,3.2,Yes,Basic,ICSE,29.49,"Textbooks, Workbooks"
Female,High School,Medium,Beginner,Medium,42,89,0.9,Yes,Fluent,State Board,24.54,"Textbooks, Workbooks"
Female,Elementary,Low,Intermediate,Low,95,98,9.7,Yes,Intermediate,CBSE,57.96,"Educational Apps, Science Kits"
Male,High School,Low,Beginner,Low,63,91,1.3,Yes,Intermediate,ICSE,37.77,"Textbooks, Workbooks"
Male,High School,Medium,Advanced,High,44,75,5.3,Yes,Fluent,IB,36.93,"Textbooks, Workbooks"
Male,Elementary,Medium,Beginner,Low,87,76,8.1,Yes,Intermediate,ICSE,50.3,"Educational Apps, Science Kits"
Male,High School,Medium,Beginner,Medium,88,70,2.5,No,Intermediate,CBSE,47.81,"Textbooks, Workbooks"
Female,High School,Low,Intermediate,Medium,95,95,8.4,No,Intermediate,ICSE,61.17,"Educational Apps, Science Kits"
Male,Elementary,High,Beginner,High,81,91,5.6,No,Intermediate,IB,45.53,"Textbooks, Workbooks"
Female,Elementary,Medium,Advanced,High,98,94,3.3,Yes,Basic,State Board,43.13,"Textbooks, Workbooks"
Female,High School,Low,Advanced,Medium,34,86,8.7,Yes,Fluent,ICSE,38.98,"Textbooks, Workbooks"
Female,High School,Low,Beginner,Medium,72,93,6.2,Yes,Basic,CBSE,48.56,"Textbooks, Workbooks"
Male,Elementary,High,Intermediate,Low,37,64,6.2,Yes,Basic,ICSE,30.33,"Textbooks, Workbooks"
Male,Elementary,Medium,Advanced,Medium,92,84,5.0,Yes,Basic,CBSE,54.93,"Educational Apps, Science Kits"
Male,High School,Medium,Advanced,High,97,87,2.7,Yes,Intermediate,ICSE,48.75,"Textbooks, Workbooks"
Male,High School,High,Beginner,Medium,64,77,3.0,Yes,Intermediate,ICSE,34.17,"Textbooks, Workbooks"
Female,High School,High,Beginner,Medium,61,62,0.9,Yes,Intermediate,State Board,35.96,"Textbooks, Workbooks"
Male,Elementary,High,Advanced,Low,53,87,2.4,Yes,Fluent,State Board,35.26,"Textbooks, Workbooks"
Male,High School,Medium,Beginner,High,79,61,2.8,Yes,Fluent,ICSE,37.89,"Textbooks, Workbooks"
Female,Elementary,Medium,Beginner,Low,88,93,0.6,Yes,Fluent,CBSE,51.68,"Educational Apps, Science Kits"
Male,Elementary,Low,Advanced,High,94,81,1.1,Yes,Intermediate,IB,51.32,"Educational Apps, Science Kits"
Female,Elementary,High,Intermediate,Medium,67,81,2.7,No,Intermediate,State Board,35.74,"Textbooks, Workbooks"
Female,High School,Medium,Intermediate,Medium,67,89,6.8,No,Intermediate,ICSE,36.75,"Textbooks, Workbooks"
Female,High School,Medium,Advanced,Low,50,93,1.8,Yes,Basic,CBSE,29.62,"Textbooks, Workbooks"
Female,High School,High,Beginner,Low,52,60,5.2,No,Basic,ICSE,29.21,"Textbooks, Workbooks"
Female,Elementary,High,Advanced,High,75,88,5.1,Yes,Intermediate,ICSE,41.88,"Textbooks, Workbooks"
Female,High School,High,Advanced,High,98,78,8.3,Yes,Basic,State Board,53.72,"Educational Apps, Science Kits"
Female,Elementary,High,Beginner,Medium,59,78,6.1,Yes,Intermediate,CBSE,50.45,"Educational Apps, Science Kits"
Female,Elementary,High,Intermediate,Medium,69,88,9.2,Yes,Intermediate,ICSE,49.55,"Textbooks, Workbooks"
Male,Elementary,Medium,Intermediate,Medium,99,92,6.3,Yes,Basic,State Board,58.67,"Educational Apps, Science Kits"
Male,Elementary,High,Beginner,Medium,98,76,0.3,Yes,Intermediate,CBSE,45.46,"Textbooks, Workbooks"
Male,Elementary,High,Advanced,Medium,71,97,3.8,Yes,Fluent,CBSE,43.95,"Textbooks, Workbooks"
Male,Elementary,Medium,Beginner,Medium,47,60,7.0,Yes,Fluent,ICSE,33.64,"Textbooks, Workbooks"
Female,High School,Low,Advanced,High,88,92,4.8,Yes,Basic,ICSE,53.7,"Educational Apps, Science Kits"
Male,Elementary,High,Beginner,High,42,95,4.2,Yes,Intermediate,CBSE,37.39,"Textbooks, Workbooks"
Female,High School,Medium,Beginner,Medium,50,81,6.7,Yes,Intermediate,CBSE,38.69,"Textbooks, Workbooks"
Male,Elementary,High,Intermediate,High,97,77,2.9,No,Intermediate,State Board,44.91,"Textbooks, Workbooks"
Male,High School,Low,Intermediate,Medium,90,76,9.1,No,Basic,IB,43.15,"Textbooks, Workbooks"
Male,High School,Low,Beginner,Low,67,91,4.1,Yes,Intermediate,CBSE,45.89,"Textbooks, Workbooks"
Female,High School,Medium,Beginner,Low,69,79,6.3,Yes,Fluent,ICSE,44.47,"Textbooks, Workbooks"
Male,High School,Medium,Intermediate,Medium,56,82,9.8,Yes,Fluent,CBSE,37.87,"Textbooks, Workbooks"
Female,Elementary,Medium,Advanced,High,87,87,7.9,Yes,Fluent,ICSE,59.41,"Educational Apps, Science Kits"
Female,Elementary,Medium,Intermediate,High,95,85,5.3,Yes,Basic,IB,46.73,"Textbooks, Workbooks"
Male,Elementary,Low,Advanced,Medium,72,66,8.6,Yes,Fluent,CBSE,42.02,"Textbooks, Workbooks"
Male,Elementary,Low,Intermediate,Low,49,79,5.6,Yes,Fluent,ICSE,33.15,"Textbooks, Workbooks"
Male,High School,Medium,Intermediate,Low,64,70,4.4,Yes,Basic,ICSE,33.83,"Textbooks, Workbooks"
Female,High School,Low,Advanced,Medium,84,66,8.7,Yes,Intermediate,ICSE,44.11,"Textbooks, Workbooks"
Male,High School,High,Beginner,High,69,97,0.3,Yes,Intermediate,State Board,36.83,"Textbooks, Workbooks"
Female,Elementary,Medium,Intermediate,High,75,86,4.1,No,Intermediate,ICSE,39.74,"Textbooks, Workbooks"
Female,High School,Low,Intermediate,Low,71,68,3.4,Yes,Fluent,IB,40.16,"Textbooks, Workbooks"
Male,Elementary,Medium,Intermediate,High,47,63,7.1,Yes,Intermediate,ICSE,35.65,"Textbooks, Workbooks"
Male,High School,Low,Beginner,Medium,44,97,0.1,Yes,Fluent,CBSE,28.28,"Textbooks, Workbooks"
Female,High School,Low,Intermediate,Low,95,88,6.6,Yes,Intermediate,IB,49.75,"Textbooks, Workbooks"
Female,High School,Medium,Beginner,Medium,42,85,3.5,Yes,Fluent,ICSE,32.66,"Textbooks, Workbooks"
Female,High School,High,Intermediate,High,86,84,1.0,Yes,Basic,IB,44.51,"Textbooks, Workbooks"
Male,High School,High,Advanced,Low,38,73,9.8,Yes,Fluent,CBSE,33.55,"Textbooks, Workbooks"
Female,Elementary,High,Intermediate,High,95,96,2.1,No,Basic,IB,50.25,"Educational Apps, Science Kits"
Male,High School,Medium,Intermediate,Low,45,87,3.5,Yes,Basic,State Board,34.95,"Textbooks, Workbooks"
Female,Elementary,Medium,Beginner,Low,31,67,2.1,Yes,Basic,State Board,27.85,"Textbooks, Workbooks"
Female,Elementary,Medium,Beginner,Low,45,70,6.6,Yes,Intermediate,IB,29.88,"Textbooks, Workbooks"
Male,Elementary,High,Beginner,High,30,94,7.8,No,Intermediate,ICSE,33.57,"Textbooks, Workbooks"
Female,Elementary,High,Advanced,Medium,55,90,8.6,No,Intermediate,ICSE,38.47,"Textbooks, Workbooks"
Male,Elementary,Low,Advanced,High,73,93,3.1,Yes,Basic,ICSE,34.14,"Textbooks, Workbooks"
Male,Elementary,Low,Beginner,Medium,34,95,5.2,Yes,Basic,ICSE,27.77,"Textbooks, Workbooks"
Female,Elementary,Medium,Advanced,Medium,50,76,6.6,Yes,Fluent,CBSE,42.29,"Textbooks, Workbooks"
Male,Elementary,High,Beginner,High,64,80,6.3,Yes,Fluent,CBSE,44.18,"Textbooks, Workbooks"
Male,High School,High,Advanced,Medium,83,85,7.2,Yes,Basic,State Board,39.46,"Textbooks, Workbooks"
Female,High School,Medium,Beginner,High,79,87,7.7,No,Basic,IB,44.37,"Textbooks, Workbooks"
Male,Elementary,High,Beginner,Low,73,81,1.0,Yes,Intermediate,CBSE,37.95,"Textbooks, Workbooks"
Male,Elementary,Medium,Advanced,Medium,33,62,1.7,Yes,Intermediate,State Board,22.9,"Textbooks, Workbooks"
Male,Elementary,High,Intermediate,High,71,87,7.3,Yes,Fluent,ICSE,41.91,"Textbooks, Workbooks"
Female,High School,High,Beginner,High,70,95,4.8,Yes,Basic,State Board,46.45,"Textbooks, Workbooks"
Male,High School,High,Beginner,Low,65,61,4.3,Yes,Intermediate,CBSE,41.77,"Textbooks, Workbooks"
Female,Elementary,Medium,Intermediate,Medium,53,79,4.6,Yes,Intermediate,IB,39.38,"Textbooks, Workbooks"
Female,Elementary,Low,Beginner,Medium,34,99,3.7,Yes,Fluent,CBSE,28.64,"Textbooks, Workbooks"
Male,High School,Medium,Beginner,Medium,86,95,5.9,Yes,Intermediate,IB,43.7,"Textbooks, Workbooks"
Male,High School,Medium,Advanced,Low,96,67,3.2,No,Fluent,IB,48.35,"Textbooks, Workbooks"
Male,Elementary,High,Intermediate,Low,40,98,6.4,No,Intermediate,ICSE,28.8,"Textbooks, Workbooks"
Female,Elementary,Low,Beginner,High,74,84,2.0,Yes,Basic,IB,43.39,"Textbooks, Workbooks"
Male,Elementary,Medium,Beginner,High,51,74,7.6,Yes,Intermediate,IB,41.61,"Textbooks, Workbooks"
Male,Elementary,High,Intermediate,Medium,40,89,7.8,No,Fluent,ICSE,36.82,"Textbooks, Workbooks"
Male,High School,Low,Intermediate,High,67,93,5.8,Yes,Basic,State Board,38.17,"Textbooks, Workbooks"
Male,High School,Medium,Advanced,Low,88,63,3.7,Yes,Intermediate,IB,38.83,"Textbooks, Workbooks"
Male,Elementary,Medium,Advanced,Medium,33,81,0.1,Yes,Fluent,CBSE,24.86,"Textbooks, Workbooks"
Female,Elementary,Medium,Advanced,High,96,84,1.2,Yes,Intermediate,CBSE,54.4,"Educational Apps, Science Kits"
Female,Elementary,Low,Beginner,High,39,68,0.8,No,Fluent,State Board,25.59,"Textbooks, Workbooks"
Male,High School,High,Intermediate,Medium,48,82,0.1,Yes,Fluent,State Board,25.09,"Textbooks, Workbooks"
Male,Elementary,Medium,Advanced,High,57,98,7.2,No,Fluent,CBSE,40.87,"Textbooks, Workbooks"
Male,Elementary,High,Intermediate,Medium,46,71,9.6,Yes,Intermediate,IB,43.97,"Textbooks, Workbooks"
Male,Elementary,Medium,Beginner,High,53,73,0.1,Yes,Intermediate,IB,23.77,"Textbooks, Workbooks"
Female,High School,Medium,Beginner,Medium,30,66,1.1,Yes,Fluent,ICSE,27.56,"Textbooks, Workbooks"
Male,Elementary,Low,Intermediate,High,34,90,8.6,No,Fluent,State Board,32.11,"Textbooks, Workbooks"
Female,High School,Low,Intermediate,Low,61,65,6.9,Yes,Fluent,IB,38.93,"Textbooks, Workbooks"
Female,Elementary,Medium,Advanced,Medium,82,82,4.0,Yes,Fluent,State Board,48.22,"Textbooks, Workbooks"
Male,Elementary,Low,Intermediate,Medium,86,78,9.9,Yes,Fluent,IB,46.81,"Textbooks, Workbooks"
Female,Elementary,Medium,Advanced,Medium,72,80,5.7,Yes,Fluent,State Board,46.97,"Textbooks, Workbooks"
Female,High School,Medium,Intermediate,Medium,68,78,6.7,Yes,Fluent,CBSE,43.3,"Textbooks, Workbooks"
Female,Elementary,Medium,Intermediate,High,63,78,6.5,No,Fluent,CBSE,45.16,"Textbooks, Workbooks"
Female,Elementary,Low,Intermediate,High,34,93,2.2,Yes,Intermediate,IB,30.35,"Textbooks, Workbooks"
Male,High School,High,Beginner,Low,47,72,4.9,No,Basic,ICSE,39.75,"Textbooks, Workbooks"
Male,High School,High,Beginner,High,33,95,2.2,Yes,Basic,State Board,21.81,"Textbooks, Workbooks"
Female,High School,Low,Beginner,Low,99,84,5.1,Yes,Intermediate,CBSE,54.17,"Educational Apps, Science Kits"
Male,Elementary,Low,Advanced,Medium,40,92,0.3,Yes,Fluent,State Board,30.09,"Textbooks, Workbooks"
Male,High School,High,Advanced,High,76,80,3.8,Yes,Intermediate,IB,37.4,"Textbooks, Workbooks"
Male,Elementary,Low,Beginner,Low,60,93,3.7,Yes,Fluent,ICSE,44.02,"Textbooks, Workbooks"
Male,High School,High,Beginner,High,42,84,2.9,Yes,Basic,ICSE,25.84,"Textbooks, Workbooks"
Male,High School,Low,Intermediate,High,52,77,0.8,Yes,Intermediate,IB,33.82,"Textbooks, Workbooks"
Female,High School,High,Intermediate,Medium,94,70,7.7,Yes,Basic,CBSE,47.79,"Textbooks, Workbooks"
Male,Elementary,Medium,Advanced,Medium,97,78,4.2,Yes,Intermediate,ICSE,58.36,"Educational Apps, Science Kits"
Male,Elementary,High,Advanced,Medium,59,93,8.1,Yes,Intermediate,ICSE,44.56,"Textbooks, Workbooks"
Male,Elementary,Medium,Intermediate,High,60,61,8.4,Yes,Basic,ICSE,39.92,"Textbooks, Workbooks"
Male,Elementary,Medium,Advanced,Low,76,89,2.1,Yes,Basic,State Board,48.83,"Textbooks, Workbooks"
Female,Elementary,Low,Beginner,Medium,45,97,4.2,Yes,Basic,State Board,34.79,"Textbooks, Workbooks"
Female,Elementary,Medium,Intermediate,Low,72,74,7.2,Yes,Fluent,CBSE,44.54,"Textbooks, Workbooks"
Female,Elementary,High,Intermediate,Low,32,70,5.0,Yes,Basic,IB,21.09,"Textbooks, Workbooks"
Female,Elementary,Medium,Advanced,High,41,83,8.6,Yes,Basic,State Board,34.9,"Textbooks, Workbooks"
Male,Elementary,High,Intermediate,Medium,40,63,5.7,Yes,Basic,ICSE,28.99,"Textbooks, Workbooks"
Female,High School,Medium,Intermediate,High,45,78,6.3,Yes,Intermediate,CBSE,25.43,"Textbooks, Workbooks"
Male,High School,High,Beginner,Medium,58,88,7.9,Yes,Fluent,State Board,42.54,"Textbooks, Workbooks"
Male,Elementary,Medium,Intermediate,Medium,50,73,1.2,No,Intermediate,CBSE,35.61,"Textbooks, Workbooks"
Male,Elementary,High,Intermediate,Low,87,76,5.8,No,Fluent,ICSE,50.18,"Educational Apps, Science Kits"
Male,Elementary,High,Intermediate,High,72,67,0.9,No,Basic,CBSE,41.33,"Textbooks, Workbooks"
Male,Elementary,Medium,Intermediate,Low,34,72,2.6,Yes,Intermediate,ICSE,28.42,"Textbooks, Workbooks"
Female,High School,High,Beginner,Medium,81,82,2.1,Yes,Intermediate,CBSE,42.68,"Textbooks, Workbooks"
Female,High School,High,Intermediate,Medium,42,88,5.7,Yes,Fluent,IB,25.89,"Textbooks, Workbooks"
Female,Elementary,Medium,Beginner,Medium,41,70,8.4,Yes,Fluent,CBSE,28.72,"Textbooks, Workbooks"
Female,High School,Medium,Beginner,Medium,30,75,1.3,Yes,Basic,IB,24.01,"Textbooks, Workbooks"
Male,High School,Low,Beginner,Medium,37,82,7.7,Yes,Basic,IB,30.14,"Textbooks, Workbooks"
Female,Elementary,High,Advanced,Low,45,71,1.4,Yes,Basic,ICSE,24.2,"Textbooks, Workbooks"
Male,Elementary,Low,Advanced,Medium,44,97,1.9,No,Intermediate,CBSE,43.72,"Textbooks, Workbooks"
Female,Elementary,Low,Intermediate,High,48,83,9.2,Yes,Basic,State Board,43.5,"Textbooks, Workbooks"
Male,Elementary,Medium,Beginner,Medium,54,90,0.1,No,Basic,IB,42.2,"Textbooks, Workbooks"
Male,High School,Medium,Advanced,Low,60,97,2.0,No,Basic,ICSE,35.65,"Textbooks, Workbooks"
Female,Elementary,High,Intermediate,Medium,31,95,2.2,Yes,Intermediate,State Board,27.65,"Textbooks, Workbooks"
Male,High School,High,Advanced,Low,88,60,2.8,Yes,Fluent,CBSE,40.03,"Textbooks, Workbooks"
Male,Elementary,Medium,Beginner,Low,60,85,3.6,Yes,Intermediate,IB,29.22,"Textbooks, Workbooks"
Female,High School,Low,Intermediate,Medium,97,76,1.0,Yes,Basic,CBSE,47.62,"Textbooks, Workbooks"
Male,Elementary,High,Beginner,Medium,97,95,4.7,Yes,Fluent,CBSE,50.15,"Educational Apps, Science Kits"
Female,Elementary,Medium,Beginner,Low,41,76,4.0,Yes,Intermediate,State Board,27.55,"Textbooks, Workbooks"
Female,High School,Medium,Advanced,Medium,46,96,6.2,Yes,Basic,ICSE,33.28,"Textbooks, Workbooks"
Female,High School,Medium,Intermediate,High,58,86,8.7,No,Intermediate,ICSE,40.67,"Textbooks, Workbooks"
Male,High School,Medium,Intermediate,High,65,84,3.0,Yes,Intermediate,State Board,41.41,"Textbooks, Workbooks"
Male,Elementary,Medium,Intermediate,High,92,89,5.5,Yes,Basic,ICSE,46.16,"Textbooks, Workbooks"
Male,High School,High,Advanced,Low,44,84,3.7,Yes,Basic,CBSE,30.32,"Textbooks, Workbooks"
Female,High School,Medium,Intermediate,Low,59,97,0.4,Yes,Fluent,State Board,35.1,"Textbooks, Workbooks"
Male,High School,High,Advanced,High,80,91,8.2,Yes,Fluent,IB,48.11,"Textbooks, Workbooks"
Female,High School,Medium,Intermediate,Low,40,71,6.3,Yes,Fluent,State Board,26.95,"Textbooks, Workbooks"
Female,High School,Medium,Advanced,Low,86,80,0.0,No,Basic,State Board,44.25,"Textbooks, Workbooks"
Male,High School,High,Intermediate,Medium,42,93,2.5,Yes,Intermediate,State Board,31.64,"Textbooks, Workbooks"
Female,High School,Medium,Advanced,Low,84,60,3.1,Yes,Fluent,CBSE,39.45,"Textbooks, Workbooks"
Male,High School,Medium,Beginner,High,92,72,8.1,Yes,Basic,State Board,51.11,"Educational Apps, Science Kits"
Male,High School,Medium,Beginner,High,31,80,7.6,Yes,Fluent,CBSE,29.49,"Textbooks, Workbooks"
Male,Elementary,Medium,Beginner,High,85,60,4.0,Yes,Basic,ICSE,38.22,"Textbooks, Workbooks"
Male,Elementary,High,Intermediate,High,36,72,1.6,Yes,Intermediate,CBSE,26.5,"Textbooks, Workbooks"
Male,High School,Medium,Advanced,Low,72,90,3.9,Yes,Basic,IB,42.78,"Textbooks, Workbooks"
Female,Elementary,High,Beginner,High,60,82,8.1,No,Fluent,ICSE,32.33,"Textbooks, Workbooks"
Female,Elementary,Low,Intermediate,Medium,90,62,4.5,Yes,Basic,State Board,48.23,"Textbooks, Workbooks"
Female,High School,Medium,Advanced,Medium,51,70,1.2,Yes,Intermediate,CBSE,24.48,"Textbooks, Workbooks"
Male,High School,High,Beginner,Low,91,88,0.4,Yes,Fluent,IB,45.34,"Textbooks, Workbooks"
Male,High School,High,Beginner,High,57,77,3.3,Yes,Fluent,State Board,32.94,"Textbooks, Workbooks"
Male,High School,Low,Intermediate,High,54,84,1.5,Yes,Intermediate,CBSE,33.97,"Textbooks, Workbooks"
Female,High School,Medium,Advanced,Low,94,93,7.5,Yes,Basic,ICSE,50.95,"Educational Apps, Science Kits"
Male,High School,Medium,Intermediate,Low,61,77,2.8,Yes,Intermediate,CBSE,36.7,"Textbooks, Workbooks"
Female,Elementary,Medium,Beginner,Low,77,60,8.8,No,Intermediate,IB,48.45,"Textbooks, Workbooks"
Female,High School,High,Intermediate,Medium,53,87,6.2,Yes,Intermediate,CBSE,35.25,"Textbooks, Workbooks"
Male,Elementary,High,Intermediate,Low,71,63,3.9,No,Basic,IB,35.79,"Textbooks, Workbooks"
Male,High School,Medium,Beginner,High,99,80,6.1,Yes,Fluent,CBSE,48.5,"Textbooks, Workbooks"
Female,High School,High,Beginner,Medium,65,65,3.0,Yes,Intermediate,IB,36.32,"Textbooks, Workbooks"
Male,Elementary,Medium,Advanced,Medium,60,80,1.4,Yes,Basic,CBSE,33.41,"Textbooks, Workbooks"
Female,High School,Low,Advanced,High,56,96,9.6,No,Fluent,CBSE,43.16,"Textbooks, Workbooks"
Male,High School,Medium,Beginner,Medium,95,89,5.6,Yes,Basic,CBSE,46.29,"Textbooks, Workbooks"
Male,Elementary,High,Beginner,Medium,74,79,0.1,Yes,Intermediate,IB,38.16,"Textbooks, Workbooks"
Female,High School,High,Advanced,High,73,91,3.1,No,Intermediate,State Board,34.64,"Textbooks, Workbooks"
Male,Elementary,Medium,Intermediate,High,86,90,1.6,No,Basic,CBSE,47.12,"Textbooks, Workbooks"
Female,High School,Medium,Beginner,Low,50,95,2.6,No,Basic,CBSE,31.93,"Textbooks, Workbooks"
Male,High School,High,Beginner,Low,84,84,0.6,Yes,Intermediate,ICSE,40.83,"Textbooks, Workbooks"
Female,Elementary,Medium,Intermediate,Low,44,64,2.5,Yes,Basic,CBSE,27.94,"Textbooks, Workbooks"
Female,High School,Medium,Advanced,Medium,63,67,6.8,Yes,Intermediate,CBSE,33.42,"Textbooks, Workbooks"
Male,Elementary,High,Advanced,Low,32,76,8.2,Yes,Basic,State Board,25.88,"Textbooks, Workbooks"
Female,Elementary,High,Intermediate,Medium,30,74,3.5,Yes,Fluent,IB,35.23,"Textbooks, Workbooks"
Male,Elementary,Medium,Beginner,High,53,79,5.2,Yes,Basic,ICSE,35.1,"Textbooks, Workbooks"
Male,High School,Medium,Intermediate,Low,72,88,0.4,Yes,Fluent,ICSE,42.87,"Textbooks, Workbooks"
Male,High School,Medium,Beginner,Medium,56,95,0.9,Yes,Basic,ICSE,32.51,"Textbooks, Workbooks"
Female,Elementary,Low,Advanced,Medium,38,87,5.5,Yes,Basic,State Board,31.01,"Textbooks, Workbooks"
Female,High School,High,Beginner,Medium,46,67,8.4,Yes,Fluent,ICSE,30.45,"Textbooks, Workbooks"
Male,High School,Medium,Beginner,Medium,68,73,0.9,Yes,Intermediate,IB,41.35,"Textbooks, Workbooks"
Male,High School,High,Beginner,High,84,92,4.2,Yes,Fluent,CBSE,47.91,"Textbooks, Workbooks"
Female,Elementary,Low,Beginner,Low,97,93,9.7,Yes,Basic,CBSE,54.4,"Educational Apps, Science Kits"
Male,High School,Medium,Beginner,Low,74,88,7.4,Yes,Intermediate,IB,47.7,"Textbooks, Workbooks"
Male,Elementary,Low,Advanced,Medium,57,81,2.0,No,Intermediate,IB,31.38,"Textbooks, Workbooks"
Female,High School,High,Intermediate,Medium,85,62,2.9,Yes,Basic,IB,35.61,"Textbooks, Workbooks"
Male,High School,Medium,Advanced,Low,58,82,9.5,Yes,Fluent,State Board,45.67,"Textbooks, Workbooks"
Female,Elementary,Medium,Beginner,Low,58,62,2.2,Yes,Intermediate,CBSE,30.51,"Textbooks, Workbooks"
Male,High School,Low,Intermediate,Medium,98,65,4.4,Yes,Fluent,State Board,48.72,"Textbooks, Workbooks"
Female,Elementary,Medium,Beginner,Medium,40,99,3.6,Yes,Intermediate,CBSE,31.69,"Textbooks, Workbooks"
Male,High School,Low,Advanced,High,31,82,4.9,Yes,Basic,IB,29.75,"Textbooks, Workbooks"
Male,Elementary,Medium,Advanced,Medium,97,71,2.4,Yes,Intermediate,ICSE,38.06,"Textbooks, Workbooks"
Female,High School,Medium,Beginner,Low,39,64,6.7,No,Basic,IB,25.94,"Textbooks, Workbooks"
Male,High School,Medium,Beginner,Medium,56,64,2.3,No,Basic,IB,23.67,"Textbooks, Workbooks"
Female,High School,Medium,Intermediate,Low,64,62,6.0,No,Basic,State Board,43.61,"Textbooks, Workbooks"
Male,Elementary,Medium,Intermediate,Medium,79,63,3.6,Yes,Intermediate,ICSE,40.46,"Textbooks, Workbooks"
Female,Elementary,Medium,Beginner,Medium,31,83,2.5,Yes,Fluent,State Board,24.88,"Textbooks, Workbooks"
Female,Elementary,Medium,Intermediate,Medium,46,64,7.0,Yes,Fluent,ICSE,28.31,"Textbooks, Workbooks"
Female,High School,Low,Beginner,High,53,90,9.7,Yes,Intermediate,ICSE,45.45,"Textbooks, Workbooks"
Female,Elementary,High,Beginner,Low,86,94,8.7,Yes,Fluent,ICSE,58.98,"Educational Apps, Science Kits"
Male,Elementary,Medium,Beginner,High,45,78,0.9,Yes,Fluent,IB,30.12,"Textbooks, Workbooks"
Male,Elementary,Low,Advanced,High,65,67,4.5,Yes,Fluent,State Board,37.57,"Textbooks, Workbooks"
Female,Elementary,Low,Beginner,Medium,74,87,6.9,Yes,Basic,IB,46.06,"Textbooks, Workbooks"
Female,Elementary,High,Beginner,Low,39,97,5.6,No,Intermediate,CBSE,31.67,"Textbooks, Workbooks"
Female,Elementary,High,Beginner,Low,92,82,7.3,Yes,Intermediate,State Board,49.76,"Textbooks, Workbooks"
Male,Elementary,Medium,Intermediate,Medium,72,66,9.8,Yes,Basic,CBSE,35.58,"Textbooks, Workbooks"
Male,Elementary,Medium,Beginner,Medium,80,97,3.4,Yes,Intermediate,IB,41.41,"Textbooks, Workbooks"
Male,Elementary,Medium,Advanced,Low,32,72,7.7,Yes,Basic,CBSE,30.64,"Textbooks, Workbooks"
Male,Elementary,High,Advanced,High,95,80,0.9,Yes,Fluent,CBSE,44.72,"Textbooks, Workbooks"
Female,High School,High,Beginner,Low,64,96,8.7,No,Basic,CBSE,49.58,"Textbooks, Workbooks"
Female,High School,Medium,Beginner,Low,98,65,7.8,Yes,Basic,State Board,45.01,"Textbooks, Workbooks"
Female,Elementary,High,Beginner,Low,65,69,5.2,Yes,Fluent,ICSE,41.99,"Textbooks, Workbooks"
Male,High School,High,Advanced,Low,78,86,8.2,Yes,Intermediate,ICSE,44.71,"Textbooks, Workbooks"
Male,High School,Medium,Intermediate,High,30,85,6.7,Yes,Fluent,State Board,27.17,"Textbooks, Workbooks"
Male,Elementary,Medium,Intermediate,Medium,71,87,5.5,No,Basic,ICSE,40.18,"Textbooks, Workbooks"
Female,Elementary,Low,Beginner,Low,70,75,9.5,Yes,Intermediate,IB,40.65,"Textbooks, Workbooks"
Female,Elementary,Low,Intermediate,High,86,87,1.3,Yes,Basic,State Board,46.86,"Textbooks, Workbooks"
Male,High School,High,Advanced,High,49,62,9.9,No,Intermediate,State Board,32.6,"Textbooks, Workbooks"
Female,Elementary,Medium,Beginner,High,43,60,1.5,Yes,Fluent,ICSE,17.84,"Textbooks, Workbooks"
Male,High School,High,Intermediate,High,81,62,4.8,No,Intermediate,State Board,42.6,"Textbooks, Workbooks"
Male,Elementary,High,Beginner,Medium,83,89,2.3,Yes,Fluent,CBSE,45.87,"Textbooks, Workbooks"
Female,High School,Low,Beginner,Medium,78,78,2.7,Yes,Intermediate,State Board,40.76,"Textbooks, Workbooks"
Male,High School,Medium,Advanced,Medium,59,92,6.3,Yes,Basic,State Board,40.45,"Textbooks, Workbooks"
Female,Elementary,High,Advanced,Low,32,67,0.3,Yes,Intermediate,State Board,21.92,"Textbooks, Workbooks"
Male,Elementary,High,Intermediate,Medium,41,78,9.4,Yes,Intermediate,IB,37.39,"Textbooks, Workbooks"
Female,High School,High,Advanced,High,60,95,2.8,Yes,Fluent,IB,44.2,"Textbooks, Workbooks"
Female,High School,Medium,Beginner,Medium,66,96,2.7,Yes,Fluent,CBSE,35.37,"Textbooks, Workbooks"
Female,Elementary,Medium,Advanced,High,56,64,8.6,Yes,Intermediate,CBSE,44.35,"Textbooks, Workbooks"
Male,Elementary,Medium,Intermediate,Medium,53,93,7.6,Yes,Basic,ICSE,45.29,"Textbooks, Workbooks"
Male,High School,High,Intermediate,Medium,70,97,6.7,No,Intermediate,CBSE,43.89,"Textbooks, Workbooks"
Female,Elementary,Medium,Intermediate,Medium,93,86,1.5,Yes,Intermediate,State Board,47.83,"Textbooks, Workbooks"
Female,High School,High,Advanced,Medium,40,98,7.7,Yes,Basic,ICSE,41.53,"Textbooks, Workbooks"
Male,Elementary,Medium,Advanced,Medium,45,83,3.6,Yes,Fluent,IB,34.64,"Textbooks, Workbooks"
Male,Elementary,High,Advanced,Low,43,90,9.9,Yes,Intermediate,ICSE,40.01,"Textbooks, Workbooks"
Male,Elementary,Medium,Advanced,Low,76,81,6.7,Yes,Intermediate,IB,49.03,"Textbooks, Workbooks"
Female,High School,Medium,Advanced,High,59,82,8.4,Yes,Intermediate,State Board,34.05,"Textbooks, Workbooks"
Male,Elementary,Medium,Intermediate,Low,53,83,7.3,Yes,Fluent,State Board,33.85,"Textbooks, Workbooks"
Male,High School,Medium,Intermediate,Medium,42,99,5.9,No,Basic,IB,34.82,"Textbooks, Workbooks"
Female,Elementary,Medium,Advanced,Medium,38,91,7.2,Yes,Basic,ICSE,38.2,"Textbooks, Workbooks"
Male,High School,Low,Beginner,Medium,78,92,6.0,Yes,Basic,IB,53.74,"Educational Apps, Science Kits"
Male,High School,Low,Intermediate,High,55,87,0.5,Yes,Intermediate,CBSE,36.09,"Textbooks, Workbooks"
Male,Elementary,Medium,Beginner,High,78,76,3.5,Yes,Fluent,State Board,39.45,"Textbooks, Workbooks"
Female,High School,High,Beginner,High,71,85,3.2,Yes,Basic,IB,40.23,"Textbooks, Workbooks"
Female,High School,Medium,Intermediate,Medium,74,77,7.1,Yes,Intermediate,ICSE,40.4,"Textbooks, Workbooks"
Female,High School,Low,Beginner,Medium,50,74,5.8,Yes,Intermediate,IB,31.5,"Textbooks, Workbooks"
Female,High School,High,Beginner,High,58,97,6.1,Yes,Intermediate,ICSE,37.54,"Textbooks, Workbooks"
Female,Elementary,Medium,Intermediate,High,53,81,8.5,Yes,Basic,State Board,40.56,"Textbooks, Workbooks"
Female,Elementary,High,Intermediate,High,71,77,5.3,Yes,Fluent,ICSE,42.69,"Textbooks, Workbooks"
Female,Elementary,Medium,Advanced,High,70,80,2.2,Yes,Fluent,State Board,42.92,"Textbooks, Workbooks"
Male,High School,Low,Intermediate,Low,77,78,0.1,No,Intermediate,State Board,39.73,"Textbooks, Workbooks"
Male,High School,Medium,Beginner,Low,72,61,1.6,No,Intermediate,ICSE,33.88,"Textbooks, Workbooks"
Female,Elementary,Medium,Intermediate,High,37,89,0.3,Yes,Intermediate,IB,29.49,"Textbooks, Workbooks"
Male,Elementary,Low,Advanced,High,92,84,2.4,Yes,Intermediate,CBSE,51.71,"Educational Apps, Science Kits"
Male,High School,Low,Intermediate,High,92,85,6.3,Yes,Intermediate,IB,52.71,"Educational Apps, Science Kits"
Female,Elementary,Low,Beginner,Low,35,98,1.5,Yes,Fluent,ICSE,34.87,"Textbooks, Workbooks"
Male,Elementary,Medium,Intermediate,Medium,81,76,0.8,Yes,Fluent,State Board,41.45,"Textbooks, Workbooks"
Male,High School,Medium,Beginner,Medium,50,75,9.7,Yes,Basic,ICSE,31.31,"Textbooks, Workbooks"
Male,Elementary,Medium,Intermediate,Medium,43,86,10.0,Yes,Intermediate,IB,40.55,"Textbooks, Workbooks"
Male,High School,Low,Advanced,Medium,87,62,6.4,No,Fluent,ICSE,48.03,"Textbooks, Workbooks"
Male,Elementary,Medium,Advanced,High,54,97,1.1,No,Fluent,State Board,42.19,"Textbooks, Workbooks"
Female,High School,Medium,Intermediate,Low,85,88,8.2,Yes,Basic,ICSE,46.59,"Textbooks, Workbooks"
Female,High School,Medium,Beginner,Medium,38,61,5.4,Yes,Basic,State Board,28.33,"Textbooks, Workbooks"
Female,High School,Low,Advanced,Medium,65,99,1.8,Yes,Fluent,State Board,40.47,"Textbooks, Workbooks"
Male,High School,Low,Beginner,Medium,86,73,5.8,No,Basic,ICSE,44.71,"Textbooks, Workbooks"
Female,High School,Medium,Intermediate,Medium,34,71,0.4,Yes,Fluent,IB,17.58,"Textbooks, Workbooks"
Male,Elementary,Low,Advanced,High,36,83,9.7,Yes,Basic,IB,32.49,"Textbooks, Workbooks"
Male,Elementary,Medium,Advanced,Low,35,87,8.3,Yes,Fluent,CBSE,32.06,"Textbooks, Workbooks"
Male,Elementary,Medium,Beginner,Low,81,98,2.6,Yes,Fluent,CBSE,43.75,"Textbooks, Workbooks"
Male,High School,Medium,Advanced,High,99,77,4.2,No,Fluent,IB,51.03,"Educational Apps, Science Kits"
Female,Elementary,Medium,Beginner,Medium,84,84,4.0,Yes,Intermediate,State Board,51.93,"Educational Apps, Science Kits"
Female,High School,Medium,Beginner,Low,43,96,8.6,Yes,Intermediate,ICSE,40.62,"Textbooks, Workbooks"
Male,High School,Medium,Intermediate,Medium,30,65,3.5,Yes,Fluent,ICSE,20.32,"Textbooks, Workbooks"
Female,Elementary,High,Beginner,Medium,66,89,0.5,Yes,Basic,ICSE,41.51,"Textbooks, Workbooks"
Male,High School,High,Advanced,Low,78,90,2.1,Yes,Intermediate,State Board,47.48,"Textbooks, Workbooks"
Female,Elementary,Medium,Beginner,Low,41,93,2.2,Yes,Intermediate,IB,33.48,"Textbooks, Workbooks"
Female,High School,Medium,Advanced,High,34,78,9.5,Yes,Intermediate,IB,39.08,"Textbooks, Workbooks"
Male,High School,Medium,Beginner,Medium,99,87,9.2,Yes,Intermediate,State Board,54.5,"Educational Apps, Science Kits"
Female,Elementary,High,Intermediate,Low,40,67,3.0,Yes,Basic,State Board,36.12,"Textbooks, Workbooks"
Male,High School,Low,Intermediate,Low,82,70,0.0,Yes,Basic,IB,40.18,"Textbooks, Workbooks"
Female,Elementary,High,Beginner,Medium,84,75,5.2,No,Intermediate,ICSE,35.23,"Textbooks, Workbooks"
Male,High School,Medium,Beginner,Low,79,85,8.0,Yes,Intermediate,ICSE,56.45,"Educational Apps, Science Kits"
Male,Elementary,Medium,Beginner,High,82,60,2.7,Yes,Basic,ICSE,34.78,"Textbooks, Workbooks"
Female,High School,Low,Intermediate,Medium,84,90,4.4,Yes,Basic,IB,46.26,"Textbooks, Workbooks"
Female,Elementary,Medium,Beginner,Medium,32,86,1.7,No,Basic,ICSE,24.62,"Textbooks, Workbooks"
Male,Elementary,Medium,Beginner,High,45,68,3.3,Yes,Fluent,State Board,27.94,"Textbooks, Workbooks"
Female,High School,Low,Advanced,Medium,74,85,7.6,Yes,Basic,IB,45.15,"Textbooks, Workbooks"
Female,Elementary,Medium,Intermediate,Low,65,65,4.3,No,Intermediate,IB,40.12,"Textbooks, Workbooks"
Male,High School,High,Intermediate,Medium,48,66,4.5,Yes,Basic,ICSE,32.67,"Textbooks, Workbooks"
Male,High School,Medium,Beginner,Medium,33,72,7.9,Yes,Intermediate,CBSE,29.55,"Textbooks, Workbooks"
Female,Elementary,Medium,Beginner,Medium,88,69,7.6,Yes,Fluent,IB,45.29,"Textbooks, Workbooks"
Male,Elementary,Low,Advanced,Medium,41,90,1.9,No,Intermediate,State Board,29.52,"Textbooks, Workbooks"
Male,Elementary,High,Beginner,Medium,92,96,4.2,Yes,Basic,IB,54.85,"Educational Apps, Science Kits"
Male,Elementary,High,Intermediate,Low,85,77,8.5,No,Fluent,ICSE,49.35,"Textbooks, Workbooks"
Female,Elementary,Medium,Advanced,High,56,70,4.6,Yes,Fluent,State Board,31.15,"Textbooks, Workbooks"
Female,High School,Medium,Intermediate,Medium,97,69,6.6,Yes,Basic,CBSE,51.74,"Educational Apps, Science Kits"
Male,Elementary,Medium,Beginner,Medium,53,87,3.1,Yes,Fluent,CBSE,41.98,"Textbooks, Workbooks"
Female,High School,Medium,Advanced,Medium,55,80,0.6,No,Intermediate,ICSE,28.75,"Textbooks, Workbooks"
Male,Elementary,Medium,Intermediate,Medium,51,84,1.6,Yes,Basic,State Board,24.74,"Textbooks, Workbooks"
Female,Elementary,High,Intermediate,Low,99,65,4.0,No,Fluent,State Board,47.36,"Textbooks, Workbooks"
Male,Elementary,Medium,Intermediate,Low,48,70,3.5,Yes,Intermediate,CBSE,33.1,"Textbooks, Workbooks"
Male,High School,Medium,Beginner,Low,63,92,9.0,Yes,Intermediate,ICSE,50.37,"Educational Apps, Science Kits"
Female,Elementary,Medium,Beginner,Medium,40,64,5.5,Yes,Fluent,ICSE,25.35,"Textbooks, Workbooks"
Male,High School,High,Beginner,Medium,74,93,6.3,No,Basic,CBSE,44.54,"Textbooks, Workbooks"
Female,High School,Low,Beginner,High,66,91,6.9,No,Intermediate,IB,41.15,"Textbooks, Workbooks"
Female,High School,Medium,Intermediate,Medium,52,83,5.3,No,Fluent,CBSE,38.56,"Textbooks, Workbooks"
Male,Elementary,Medium,Advanced,High,69,72,7.7,Yes,Basic,State Board,36.89,"Textbooks, Workbooks"
Male,High School,Medium,Beginner,High,72,65,7.8,No,Basic,IB,47.23,"Textbooks, Workbooks"
Female,Elementary,High,Advanced,High,33,93,3.5,Yes,Intermediate,IB,31.78,"Textbooks, Workbooks"
Male,High School,Low,Intermediate,High,44,84,0.8,Yes,Basic,IB,24.17,"Textbooks, Workbooks"
Male,Elementary,High,Beginner,Medium,52,82,9.9,Yes,Intermediate,State Board,38.09,"Textbooks, Workbooks"
Male,High School,Low,Intermediate,Medium,41,72,6.4,No,Basic,CBSE,31.67,"Textbooks, Workbooks"
Male,Elementary,Low,Beginner,Low,97,87,7.1,Yes,Intermediate,IB,49.72,"Textbooks, Workbooks"
Male,Elementary,High,Beginner,High,97,72,7.6,Yes,Fluent,ICSE,47.67,"Textbooks, Workbooks"
Female,Elementary,Medium,Advanced,Medium,81,66,6.1,Yes,Basic,ICSE,40.27,"Textbooks, Workbooks"
Female,High School,Medium,Intermediate,Medium,70,76,4.7,Yes,Intermediate,IB,37.0,"Textbooks, Workbooks"
Male,High School,Medium,Intermediate,Medium,88,68,9.8,Yes,Basic,CBSE,39.95,"Textbooks, Workbooks"
Male,Elementary,Medium,Intermediate,Medium,87,73,7.3,Yes,Fluent,State Board,51.02,"Educational Apps, Science Kits"
Male,High School,Medium,Advanced,Medium,88,89,8.5,Yes,Basic,IB,56.58,"Educational Apps, Science Kits"
Female,High School,High,Advanced,Medium,52,97,4.4,Yes,Fluent,State Board,29.94,"Textbooks, Workbooks"
Male,High School,High,Intermediate,High,30,89,9.0,Yes,Basic,ICSE,32.87,"Textbooks, Workbooks"
Female,High School,Medium,Intermediate,High,85,92,7.3,Yes,Basic,ICSE,48.37,"Textbooks, Workbooks"
Female,High School,Medium,Beginner,High,33,84,7.5,Yes,Fluent,IB,29.79,"Textbooks, Workbooks"
Female,High School,Medium,Beginner,High,58,90,0.9,Yes,Fluent,State Board,31.34,"Textbooks, Workbooks"
Male,High School,Medium,Advanced,Low,46,82,6.2,Yes,Intermediate,CBSE,32.58,"Textbooks, Workbooks"
Female,Elementary,Low,Beginner,High,78,86,3.4,Yes,Intermediate,ICSE,52.53,"Educational Apps, Science Kits"
Male,Elementary,Medium,Intermediate,Low,80,92,6.7,Yes,Fluent,State Board,50.72,"Educational Apps, Science Kits"
Female,High School,Low,Intermediate,High,78,79,5.7,Yes,Basic,CBSE,43.57,"Textbooks, Workbooks"
Male,Elementary,Low,Beginner,Low,53,87,1.1,Yes,Fluent,State Board,27.23,"Textbooks, Workbooks"
Female,Elementary,Low,Beginner,Medium,73,67,5.3,Yes,Intermediate,ICSE,37.89,"Textbooks, Workbooks"
Male,Elementary,Medium,Advanced,High,70,81,4.5,Yes,Intermediate,ICSE,40.47,"Textbooks, Workbooks"
Female,High School,High,Beginner,Medium,86,94,7.8,Yes,Basic,IB,47.27,"Textbooks, Workbooks"
Male,High School,Medium,Advanced,Medium,85,90,5.0,Yes,Intermediate,State Board,48.38,"Textbooks, Workbooks"
Male,High School,Medium,Beginner,Medium,61,83,4.8,Yes,Basic,ICSE,37.58,"Textbooks, Workbooks"
Male,High School,Low,Beginner,Medium,60,74,7.2,Yes,Fluent,State Board,41.7,"Textbooks, Workbooks"
Male,High School,Medium,Beginner,Low,45,90,6.7,Yes,Basic,IB,32.32,"Textbooks, Workbooks"
Female,Elementary,Medium,Beginner,Medium,61,64,9.9,Yes,Intermediate,ICSE,41.27,"Textbooks, Workbooks"
Female,High School,Medium,Intermediate,Low,71,81,3.5,Yes,Intermediate,ICSE,42.49,"Textbooks, Workbooks"
Male,Elementary,High,Intermediate,Medium,63,76,6.9,Yes,Intermediate,CBSE,40.57,"Textbooks, Workbooks"
Female,High School,Low,Intermediate,Low,66,87,1.7,Yes,Intermediate,IB,36.9,"Textbooks, Workbooks"
Male,Elementary,Medium,Beginner,Medium,45,62,8.0,Yes,Basic,State Board,34.75,"Textbooks, Workbooks"
Male,High School,Medium,Advanced,Medium,42,78,7.9,No,Basic,State Board,31.09,"Textbooks, Workbooks"
Female,High School,High,Beginner,Medium,95,97,7.3,Yes,Basic,CBSE,46.12,"Textbooks, Workbooks"
Male,High School,High,Intermediate,Medium,62,86,1.2,Yes,Basic,IB,34.39,"Textbooks, Workbooks"
Male,High School,High,Advanced,Medium,64,76,9.9,Yes,Fluent,State Board,42.37,"Textbooks, Workbooks"
Female,High School,Medium,Advanced,High,66,91,9.4,No,Basic,State Board,41.56,"Textbooks, Workbooks"
Male,High School,High,Intermediate,High,69,96,3.7,Yes,Basic,CBSE,41.68,"Textbooks, Workbooks"
Male,Elementary,Low,Beginner,High,37,80,5.8,Yes,Basic,ICSE,22.85,"Textbooks, Workbooks"
Male,High School,Low,Advanced,Medium,83,96,8.9,Yes,Intermediate,State Board,53.65,"Educational Apps, Science Kits"
Male,Elementary,High,Advanced,Medium,36,70,4.9,Yes,Basic,IB,30.21,"Textbooks, Workbooks"
Female,High School,High,Intermediate,Low,31,60,6.0,Yes,Fluent,State Board,25.22,"Textbooks, Workbooks"
Female,Elementary,Low,Advanced,Medium,85,89,6.0,No,Basic,State Board,53.45,"Educational Apps, Science Kits"
Female,Elementary,Low,Advanced,High,86,85,6.5,Yes,Fluent,IB,44.42,"Textbooks, Workbooks"
Male,Elementary,Low,Advanced,Medium,78,95,5.8,Yes,Intermediate,IB,49.95,"Textbooks, Workbooks"
Male,Elementary,Low,Beginner,Medium,98,85,4.1,Yes,Intermediate,ICSE,51.88,"Educational Apps, Science Kits"
Female,Elementary,Medium,Beginner,Low,37,86,5.4,Yes,Basic,State Board,29.36,"Textbooks, Workbooks"
Male,Elementary,High,Intermediate,Low,92,85,8.7,Yes,Fluent,ICSE,51.41,"Educational Apps, Science Kits"
Male,High School,Medium,Beginner,Low,75,77,8.6,Yes,Intermediate,IB,44.67,"Textbooks, Workbooks"
Male,Elementary,High,Advanced,Medium,96,92,7.7,No,Fluent,CBSE,54.87,"Educational Apps, Science Kits"
Male,High School,High,Beginner,Medium,75,95,4.1,Yes,Intermediate,CBSE,44.78,"Textbooks, Workbooks"
Female,High School,Medium,Advanced,Medium,96,96,7.9,Yes,Intermediate,ICSE,48.86,"Textbooks, Workbooks"
Female,Elementary,High,Advanced,Medium,71,93,3.9,Yes,Fluent,State Board,45.83,"Textbooks, Workbooks"
Female,Elementary,Medium,Beginner,High,93,85,6.6,Yes,Fluent,ICSE,54.44,"Educational Apps, Science Kits"
Male,High School,Medium,Beginner,High,82,81,5.7,Yes,Basic,State Board,46.14,"Textbooks, Workbooks"
Female,Elementary,Medium,Beginner,High,36,83,3.0,No,Intermediate,CBSE,32.4,"Textbooks, Workbooks"
Female,Elementary,Medium,Beginner,Medium,36,71,4.5,No,Fluent,CBSE,24.0,"Textbooks, Workbooks"
Male,Elementary,High,Intermediate,Medium,65,70,8.3,Yes,Basic,ICSE,47.11,"Textbooks, Workbooks"
Male,Elementary,High,Beginner,High,42,80,9.1,Yes,Fluent,State Board,31.33,"Textbooks, Workbooks"
Female,Elementary,Medium,Intermediate,Low,96,75,2.1,Yes,Intermediate,State Board,50.42,"Educational Apps, Science Kits"
Female,Elementary,High,Advanced,Low,49,95,4.6,Yes,Fluent,State Board,36.8,"Textbooks, Workbooks"
Female,Elementary,Low,Intermediate,Medium,82,66,4.3,Yes,Basic,State Board,43.51,"Textbooks, Workbooks"
Female,High School,High,Advanced,Medium,81,87,4.9,Yes,Fluent,CBSE,50.85,"Educational Apps, Science Kits"
Male,Elementary,Medium,Intermediate,Low,90,83,9.8,Yes,Fluent,CBSE,54.61,"Educational Apps, Science Kits"
Female,High School,Low,Intermediate,High,90,72,5.2,Yes,Fluent,CBSE,43.16,"Textbooks, Workbooks"
Female,High School,Medium,Advanced,Medium,85,73,8.3,No,Fluent,ICSE,49.67,"Textbooks, Workbooks"
Male,High School,Medium,Intermediate,Medium,69,90,6.6,Yes,Basic,CBSE,52.33,"Educational Apps, Science Kits"
Female,High School,Low,Advanced,Medium,92,67,1.1,Yes,Intermediate,IB,50.59,"Educational Apps, Science Kits"
Male,Elementary,High,Beginner,Medium,86,60,7.0,Yes,Intermediate,ICSE,48.75,"Textbooks, Workbooks"
Male,High School,Low,Advanced,Low,33,99,6.5,Yes,Intermediate,IB,34.88,"Textbooks, Workbooks"
Male,High School,High,Intermediate,Low,55,76,7.6,Yes,Basic,State Board,34.08,"Textbooks, Workbooks"
Female,High School,High,Beginner,Low,91,72,0.7,No,Basic,IB,44.71,"Textbooks, Workbooks"
Female,High School,Medium,Intermediate,High,83,86,2.4,Yes,Fluent,State Board,43.69,"Textbooks, Workbooks"
Male,High School,Medium,Beginner,Medium,91,72,7.7,No,Intermediate,CBSE,46.49,"Textbooks, Workbooks"
Female,Elementary,High,Advanced,Medium,47,99,3.7,Yes,Intermediate,IB,34.49,"Textbooks, Workbooks"
Female,Elementary,Medium,Beginner,Medium,39,86,9.1,No,Intermediate,ICSE,31.82,"Textbooks, Workbooks"
Male,High School,Medium,Beginner,Medium,65,91,5.2,Yes,Basic,State Board,50.92,"Educational Apps, Science Kits"
Male,Elementary,Medium,Beginner,Medium,31,71,0.0,Yes,Fluent,ICSE,20.58,"Textbooks, Workbooks"
Female,Elementary,Medium,Intermediate,Low,89,72,7.0,Yes,Fluent,ICSE,50.87,"Educational Apps, Science Kits"
Male,High School,High,Beginner,High,76,75,5.1,Yes,Intermediate,ICSE,42.13,"Textbooks, Workbooks"
Female,High School,Medium,Advanced,Medium,61,93,3.2,Yes,Basic,CBSE,33.19,"Textbooks, Workbooks"
Female,High School,Medium,Advanced,Medium,98,65,0.2,Yes,Basic,ICSE,43.32,"Textbooks, Workbooks"
Female,Elementary,Medium,Advanced,Medium,80,77,2.0,Yes,Fluent,IB,41.48,"Textbooks, Workbooks"
Female,High School,High,Beginner,High,96,76,1.6,Yes,Fluent,CBSE,52.33,"Educational Apps, Science Kits"
Male,Elementary,High,Advanced,Medium,96,98,5.8,Yes,Basic,State Board,52.74,"Educational Apps, Science Kits"
Male,Elementary,Medium,Intermediate,Low,97,73,7.7,Yes,Basic,State Board,46.67,"Textbooks, Workbooks"
Male,Elementary,Low,Advanced,High,85,66,2.3,Yes,Basic,ICSE,36.53,"Textbooks, Workbooks"
Male,High School,Low,Beginner,Medium,43,65,7.0,Yes,Fluent,State Board,35.33,"Textbooks, Workbooks"
Female,Elementary,Medium,Advanced,Low,45,71,9.0,Yes,Fluent,State Board,31.68,"Textbooks, Workbooks"
Female,High School,Medium,Beginner,Low,95,93,6.2,No,Fluent,IB,52.74,"Educational Apps, Science Kits"
Male,High School,High,Beginner,High,62,60,7.8,Yes,Intermediate,IB,30.05,"Textbooks, Workbooks"
Female,High School,Medium,Advanced,High,42,88,2.0,Yes,Basic,ICSE,37.35,"Textbooks, Workbooks"
Female,High School,Medium,Intermediate,High,59,87,0.7,Yes,Intermediate,ICSE,30.78,"Textbooks, Workbooks"
Female,High School,High,Intermediate,High,55,64,3.7,Yes,Basic,IB,35.9,"Textbooks, Workbooks"
Male,Elementary,Medium,Advanced,Medium,42,80,7.1,Yes,Basic,IB,37.82,"Textbooks, Workbooks"
Male,Elementary,Medium,Beginner,Medium,97,98,6.9,No,Intermediate,ICSE,63.3,"Educational Apps, Science Kits"
Male,Elementary,Low,Advanced,Medium,62,97,9.6,Yes,Fluent,IB,40.58,"Textbooks, Workbooks"
Female,Elementary,Medium,Beginner,High,44,93,6.3,Yes,Intermediate,ICSE,35.71,"Textbooks, Workbooks"
Male,Elementary,High,Beginner,Medium,46,80,4.1,Yes,Basic,CBSE,44.4,"Textbooks, Workbooks"
Male,High School,Medium,Beginner,High,35,83,8.0,Yes,Fluent,CBSE,29.71,"Textbooks, Workbooks"
Male,High School,Medium,Intermediate,Low,34,72,1.5,No,Intermediate,State Board,24.29,"Textbooks, Workbooks"
Male,Elementary,Medium,Intermediate,High,62,82,8.1,Yes,Fluent,State Board,44.32,"Textbooks, Workbooks"
Male,Elementary,High,Advanced,Medium,83,91,3.7,Yes,Intermediate,ICSE,49.91,"Textbooks, Workbooks"
Male,Elementary,Medium,Intermediate,High,45,67,1.5,Yes,Intermediate,ICSE,35.48,"Textbooks, Workbooks"
Female,High School,Medium,Beginner,Low,75,70,1.6,Yes,Fluent,ICSE,35.83,"Textbooks, Workbooks"
Female,High School,High,Beginner,Low,53,72,9.8,Yes,Fluent,State Board,35.74,"Textbooks, Workbooks"
Male,High School,Low,Advanced,Low,34,79,6.2,Yes,Fluent,IB,30.35,"Textbooks, Workbooks"
Male,Elementary,High,Beginner,Medium,96,60,1.7,Yes,Fluent,IB,50.51,"Educational Apps, Science Kits"
Female,Elementary,Medium,Advanced,Medium,79,61,2.7,Yes,Intermediate,State Board,36.27,"Textbooks, Workbooks"
Female,Elementary,Medium,Advanced,High,70,70,3.7,Yes,Fluent,CBSE,36.82,"Textbooks, Workbooks"
Male,Elementary,Medium,Beginner,Medium,84,89,0.6,Yes,Intermediate,ICSE,41.07,"Textbooks, Workbooks"
Male,High School,Medium,Intermediate,Low,49,64,1.1,No,Fluent,ICSE,27.1,"Textbooks, Workbooks"
Male,Elementary,Medium,Beginner,Low,79,66,7.6,Yes,Intermediate,State Board,41.59,"Textbooks, Workbooks"
Male,Elementary,Medium,Beginner,Low,64,83,7.9,Yes,Intermediate,ICSE,43.4,"Textbooks, Workbooks"
Female,Elementary,Medium,Advanced,High,79,90,9.9,Yes,Intermediate,IB,48.58,"Textbooks, Workbooks"
Male,High School,Low,Intermediate,High,62,89,0.7,Yes,Fluent,ICSE,40.42,"Textbooks, Workbooks"
Male,High School,Low,Advanced,High,96,74,8.9,Yes,Basic,IB,51.8,"Educational Apps, Science Kits"
Male,Elementary,High,Beginner,Medium,39,95,3.2,Yes,Basic,State Board,23.98,"Textbooks, Workbooks"
Male,High School,Medium,Advanced,Low,70,69,3.3,Yes,Fluent,CBSE,44.14,"Textbooks, Workbooks"
Female,High School,High,Advanced,Low,69,60,1.3,Yes,Basic,ICSE,37.51,"Textbooks, Workbooks"
Female,High School,Low,Beginner,Medium,35,66,9.9,Yes,Basic,State Board,35.89,"Textbooks, Workbooks"
Female,High School,Medium,Advanced,High,62,85,9.8,No,Fluent,ICSE,41.84,"Textbooks, Workbooks"
Male,High School,Medium,Beginner,Low,45,89,8.6,Yes,Basic,IB,45.61,"Textbooks, Workbooks"
Male,Elementary,High,Advanced,Low,53,60,0.9,Yes,Fluent,ICSE,31.58,"Textbooks, Workbooks"
Female,Elementary,High,Intermediate,High,89,74,8.4,Yes,Basic,State Board,52.17,"Educational Apps, Science Kits"
Male,Elementary,Low,Beginner,Medium,40,79,6.3,Yes,Intermediate,State Board,22.75,"Textbooks, Workbooks"
Male,High School,High,Intermediate,Low,73,81,1.3,Yes,Intermediate,IB,38.21,"Textbooks, Workbooks"
Female,High School,Low,Advanced,High,32,84,2.6,Yes,Intermediate,ICSE,29.53,"Textbooks, Workbooks"
Female,High School,Medium,Intermediate,Low,67,95,6.9,Yes,Intermediate,CBSE,45.21,"Textbooks, Workbooks"
Female,High School,High,Intermediate,High,69,96,8.0,Yes,Intermediate,State Board,43.35,"Textbooks, Workbooks"
Female,Elementary,High,Intermediate,Low,48,86,8.5,No,Intermediate,ICSE,25.98,"Textbooks, Workbooks"
Male,Elementary,High,Advanced,Low,69,78,5.4,Yes,Fluent,IB,41.29,"Textbooks, Workbooks"
Male,Elementary,Medium,Beginner,Medium,82,78,5.3,Yes,Fluent,State Board,46.12,"Textbooks, Workbooks"
Female,Elementary,Low,Advanced,Low,65,75,6.8,Yes,Basic,ICSE,45.94,"Textbooks, Workbooks"
Male,Elementary,Low,Advanced,Medium,96,80,7.8,Yes,Intermediate,IB,54.53,"Educational Apps, Science Kits"
Female,Elementary,Medium,Advanced,Medium,49,92,1.7,Yes,Intermediate,ICSE,33.91,"Textbooks, Workbooks"
Female,High School,High,Beginner,Medium,57,90,7.4,Yes,Basic,IB,40.7,"Textbooks, Workbooks"
Male,High School,Low,Advanced,Medium,86,93,3.4,Yes,Fluent,ICSE,47.72,"Textbooks, Workbooks"
Female,Elementary,Medium,Advanced,Medium,32,74,3.8,No,Intermediate,CBSE,24.29,"Textbooks, Workbooks"
Male,High School,Medium,Beginner,Low,66,95,0.8,Yes,Fluent,ICSE,36.73,"Textbooks, Workbooks"
Male,Elementary,Medium,Beginner,High,47,85,5.9,Yes,Fluent,IB,35.61,"Textbooks, Workbooks"
Male,Elementary,Medium,Beginner,High,75,89,0.9,Yes,Fluent,CBSE,45.9,"Textbooks, Workbooks"
Male,High School,Medium,Intermediate,Low,34,90,9.1,Yes,Fluent,CBSE,37.25,"Textbooks, Workbooks"
Female,Elementary,High,Beginner,Medium,86,84,6.2,No,Intermediate,State Board,49.99,"Textbooks, Workbooks"
Male,Elementary,Low,Intermediate,Medium,55,63,9.9,Yes,Fluent,State Board,31.05,"Textbooks, Workbooks"
Female,Elementary,High,Intermediate,Low,62,71,2.5,Yes,Intermediate,State Board,38.62,"Textbooks, Workbooks"
Female,High School,Low,Advanced,Medium,65,78,6.8,Yes,Basic,IB,42.0,"Textbooks, Workbooks"
Female,High School,Low,Intermediate,Medium,51,68,9.6,No,Basic,IB,46.75,"Textbooks, Workbooks"
Female,High School,Medium,Advanced,Low,46,84,3.0,Yes,Basic,ICSE,32.22,"Textbooks, Workbooks"
Male,High School,High,Intermediate,Low,73,66,1.0,Yes,Fluent,CBSE,39.24,"Textbooks, Workbooks"
Male,Elementary,Medium,Beginner,High,81,86,6.3,Yes,Basic,IB,48.72,"Textbooks, Workbooks"
Female,High School,Medium,Advanced,Medium,51,65,3.7,No,Fluent,ICSE,30.86,"Textbooks, Workbooks"
Female,High School,Medium,Intermediate,Low,98,94,2.7,No,Intermediate,ICSE,50.71,"Educational Apps, Science Kits"
Male,High School,Medium,Advanced,High,30,91,9.9,No,Basic,IB,31.54,"Textbooks, Workbooks"
Female,Elementary,High,Beginner,High,59,73,7.5,Yes,Fluent,CBSE,40.74,"Textbooks, Workbooks"
Male,High School,High,Intermediate,Low,68,65,4.9,Yes,Intermediate,IB,32.42,"Textbooks, Workbooks"
Female,High School,Low,Intermediate,High,64,77,0.5,Yes,Fluent,ICSE,46.43,"Textbooks, Workbooks"
Male,Elementary,Medium,Beginner,Medium,98,90,1.9,No,Fluent,IB,48.93,"Textbooks, Workbooks"
Female,Elementary,High,Intermediate,Medium,99,75,3.0,No,Intermediate,State Board,46.02,"Textbooks, Workbooks"
Female,Elementary,Medium,Intermediate,Medium,40,62,4.9,Yes,Intermediate,ICSE,27.13,"Textbooks, Workbooks"
Male,Elementary,Medium,Advanced,High,80,90,5.0,Yes,Basic,IB,50.01,"Educational Apps, Science Kits"
Female,High School,Low,Intermediate,Low,92,97,0.2,Yes,Fluent,IB,50.15,"Educational Apps, Science Kits"
Female,Elementary,Medium,Beginner,Medium,63,76,9.4,Yes,Basic,CBSE,41.57,"Textbooks, Workbooks"
Male,High School,Low,Intermediate,Medium,84,64,5.4,Yes,Fluent,CBSE,41.63,"Textbooks, Workbooks"
Female,High School,High,Advanced,Medium,49,75,0.2,Yes,Fluent,State Board,24.83,"Textbooks, Workbooks"
Male,High School,Medium,Intermediate,Medium,87,76,7.0,Yes,Basic,ICSE,47.51,"Textbooks, Workbooks"
Male,High School,Medium,Advanced,Medium,46,90,0.7,Yes,Basic,State Board,32.65,"Textbooks, Workbooks"
Female,High School,High,Intermediate,Low,63,75,7.2,No,Fluent,State Board,30.68,"Textbooks, Workbooks"
Female,Elementary,Low,Advanced,Medium,91,80,7.0,Yes,Intermediate,State Board,53.72,"Educational Apps, Science Kits"
Female,High School,Medium,Advanced,Medium,63,98,9.8,No,Fluent,CBSE,47.89,"Textbooks, Workbooks"
Female,High School,Medium,Intermediate,High,48,96,3.4,Yes,Basic,IB,33.75,"Textbooks, Workbooks"
Female,High School,Medium,Beginner,Medium,95,69,1.4,Yes,Fluent,State Board,44.66,"Textbooks, Workbooks"
Female,Elementary,High,Beginner,Medium,71,91,0.9,No,Fluent,CBSE,36.2,"Textbooks, Workbooks"
Female,High School,High,Intermediate,High,80,84,0.7,Yes,Intermediate,IB,41.96,"Textbooks, Workbooks"
Male,High School,Low,Intermediate,Low,78,92,8.1,No,Intermediate,IB,39.75,"Textbooks, Workbooks"
Female,Elementary,High,Intermediate,Low,58,98,7.2,Yes,Intermediate,ICSE,46.03,"Textbooks, Workbooks"
Male,High School,Medium,Intermediate,Medium,59,96,9.8,Yes,Basic,CBSE,43.18,"Textbooks, Workbooks"
Female,High School,High,Intermediate,Low,54,97,3.1,No,Intermediate,State Board,29.11,"Textbooks, Workbooks"
Female,Elementary,Medium,Beginner,Medium,97,97,8.0,Yes,Fluent,ICSE,59.83,"Educational Apps, Science Kits"
Male,High School,Medium,Advanced,Low,91,87,0.9,Yes,Intermediate,IB,43.91,"Textbooks, Workbooks"
Female,High School,Medium,Advanced,Low,67,74,9.0,Yes,Basic,State Board,40.12,"Textbooks, Workbooks"
Female,High School,Medium,Beginner,Low,46,67,0.5,No,Basic,State Board,25.37,"Textbooks, Workbooks"
Male,High School,Medium,Beginner,Medium,30,60,7.9,Yes,Basic,IB,24.53,"Textbooks, Workbooks"
Female,High School,Medium,Advanced,High,47,69,3.1,Yes,Basic,ICSE,32.45,"Textbooks, Workbooks"
Female,Elementary,High,Beginner,High,92,94,1.8,Yes,Intermediate,ICSE,47.45,"Textbooks, Workbooks"
Female,Elementary,Medium,Intermediate,Low,75,92,7.0,Yes,Fluent,ICSE,44.58,"Textbooks, Workbooks"
Male,Elementary,High,Beginner,Medium,48,75,9.0,No,Fluent,IB,34.86,"Textbooks, Workbooks"
Female,High School,Medium,Beginner,Low,79,73,7.6,No,Fluent,CBSE,50.16,"Educational Apps, Science Kits"
Female,High School,Medium,Beginner,Medium,83,64,3.1,No,Fluent,IB,38.33,"Textbooks, Workbooks"
Female,High School,High,Beginner,High,60,75,3.5,Yes,Basic,IB,35.25,"Textbooks, Workbooks"
Female,Elementary,Medium,Advanced,Medium,94,80,1.9,Yes,Fluent,State Board,42.27,"Textbooks, Workbooks"
Male,High School,High,Advanced,Low,75,70,8.2,Yes,Basic,IB,48.87,"Textbooks, Workbooks"
Male,High School,High,Advanced,Medium,64,66,1.1,Yes,Fluent,IB,30.7,"Textbooks, Workbooks"
Female,High School,Medium,Advanced,Low,78,67,9.0,Yes,Fluent,CBSE,51.22,"Educational Apps, Science Kits"
Female,Elementary,Medium,Intermediate,Medium,63,76,6.0,Yes,Fluent,IB,49.0,"Textbooks, Workbooks"
Male,Elementary,Low,Intermediate,Medium,58,89,5.9,Yes,Fluent,State Board,42.19,"Textbooks, Workbooks"
Male,High School,Medium,Advanced,Medium,35,73,8.4,Yes,Fluent,ICSE,28.22,"Textbooks, Workbooks"
Female,High School,Medium,Advanced,High,30,92,6.7,No,Basic,State Board,27.07,"Textbooks, Workbooks"
Male,High School,High,Advanced,Medium,84,83,3.0,Yes,Intermediate,CBSE,49.45,"Textbooks, Workbooks"
Female,Elementary,Medium,Beginner,High,56,66,3.5,Yes,Intermediate,State Board,33.94,"Textbooks, Workbooks"
Male,Elementary,Medium,Intermediate,High,41,97,1.7,Yes,Basic,ICSE,31.37,"Textbooks, Workbooks"
Male,Elementary,Medium,Intermediate,Medium,33,74,4.6,Yes,Fluent,ICSE,29.5,"Textbooks, Workbooks"
Male,High School,High,Beginner,Medium,81,84,1.1,No,Basic,IB,38.17,"Textbooks, Workbooks"
Male,Elementary,Low,Beginner,Low,40,76,6.5,Yes,Basic,State Board,30.67,"Textbooks, Workbooks"
Female,High School,Low,Beginner,Medium,81,92,1.7,Yes,Intermediate,State Board,39.93,"Textbooks, Workbooks"
Male,High School,Medium,Intermediate,Medium,55,61,8.6,Yes,Basic,State Board,37.35,"Textbooks, Workbooks"
Male,Elementary,High,Beginner,Low,57,98,7.0,Yes,Fluent,CBSE,44.12,"Textbooks, Workbooks"
Female,High School,High,Beginner,Medium,95,69,8.9,Yes,Basic,IB,55.42,"Educational Apps, Science Kits"
Male,Elementary,Medium,Beginner,High,56,73,0.9,Yes,Intermediate,CBSE,29.12,"Textbooks, Workbooks"
Male,High School,High,Advanced,High,84,71,8.0,Yes,Fluent,CBSE,50.95,"Educational Apps, Science Kits"
Female,High School,Medium,Beginner,Medium,83,76,8.8,No,Intermediate,ICSE,40.63,"Textbooks, Workbooks"
Male,Elementary,High,Advanced,Medium,75,73,0.4,Yes,Fluent,CBSE,33.13,"Textbooks, Workbooks"
Female,High School,Low,Intermediate,High,65,69,10.0,Yes,Fluent,ICSE,44.34,"Textbooks, Workbooks"
Female,High School,Low,Intermediate,Medium,50,98,3.0,Yes,Intermediate,State Board,37.95,"Textbooks, Workbooks"
Female,High School,Low,Intermediate,Low,78,99,2.1,Yes,Intermediate,IB,46.12,"Textbooks, Workbooks"
Female,High School,Medium,Advanced,Low,63,88,4.1,Yes,Basic,ICSE,32.63,"Textbooks, Workbooks"
Male,High School,High,Beginner,High,63,65,0.1,Yes,Basic,ICSE,36.51,"Textbooks, Workbooks"
Female,High School,Medium,Intermediate,Low,69,99,8.9,No,Fluent,CBSE,48.4,"Textbooks, Workbooks"
Male,High School,High,Beginner,Medium,36,90,2.7,Yes,Fluent,State Board,30.21,"Textbooks, Workbooks"
Male,High School,Medium,Advanced,Medium,81,96,5.2,Yes,Fluent,CBSE,50.58,"Educational Apps, Science Kits"
Male,Elementary,Low,Intermediate,High,78,68,6.2,Yes,Fluent,ICSE,40.87,"Textbooks, Workbooks"
Male,Elementary,Medium,Beginner,High,66,92,7.9,No,Basic,IB,49.17,"Textbooks, Workbooks"
Male,High School,Medium,Beginner,Medium,91,66,2.5,Yes,Basic,State Board,44.74,"Textbooks, Workbooks"
Male,High School,High,Intermediate,High,44,97,7.2,No,Intermediate,State Board,38.64,"Textbooks, Workbooks"
Male,Elementary,Medium,Beginner,Low,31,67,1.2,No,Basic,ICSE,25.97,"Textbooks, Workbooks"
Male,High School,Medium,Advanced,Low,40,93,7.0,Yes,Fluent,IB,27.84,"Textbooks, Workbooks"
Male,Elementary,Medium,Intermediate,High,46,76,9.2,No,Basic,IB,34.0,"Textbooks, Workbooks"
Male,Elementary,Medium,Intermediate,Medium,74,76,0.9,Yes,Fluent,CBSE,36.71,"Textbooks, Workbooks"
Female,Elementary,High,Intermediate,Low,97,89,1.2,Yes,Intermediate,IB,45.54,"Textbooks, Workbooks"
Female,High School,Low,Intermediate,Medium,90,77,5.6,Yes,Intermediate,ICSE,48.82,"Textbooks, Workbooks"
Female,High School,High,Advanced,High,75,98,0.5,No,Basic,CBSE,40.34,"Textbooks, Workbooks"
Male,High School,Medium,Advanced,High,61,74,1.9,Yes,Basic,State Board,37.96,"Textbooks, Workbooks"
Female,Elementary,Medium,Beginner,High,48,79,1.9,Yes,Intermediate,CBSE,31.99,"Textbooks, Workbooks"
Female,Elementary,High,Advanced,Medium,96,84,4.8,No,Fluent,CBSE,47.22,"Textbooks, Workbooks"
Female,Elementary,Medium,Beginner,High,33,73,2.5,No,Basic,IB,26.37,"Textbooks, Workbooks"
Male,High School,Medium,Beginner,Medium,54,86,4.8,Yes,Intermediate,ICSE,32.18,"Textbooks, Workbooks"
Male,Elementary,Low,Intermediate,Medium,50,94,5.2,Yes,Fluent,State Board,31.79,"Textbooks, Workbooks"
Male,Elementary,Medium,Beginner,High,43,87,7.3,No,Basic,ICSE,33.93,"Textbooks, Workbooks"
Male,High School,High,Intermediate,Medium,51,65,9.5,No,Basic,CBSE,38.14,"Textbooks, Workbooks"
Female,Elementary,Medium,Beginner,Low,77,90,5.0,Yes,Fluent,IB,47.44,"Textbooks, Workbooks"
Female,Elementary,High,Advanced,Medium,80,73,3.6,Yes,Intermediate,ICSE,44.57,"Textbooks, Workbooks"
Female,High School,Medium,Intermediate,Medium,40,75,2.6,Yes,Fluent,State Board,25.82,"Textbooks, Workbooks"
Female,High School,Low,Beginner,Low,88,95,6.3,Yes,Fluent,IB,48.1,"Textbooks, Workbooks"
Male,Elementary,Low,Advanced,Low,43,64,9.4,Yes,Basic,State Board,22.76,"Textbooks, Workbooks"
Male,High School,Medium,Advanced,Low,36,91,7.6,Yes,Basic,State Board,27.61,"Textbooks, Workbooks"
Male,Elementary,High,Intermediate,Low,98,70,2.1,Yes,Intermediate,CBSE,53.26,"Educational Apps, Science Kits"
Female,High School,Medium,Intermediate,High,87,81,8.9,Yes,Fluent,ICSE,50.32,"Educational Apps, Science Kits"
Male,Elementary,Medium,Intermediate,Low,69,99,7.4,Yes,Basic,ICSE,43.87,"Textbooks, Workbooks"
Male,High School,High,Beginner,Low,54,87,1.3,Yes,Intermediate,State Board,37.21,"Textbooks, Workbooks"
Female,Elementary,High,Intermediate,Medium,71,65,7.1,Yes,Fluent,IB,42.44,"Textbooks, Workbooks"
Female,High School,Low,Advanced,High,73,98,2.9,Yes,Basic,IB,44.51,"Textbooks, Workbooks"
Male,High School,High,Advanced,Low,34,65,4.9,Yes,Intermediate,CBSE,24.62,"Textbooks, Workbooks"
Male,High School,Medium,Intermediate,Low,57,79,3.0,Yes,Basic,CBSE,34.38,"Textbooks, Workbooks"
Male,High School,Low,Intermediate,High,89,97,0.8,Yes,Intermediate,ICSE,49.26,"Textbooks, Workbooks"
Male,High School,Medium,Advanced,Medium,50,63,7.7,Yes,Intermediate,State Board,37.92,"Textbooks, Workbooks"
Male,High School,Medium,Beginner,High,78,84,8.3,Yes,Fluent,ICSE,46.49,"Textbooks, Workbooks"
Male,High School,Medium,Advanced,Low,85,72,2.3,No,Basic,CBSE,44.99,"Textbooks, Workbooks"
Female,Elementary,Medium,Advanced,Low,86,71,2.4,Yes,Intermediate,ICSE,35.61,"Textbooks, Workbooks"
Female,Elementary,Low,Advanced,Low,90,68,4.3,Yes,Fluent,State Board,41.73,"Textbooks, Workbooks"
Female,High School,High,Intermediate,Low,67,62,8.1,Yes,Basic,ICSE,38.05,"Textbooks, Workbooks"
Male,High School,High,Beginner,High,31,91,0.8,No,Fluent,State Board,21.71,"Textbooks, Workbooks"
Female,Elementary,High,Beginner,High,32,70,8.1,Yes,Fluent,IB,27.16,"Textbooks, Workbooks"
Male,Elementary,Medium,Intermediate,High,72,64,9.2,Yes,Basic,ICSE,53.36,"Educational Apps, Science Kits"
Male,High School,Medium,Advanced,High,64,94,5.6,Yes,Intermediate,IB,49.43,"Textbooks, Workbooks"
Female,Elementary,Medium,Intermediate,High,69,83,0.6,Yes,Fluent,CBSE,32.1,"Textbooks, Workbooks"
Male,Elementary,Low,Intermediate,Medium,87,65,2.7,No,Basic,CBSE,41.08,"Textbooks, Workbooks"
Male,High School,Medium,Beginner,High,63,77,1.1,Yes,Basic,State Board,33.34,"Textbooks, Workbooks"
Female,High School,Medium,Beginner,Low,54,97,2.6,Yes,Basic,CBSE,33.67,"Textbooks, Workbooks"
Female,High School,High,Intermediate,Medium,85,65,8.1,Yes,Intermediate,IB,40.35,"Textbooks, Workbooks"
Female,Elementary,Medium,Intermediate,Medium,61,81,0.6,Yes,Basic,State Board,33.81,"Textbooks, Workbooks"
Male,High School,Medium,Beginner,High,51,73,2.8,Yes,Intermediate,State Board,28.14,"Textbooks, Workbooks"
Female,High School,Medium,Beginner,Medium,94,71,5.2,Yes,Intermediate,State Board,42.08,"Textbooks, Workbooks"
Female,Elementary,Medium,Advanced,High,50,84,8.7,Yes,Basic,CBSE,35.13,"Textbooks, Workbooks"
Male,High School,Medium,Intermediate,Medium,50,79,2.5,Yes,Basic,State Board,36.76,"Textbooks, Workbooks"
Female,Elementary,Medium,Advanced,High,57,77,7.8,Yes,Fluent,State Board,36.19,"Textbooks, Workbooks"
Female,Elementary,Medium,Advanced,High,48,83,5.8,Yes,Intermediate,IB,32.44,"Textbooks, Workbooks"
Female,Elementary,Medium,Advanced,Low,43,74,6.8,No,Fluent,State Board,32.42,"Textbooks, Workbooks"
Male,Elementary,Low,Beginner,High,53,90,8.6,Yes,Intermediate,ICSE,44.31,"Textbooks, Workbooks"
Male,Elementary,High,Advanced,Medium,49,60,0.3,No,Basic,State Board,20.68,"Textbooks, Workbooks"
Male,Elementary,High,Beginner,Medium,61,74,5.3,Yes,Fluent,State Board,39.61,"Textbooks, Workbooks"
Male,High School,Medium,Beginner,High,81,93,7.5,Yes,Fluent,IB,49.55,"Textbooks, Workbooks"
Female,High School,Low,Beginner,Medium,94,61,8.8,Yes,Basic,ICSE,52.5,"Educational Apps, Science Kits"
Male,High School,High,Intermediate,Medium,81,95,1.3,Yes,Basic,CBSE,46.47,"Textbooks, Workbooks"
Male,Elementary,Medium,Advanced,Medium,87,82,3.4,Yes,Fluent,ICSE,53.41,"Educational Apps, Science Kits"
Female,High School,Medium,Beginner,Low,39,83,0.8,Yes,Basic,State Board,25.09,"Textbooks, Workbooks"
Female,Elementary,Low,Intermediate,Medium,99,91,8.3,Yes,Basic,ICSE,51.41,"Educational Apps, Science Kits"
Female,High School,Medium,Intermediate,Low,44,72,8.6,Yes,Intermediate,CBSE,31.1,"Textbooks, Workbooks"
Male,Elementary,High,Intermediate,High,76,92,4.8,Yes,Basic,ICSE,45.81,"Textbooks, Workbooks"
Male,High School,High,Beginner,Low,39,73,0.2,Yes,Intermediate,ICSE,30.15,"Textbooks, Workbooks"
Male,Elementary,Medium,Beginner,Medium,50,76,1.0,Yes,Intermediate,State Board,36.12,"Textbooks, Workbooks"
Female,High School,Medium,Beginner,High,48,75,6.2,Yes,Basic,IB,31.18,"Textbooks, Workbooks"
Female,Elementary,Low,Intermediate,High,97,91,9.8,Yes,Basic,State Board,63.04,"Educational Apps, Science Kits"
Male,High School,Low,Beginner,High,51,74,8.4,No,Fluent,State Board,37.36,"Textbooks, Workbooks"
Female,Elementary,High,Advanced,Medium,92,90,8.0,No,Intermediate,ICSE,52.08,"Educational Apps, Science Kits"
Female,High School,Medium,Beginner,Low,67,71,4.2,Yes,Intermediate,CBSE,37.41,"Textbooks, Workbooks"
Female,High School,Medium,Beginner,Medium,44,92,9.9,Yes,Basic,IB,43.86,"Textbooks, Workbooks"
Male,High School,High,Advanced,Low,99,62,8.2,Yes,Basic,State Board,46.39,"Textbooks, Workbooks"
Female,Elementary,High,Beginner,High,73,70,3.4,Yes,Fluent,ICSE,40.38,"Textbooks, Workbooks"
Female,Elementary,High,Beginner,Medium,59,64,7.5,Yes,Basic,State Board,37.3,"Textbooks, Workbooks"
Male,Elementary,Low,Beginner,Medium,53,86,4.3,No,Basic,CBSE,30.05,"Textbooks, Workbooks"
Male,Elementary,Low,Beginner,Medium,75,75,6.6,Yes,Fluent,State Board,32.12,"Textbooks, Workbooks"
Female,Elementary,Medium,Intermediate,Medium,33,94,9.7,Yes,Intermediate,IB,35.19,"Textbooks, Workbooks"
Female,High School,Medium,Beginner,Medium,35,99,2.5,No,Basic,IB,25.12,"Textbooks, Workbooks"
Male,Elementary,High,Advanced,High,67,75,8.0,No,Basic,ICSE,40.36,"Textbooks, Workbooks"
Male,High School,Medium,Advanced,Low,55,75,5.9,Yes,Intermediate,State Board,35.54,"Textbooks, Workbooks"
Female,High School,High,Intermediate,Medium,48,81,9.5,Yes,Intermediate,IB,30.37,"Textbooks, Workbooks"
Female,Elementary,Medium,Beginner,Low,31,63,1.3,Yes,Fluent,State Board,21.15,"Textbooks, Workbooks"
Female,High School,High,Advanced,Low,97,91,7.2,No,Intermediate,IB,51.23,"Educational Apps, Science Kits"
Female,Elementary,Medium,Intermediate,Medium,98,86,0.4,No,Basic,CBSE,45.02,"Textbooks, Workbooks"
Male,Elementary,High,Beginner,Low,76,74,2.5,Yes,Intermediate,CBSE,37.69,"Textbooks, Workbooks"
Female,Elementary,Low,Intermediate,Low,58,78,3.2,Yes,Fluent,IB,33.35,"Textbooks, Workbooks"
Female,High School,Medium,Beginner,High,93,85,4.3,Yes,Basic,IB,44.31,"Textbooks, Workbooks"
Male,Elementary,High,Intermediate,Medium,41,74,9.7,Yes,Fluent,State Board,50.4,"Educational Apps, Science Kits"
Female,Elementary,Medium,Intermediate,Low,40,69,0.7,Yes,Fluent,State Board,18.3,"Textbooks, Workbooks"
Male,Elementary,Medium,Advanced,Low,37,93,1.7,No,Fluent,IB,30.96,"Textbooks, Workbooks"
Female,High School,High,Advanced,Low,89,97,2.0,Yes,Fluent,IB,46.16,"Textbooks, Workbooks"
Female,Elementary,Medium,Intermediate,Medium,55,85,4.2,Yes,Fluent,State Board,32.69,"Textbooks, Workbooks"
Male,High School,Medium,Beginner,Medium,61,67,0.6,Yes,Intermediate,IB,34.44,"Textbooks, Workbooks"
Male,High School,Low,Beginner,Medium,68,75,9.7,No,Fluent,CBSE,47.68,"Textbooks, Workbooks"
Female,Elementary,High,Beginner,Low,33,88,5.6,Yes,Fluent,State Board,31.0,"Textbooks, Workbooks"
Female,High School,Medium,Beginner,Medium,73,91,8.1,Yes,Fluent,CBSE,46.85,"Textbooks, Workbooks"
Female,High School,Medium,Beginner,Medium,64,80,7.7,Yes,Basic,State Board,41.98,"Textbooks, Workbooks"
Male,Elementary,Low,Advanced,Medium,80,91,6.6,Yes,Fluent,IB,46.38,"Textbooks, Workbooks"
Female,Elementary,Medium,Intermediate,High,80,71,9.0,Yes,Basic,ICSE,48.96,"Textbooks, Workbooks"
Male,Elementary,Low,Advanced,Medium,58,98,9.0,Yes,Intermediate,State Board,38.22,"Textbooks, Workbooks"
Male,High School,Low,Beginner,Low,65,69,1.3,Yes,Fluent,State Board,28.98,"Textbooks, Workbooks"
Female,Elementary,Medium,Intermediate,High,89,65,9.0,Yes,Fluent,ICSE,52.59,"Educational Apps, Science Kits"
Male,High School,Low,Beginner,Low,44,96,5.2,Yes,Fluent,ICSE,27.61,"Textbooks, Workbooks"
Female,High School,Low,Beginner,Low,80,77,2.7,Yes,Intermediate,CBSE,40.63,"Textbooks, Workbooks"
Female,High School,Medium,Intermediate,High,79,90,6.1,Yes,Basic,IB,41.06,"Textbooks, Workbooks"
Female,High School,Low,Beginner,Medium,84,94,2.8,Yes,Fluent,ICSE,45.2,"Textbooks, Workbooks"
Female,High School,Medium,Advanced,High,41,62,4.8,Yes,Intermediate,State Board,25.57,"Textbooks, Workbooks"
Female,Elementary,Low,Advanced,Low,79,64,8.2,No,Intermediate,ICSE,47.72,"Textbooks, Workbooks"
Male,Elementary,Medium,Advanced,Medium,91,93,0.3,Yes,Fluent,ICSE,53.32,"Educational Apps, Science Kits"
Male,High School,Medium,Beginner,Low,34,92,1.8,Yes,Basic,IB,23.48,"Textbooks, Workbooks"
Female,High School,High,Advanced,Medium,56,95,9.6,Yes,Basic,IB,38.96,"Textbooks, Workbooks"
Female,Elementary,Medium,Beginner,Low,38,69,4.5,No,Intermediate,CBSE,25.8,"Textbooks, Workbooks"
Male,Elementary,Low,Beginner,Medium,64,62,3.0,No,Intermediate,IB,33.32,"Textbooks, Workbooks"
Male,High School,Low,Advanced,Low,42,70,9.2,Yes,Basic,CBSE,36.97,"Textbooks, Workbooks"
Male,High School,Medium,Advanced,Low,73,62,9.1,Yes,Basic,ICSE,38.02,"Textbooks, Workbooks"
Male,Elementary,High,Beginner,Medium,75,87,0.4,Yes,Intermediate,CBSE,38.7,"Textbooks, Workbooks"
Female,Elementary,Medium,Beginner,High,97,87,3.6,Yes,Basic,CBSE,48.83,"Textbooks, Workbooks"
Female,High School,Medium,Beginner,High,82,68,9.1,Yes,Fluent,IB,44.37,"Textbooks, Workbooks"
Male,Elementary,Low,Beginner,High,30,85,1.8,Yes,Basic,ICSE,28.14,"Textbooks, Workbooks"
Female,Elementary,Medium,Advanced,Medium,40,88,5.8,Yes,Basic,CBSE,31.82,"Textbooks, Workbooks"
Male,High School,Medium,Beginner,Low,79,69,3.2,Yes,Basic,ICSE,33.67,"Textbooks, Workbooks"
Female,High School,Medium,Beginner,Medium,38,86,7.4,No,Fluent,State Board,27.53,"Textbooks, Workbooks"
Male,High School,High,Beginner,Medium,67,91,1.6,Yes,Fluent,State Board,38.33,"Textbooks, Workbooks"
Female,Elementary,Medium,Beginner,Low,42,77,6.0,No,Fluent,State Board,39.43,"Textbooks, Workbooks"
Male,High School,Low,Beginner,Low,34,77,0.0,Yes,Intermediate,ICSE,26.34,"Textbooks, Workbooks"
Male,Elementary,Medium,Intermediate,Low,54,81,2.5,No,Fluent,State Board,37.61,"Textbooks, Workbooks"
Female,High School,Medium,Intermediate,Medium,39,76,1.6,Yes,Basic,IB,26.84,"Textbooks, Workbooks"
Male,High School,Medium,Intermediate,Low,34,84,2.1,No,Basic,ICSE,27.14,"Textbooks, Workbooks"
Female,Elementary,Medium,Advanced,Low,51,85,8.6,Yes,Intermediate,State Board,39.36,"Textbooks, Workbooks"
Female,Elementary,Medium,Beginner,Medium,71,64,9.1,No,Intermediate,State Board,42.17,"Textbooks, Workbooks"
Male,High School,Medium,Advanced,Medium,49,68,7.6,No,Basic,CBSE,34.81,"Textbooks, Workbooks"
Female,High School,High,Beginner,Medium,57,83,5.9,Yes,Basic,ICSE,42.29,"Textbooks, Workbooks"
Female,Elementary,Medium,Intermediate,High,50,66,2.3,Yes,Fluent,State Board,29.94,"Textbooks, Workbooks"
Female,High School,High,Beginner,Low,40,79,2.7,No,Intermediate,ICSE,28.37,"Textbooks, Workbooks"
Female,Elementary,Medium,Advanced,High,98,67,3.1,Yes,Fluent,ICSE,53.15,"Educational Apps, Science Kits"
Female,Elementary,Medium,Advanced,Low,66,78,7.8,No,Fluent,IB,43.61,"Textbooks, Workbooks"
Male,High School,High,Beginner,Medium,78,94,2.5,Yes,Fluent,State Board,36.33,"Textbooks, Workbooks"
Female,Elementary,Medium,Advanced,Medium,98,84,9.7,Yes,Fluent,IB,51.32,"Educational Apps, Science Kits"
Female,Elementary,High,Intermediate,High,62,76,8.0,Yes,Fluent,State Board,34.52,"Textbooks, Workbooks"
Female,Elementary,High,Beginner,Medium,74,98,10.0,Yes,Basic,ICSE,51.56,"Educational Apps, Science Kits"
Female,High School,Low,Intermediate,Low,37,84,4.6,Yes,Fluent,ICSE,35.65,"Textbooks, Workbooks"
Female,Elementary,Medium,Intermediate,Medium,35,94,5.9,Yes,Intermediate,ICSE,35.54,"Textbooks, Workbooks"
Male,High School,Low,Advanced,Medium,44,98,2.8,Yes,Intermediate,ICSE,32.75,"Textbooks, Workbooks"
Female,High School,High,Beginner,Medium,44,98,6.0,Yes,Fluent,State Board,43.3,"Textbooks, Workbooks"
Male,High School,High,Intermediate,Low,38,61,9.7,No,Intermediate,CBSE,32.16,"Textbooks, Workbooks"
Male,Elementary,Low,Intermediate,Medium,90,75,0.3,Yes,Intermediate,ICSE,46.55,"Textbooks, Workbooks"
Male,Elementary,Low,Beginner,Low,85,73,2.9,Yes,Basic,State Board,44.56,"Textbooks, Workbooks"
Male,High School,Medium,Advanced,High,34,88,2.8,Yes,Basic,ICSE,23.77,"Textbooks, Workbooks"
Female,High School,Medium,Intermediate,Medium,55,98,9.8,No,Fluent,CBSE,41.19,"Textbooks, Workbooks"
Male,Elementary,Low,Beginner,Low,86,61,1.3,Yes,Basic,State Board,42.0,"Textbooks, Workbooks"
Male,High School,Medium,Beginner,High,64,69,8.1,Yes,Fluent,ICSE,41.02,"Textbooks, Workbooks"
Female,High School,Medium,Intermediate,Medium,39,61,2.7,No,Intermediate,IB,24.77,"Textbooks, Workbooks"
Female,Elementary,Low,Intermediate,Medium,50,86,8.6,Yes,Intermediate,CBSE,36.43,"Textbooks, Workbooks"
Female,High School,High,Intermediate,Low,41,72,4.9,No,Basic,IB,32.22,"Textbooks, Workbooks"
Male,Elementary,High,Advanced,Medium,38,61,2.4,No,Intermediate,IB,28.97,"Textbooks, Workbooks"
Female,Elementary,High,Advanced,Medium,45,73,7.1,No,Fluent,ICSE,34.21,"Textbooks, Workbooks"
Female,High School,High,Beginner,High,83,76,8.4,Yes,Fluent,IB,54.0,"Educational Apps, Science Kits"
Male,Elementary,Medium,Beginner,Low,52,97,4.7,Yes,Basic,State Board,42.38,"Textbooks, Workbooks"
Female,Elementary,Medium,Intermediate,Low,68,95,7.1,Yes,Intermediate,CBSE,42.53,"Textbooks, Workbooks"
Female,Elementary,Medium,Beginner,High,51,93,1.8,Yes,Intermediate,State Board,37.27,"Textbooks, Workbooks"
Female,High School,High,Advanced,High,84,88,9.4,Yes,Fluent,IB,62.36,"Educational Apps, Science Kits"
Female,High School,High,Beginner,Low,60,82,1.0,Yes,Fluent,State Board,31.16,"Textbooks, Workbooks"
Male,High School,High,Beginner,High,76,82,2.2,Yes,Basic,CBSE,43.37,"Textbooks, Workbooks"
Female,Elementary,High,Intermediate,Low,56,75,2.9,Yes,Basic,IB,26.55,"Textbooks, Workbooks"
Female,Elementary,Medium,Intermediate,High,77,66,1.5,Yes,Basic,CBSE,41.01,"Textbooks, Workbooks"
Male,High School,Medium,Advanced,High,68,60,4.1,Yes,Basic,ICSE,39.92,"Textbooks, Workbooks"
Female,High School,Medium,Beginner,Low,50,78,4.6,Yes,Fluent,ICSE,33.26,"Textbooks, Workbooks"
Male,Elementary,Low,Beginner,Low,44,92,5.2,Yes,Basic,State Board,33.14,"Textbooks, Workbooks"
Female,High School,Low,Beginner,Low,74,93,0.4,No,Fluent,State Board,40.5,"Textbooks, Workbooks"
Male,High School,Medium,Intermediate,Low,48,60,2.2,No,Intermediate,IB,22.87,"Textbooks, Workbooks"
Male,High School,Medium,Advanced,Low,82,71,8.1,No,Basic,IB,44.54,"Textbooks, Workbooks"
Male,High School,Medium,Beginner,High,84,84,8.1,Yes,Fluent,ICSE,48.32,"Textbooks, Workbooks"
Male,High School,Medium,Beginner,Low,78,82,3.3,Yes,Intermediate,ICSE,45.76,"Textbooks, Workbooks"
Female,Elementary,Medium,Beginner,Medium,90,84,4.6,Yes,Basic,CBSE,38.33,"Textbooks, Workbooks"
Male,High School,Medium,Beginner,High,89,90,1.8,Yes,Basic,ICSE,46.92,"Textbooks, Workbooks"
Female,High School,Medium,Advanced,Medium,53,83,8.2,Yes,Fluent,ICSE,34.81,"Textbooks, Workbooks"
Male,Elementary,Medium,Advanced,Medium,68,69,9.6,No,Fluent,CBSE,42.35,"Textbooks, Workbooks"
Male,Elementary,High,Advanced,Low,90,61,2.9,Yes,Fluent,ICSE,51.01,"Educational Apps, Science Kits"
Male,Elementary,Medium,Intermediate,Medium,52,92,7.8,Yes,Basic,State Board,37.04,"Textbooks, Workbooks"
Female,Elementary,Medium,Beginner,Low,68,96,3.5,Yes,Intermediate,CBSE,35.97,"Textbooks, Workbooks"
Male,High School,High,Beginner,High,40,82,0.0,No,Basic,ICSE,20.32,"Textbooks, Workbooks"
Female,High School,High,Beginner,Low,71,61,6.0,Yes,Basic,CBSE,39.39,"Textbooks, Workbooks"
Female,High School,High,Beginner,Medium,54,63,4.1,Yes,Fluent,ICSE,37.07,"Textbooks, Workbooks"
Female,High School,Medium,Advanced,Medium,63,82,7.6,Yes,Intermediate,ICSE,34.09,"Textbooks, Workbooks"
Female,Elementary,Low,Intermediate,Medium,51,97,7.5,No,Basic,IB,42.4,"Textbooks, Workbooks"
Female,Elementary,Medium,Intermediate,Low,31,82,9.5,Yes,Fluent,CBSE,29.11,"Textbooks, Workbooks"
Female,High School,Medium,Beginner,Low,80,71,4.4,Yes,Basic,State Board,42.06,"Textbooks, Workbooks"
Female,High School,High,Advanced,High,45,83,4.8,Yes,Fluent,ICSE,38.44,"Textbooks, Workbooks"
Female,High School,Medium,Intermediate,Low,40,88,4.0,Yes,Basic,State Board,30.04,"Textbooks, Workbooks"
Female,High School,Low,Intermediate,Low,98,87,3.0,Yes,Fluent,IB,51.67,"Educational Apps, Science Kits"
Male,Elementary,Low,Beginner,Medium,91,74,6.4,Yes,Basic,State Board,45.44,"Textbooks, Workbooks"
Male,High School,Low,Intermediate,High,48,69,8.3,No,Fluent,IB,33.24,"Textbooks, Workbooks"
Male,Elementary,Medium,Beginner,Medium,58,93,1.6,Yes,Basic,CBSE,35.85,"Textbooks, Workbooks"
Male,Elementary,High,Advanced,Medium,71,88,9.8,Yes,Intermediate,IB,45.49,"Textbooks, Workbooks"
Male,Elementary,High,Beginner,Medium,52,90,6.8,Yes,Intermediate,ICSE,29.32,"Textbooks, Workbooks"
Female,Elementary,High,Intermediate,Low,89,82,7.8,Yes,Fluent,IB,50.28,"Educational Apps, Science Kits"
Female,High School,Medium,Beginner,Medium,47,77,10.0,Yes,Intermediate,CBSE,39.3,"Textbooks, Workbooks"
Female,High School,Medium,Beginner,High,84,66,5.0,Yes,Intermediate,CBSE,43.75,"Textbooks, Workbooks"
Female,High School,Medium,Beginner,High,47,86,0.7,Yes,Basic,ICSE,34.24,"Textbooks, Workbooks"
Female,High School,Medium,Beginner,Low,56,68,7.9,Yes,Intermediate,ICSE,37.85,"Textbooks, Workbooks"
Female,Elementary,High,Beginner,Medium,30,79,8.7,No,Intermediate,State Board,24.63,"Textbooks, Workbooks"
Female,Elementary,Medium,Beginner,Medium,43,80,1.6,Yes,Intermediate,ICSE,27.29,"Textbooks, Workbooks"
Male,Elementary,High,Intermediate,Low,88,87,0.2,Yes,Intermediate,IB,39.95,"Textbooks, Workbooks"
Male,High School,Medium,Beginner,Medium,62,62,1.4,Yes,Fluent,ICSE,21.29,"Textbooks, Workbooks"
Male,Elementary,Low,Intermediate,Low,65,69,3.2,Yes,Intermediate,State Board,40.12,"Textbooks, Workbooks"
Male,Elementary,Low,Beginner,Medium,68,76,9.2,No,Fluent,ICSE,54.99,"Educational Apps, Science Kits"
Female,Elementary,Medium,Advanced,Low,74,94,0.0,Yes,Intermediate,State Board,37.52,"Textbooks, Workbooks"
Female,Elementary,High,Beginner,Medium,54,80,8.0,Yes,Basic,ICSE,38.83,"Textbooks, Workbooks"
Female,High School,Medium,Intermediate,Medium,44,68,8.5,No,Intermediate,CBSE,29.26,"Textbooks, Workbooks"
Male,Elementary,High,Intermediate,Medium,49,76,8.1,Yes,Basic,ICSE,36.68,"Textbooks, Workbooks"
Female,Elementary,High,Advanced,Medium,63,91,0.8,Yes,Intermediate,IB,41.93,"Textbooks, Workbooks"
Female,High School,Medium,Beginner,Low,87,97,6.8,Yes,Intermediate,CBSE,52.93,"Educational Apps, Science Kits"
Female,High School,High,Advanced,Medium,89,87,9.5,Yes,Basic,ICSE,56.28,"Educational Apps, Science Kits"
Male,High School,Medium,Beginner,High,59,77,1.2,Yes,Fluent,ICSE,39.68,"Textbooks, Workbooks"
Female,Elementary,Medium,Beginner,Low,42,65,0.3,Yes,Basic,CBSE,32.3,"Textbooks, Workbooks"
Male,Elementary,High,Intermediate,Medium,96,65,8.7,Yes,Fluent,CBSE,51.41,"Educational Apps, Science Kits"
Male,Elementary,High,Advanced,Medium,74,76,6.4,Yes,Basic,CBSE,39.12,"Textbooks, Workbooks"
Male,Elementary,Medium,Advanced,Medium,69,69,6.5,Yes,Intermediate,IB,37.24,"Textbooks, Workbooks"
Male,High School,Medium,Intermediate,Medium,67,61,9.6,Yes,Fluent,ICSE,39.88,"Textbooks, Workbooks"
Female,Elementary,Low,Intermediate,Medium,76,92,7.7,Yes,Fluent,State Board,45.95,"Textbooks, Workbooks"
Male,Elementary,Medium,Advanced,Low,58,84,4.0,Yes,Intermediate,ICSE,30.83,"Textbooks, Workbooks"
Male,High School,Medium,Intermediate,Medium,63,97,4.4,Yes,Fluent,ICSE,40.76,"Textbooks, Workbooks"
Female,High School,High,Beginner,Medium,40,60,1.4,No,Basic,CBSE,25.04,"Textbooks, Workbooks"
Female,High School,Medium,Advanced,Low,49,75,3.0,No,Fluent,State Board,27.58,"Textbooks, Workbooks"
Male,Elementary,Low,Advanced,Medium,49,85,4.5,No,Basic,ICSE,34.01,"Textbooks, Workbooks"
Female,Elementary,Medium,Intermediate,Medium,85,71,2.6,Yes,Basic,ICSE,37.45,"Textbooks, Workbooks"
Male,Elementary,Medium,Beginner,High,52,68,9.2,Yes,Intermediate,CBSE,37.35,"Textbooks, Workbooks"
Male,Elementary,Medium,Advanced,Low,54,72,0.1,Yes,Intermediate,ICSE,26.65,"Textbooks, Workbooks"
Male,Elementary,Medium,Advanced,High,62,66,5.9,Yes,Intermediate,IB,37.94,"Textbooks, Workbooks"
Male,High School,High,Beginner,Medium,60,60,7.7,Yes,Basic,ICSE,38.94,"Textbooks, Workbooks"
Female,High School,Low,Intermediate,Medium,30,90,7.3,Yes,Fluent,IB,34.43,"Textbooks, Workbooks"
Male,Elementary,Medium,Intermediate,Low,83,94,6.4,Yes,Basic,CBSE,56.05,"Educational Apps, Science Kits"
Female,Elementary,High,Intermediate,Medium,45,83,4.1,Yes,Fluent,ICSE,34.2,"Textbooks, Workbooks"
Female,Elementary,Medium,Intermediate,High,88,62,9.2,No,Basic,IB,47.16,"Textbooks, Workbooks"
Female,Elementary,Medium,Beginner,Medium,95,78,3.3,Yes,Intermediate,ICSE,51.28,"Educational Apps, Science Kits"
Female,Elementary,Medium,Beginner,Medium,32,63,7.5,Yes,Intermediate,CBSE,20.83,"Textbooks, Workbooks"
Male,High School,Medium,Advanced,Medium,44,87,9.3,Yes,Basic,CBSE,35.13,"Textbooks, Workbooks"
Female,High School,Medium,Advanced,Medium,61,89,1.3,Yes,Fluent,ICSE,34.24,"Textbooks, Workbooks"
Male,High School,Medium,Beginner,Low,79,95,9.5,No,Basic,CBSE,46.83,"Textbooks, Workbooks"
Female,Elementary,High,Advanced,High,89,63,7.8,Yes,Intermediate,IB,45.78,"Textbooks, Workbooks"
Female,Elementary,High,Beginner,Medium,37,82,6.2,Yes,Intermediate,CBSE,39.88,"Textbooks, Workbooks"
Male,High School,Medium,Intermediate,Low,36,70,3.7,Yes,Intermediate,CBSE,25.81,"Textbooks, Workbooks"
Male,High School,Low,Beginner,Medium,33,63,9.0,Yes,Fluent,IB,31.13,"Textbooks, Workbooks"
Male,Elementary,Low,Beginner,High,39,70,0.4,Yes,Basic,ICSE,21.55,"Textbooks, Workbooks"
Female,High School,Low,Advanced,High,89,83,4.3,Yes,Fluent,CBSE,43.93,"Textbooks, Workbooks"
Female,High School,Medium,Beginner,Medium,54,79,7.6,Yes,Basic,ICSE,33.65,"Textbooks, Workbooks"
Male,Elementary,Low,Intermediate,High,71,76,8.1,Yes,Basic,IB,39.99,"Textbooks, Workbooks"
Male,High School,Medium,Intermediate,Low,76,72,2.0,No,Intermediate,ICSE,45.24,"Textbooks, Workbooks"
Male,High School,High,Advanced,Low,61,76,0.5,Yes,Intermediate,CBSE,31.79,"Textbooks, Workbooks"
Male,High School,Medium,Advanced,Low,54,74,8.0,No,Fluent,CBSE,33.82,"Textbooks, Workbooks"
Female,Elementary,High,Beginner,Low,45,63,4.2,Yes,Intermediate,CBSE,30.92,"Textbooks, Workbooks"
Male,High School,High,Advanced,Low,78,77,1.4,Yes,Basic,IB,40.44,"Textbooks, Workbooks"
Male,High School,Medium,Intermediate,Medium,45,68,0.9,Yes,Intermediate,CBSE,34.17,"Textbooks, Workbooks"
Male,High School,High,Advanced,Medium,67,62,6.4,Yes,Basic,ICSE,39.5,"Textbooks, Workbooks"
Male,Elementary,High,Advanced,Medium,34,86,5.8,Yes,Fluent,State Board,36.4,"Textbooks, Workbooks"
Female,Elementary,Medium,Intermediate,Medium,36,77,8.5,No,Intermediate,State Board,27.07,"Textbooks, Workbooks"
Male,High School,Medium,Beginner,High,37,76,0.3,Yes,Intermediate,CBSE,24.82,"Textbooks, Workbooks"
Female,Elementary,Medium,Beginner,Low,62,69,8.7,No,Basic,IB,42.45,"Textbooks, Workbooks"
Male,High School,High,Advanced,Medium,91,96,8.9,Yes,Intermediate,ICSE,50.93,"Educational Apps, Science Kits"
Male,Elementary,Medium,Intermediate,Medium,61,88,4.5,Yes,Fluent,ICSE,39.13,"Textbooks, Workbooks"
Female,Elementary,Low,Intermediate,High,30,64,0.8,Yes,Fluent,IB,16.41,"Textbooks, Workbooks"
Male,High School,Medium,Intermediate,Low,49,65,9.5,Yes,Intermediate,ICSE,34.86,"Textbooks, Workbooks"
Female,High School,Medium,Beginner,Low,84,99,0.7,Yes,Basic,CBSE,38.99,"Textbooks, Workbooks"
Female,High School,Medium,Intermediate,Medium,92,94,5.9,Yes,Fluent,ICSE,48.03,"Textbooks, Workbooks"
Male,Elementary,High,Intermediate,High,35,64,4.9,Yes,Intermediate,State Board,21.11,"Textbooks, Workbooks"
Female,High School,Medium,Beginner,Low,81,74,8.4,Yes,Intermediate,IB,45.4,"Textbooks, Workbooks"
Female,Elementary,High,Intermediate,Medium,31,86,5.0,Yes,Fluent,ICSE,31.01,"Textbooks, Workbooks"
Female,Elementary,High,Beginner,Low,68,98,4.7,No,Basic,ICSE,37.18,"Textbooks, Workbooks"
Female,High School,Medium,Advanced,High,61,92,8.8,Yes,Intermediate,IB,44.98,"Textbooks, Workbooks"
Female,Elementary,Low,Advanced,Low,80,83,9.6,Yes,Intermediate,ICSE,45.97,"Textbooks, Workbooks"
Female,High School,High,Advanced,Low,98,80,5.5,Yes,Basic,IB,41.72,"Textbooks, Workbooks"
Female,Elementary,High,Advanced,Low,61,61,4.5,Yes,Basic,CBSE,37.39,"Textbooks, Workbooks"
Female,High School,Low,Advanced,Medium,32,78,8.3,Yes,Intermediate,IB,32.17,"Textbooks, Workbooks"
Male,Elementary,Medium,Beginner,Low,91,77,8.3,Yes,Basic,ICSE,48.49,"Textbooks, Workbooks"
Male,Elementary,Medium,Beginner,High,42,69,3.2,Yes,Basic,ICSE,31.75,"Textbooks, Workbooks"
Female,High School,High,Beginner,High,99,96,5.8,Yes,Basic,CBSE,62.55,"Educational Apps, Science Kits"
Male,Elementary,High,Intermediate,Low,50,82,1.5,Yes,Intermediate,ICSE,32.04,"Textbooks, Workbooks"
Female,High School,Low,Advanced,Medium,90,60,6.4,Yes,Basic,State Board,50.23,"Educational Apps, Science Kits"
Female,Elementary,High,Intermediate,Low,43,65,8.3,No,Fluent,State Board,25.27,"Textbooks, Workbooks"
Male,Elementary,Low,Intermediate,Medium,51,60,1.9,No,Fluent,ICSE,30.25,"Textbooks, Workbooks"
Female,Elementary,High,Intermediate,Low,61,77,3.2,Yes,Basic,ICSE,37.78,"Textbooks, Workbooks"
Female,High School,Medium,Advanced,Low,70,86,4.5,Yes,Fluent,ICSE,43.29,"Textbooks, Workbooks"
Female,High School,Medium,Intermediate,Medium,61,99,8.5,Yes,Basic,IB,38.04,"Textbooks, Workbooks"
Female,High School,Low,Advanced,Low,71,97,7.3,Yes,Basic,ICSE,43.61,"Textbooks, Workbooks"
Male,High School,Low,Advanced,High,81,76,3.2,Yes,Fluent,IB,43.65,"Textbooks, Workbooks"
Female,High School,Medium,Advanced,Medium,83,85,2.4,No,Intermediate,ICSE,43.53,"Textbooks, Workbooks"
Female,Elementary,Medium,Intermediate,High,91,72,7.0,Yes,Basic,ICSE,46.71,"Textbooks, Workbooks"
Female,Elementary,Low,Advanced,High,72,69,4.8,Yes,Basic,ICSE,42.23,"Textbooks, Workbooks"
Male,High School,Low,Advanced,High,32,97,5.9,No,Fluent,CBSE,28.87,"Textbooks, Workbooks"
Female,Elementary,Low,Beginner,Medium,67,85,6.5,Yes,Fluent,IB,40.26,"Textbooks, Workbooks"
Male,Elementary,High,Intermediate,Medium,68,90,5.6,Yes,Basic,CBSE,44.71,"Textbooks, Workbooks"
Male,Elementary,High,Beginner,Medium,99,82,6.1,No,Fluent,ICSE,56.47,"Educational Apps, Science Kits"
Female,Elementary,Low,Beginner,High,74,79,8.9,Yes,Intermediate,CBSE,46.49,"Textbooks, Workbooks"
Female,High School,Medium,Intermediate,Medium,75,82,8.7,Yes,Intermediate,CBSE,52.62,"Educational Apps, Science Kits"
Male,Elementary,Low,Beginner,High,42,86,1.5,Yes,Intermediate,State Board,36.14,"Textbooks, Workbooks"
Female,High School,High,Advanced,Low,81,74,5.9,Yes,Basic,CBSE,51.65,"Educational Apps, Science Kits"
Male,High School,High,Beginner,Medium,38,97,4.4,Yes,Fluent,IB,28.29,"Textbooks, Workbooks"
Male,Elementary,Medium,Beginner,Medium,86,70,2.9,Yes,Fluent,ICSE,42.36,"Textbooks, Workbooks"
Female,High School,High,Advanced,High,98,67,6.3,Yes,Basic,ICSE,49.65,"Textbooks, Workbooks"
Female,Elementary,High,Beginner,Low,72,73,5.1,Yes,Basic,State Board,36.22,"Textbooks, Workbooks"
Male,Elementary,High,Advanced,Medium,36,72,7.7,Yes,Fluent,State Board,29.59,"Textbooks, Workbooks"
Male,Elementary,Medium,Intermediate,Medium,73,81,0.9,Yes,Basic,IB,35.71,"Textbooks, Workbooks"
Male,High School,Medium,Beginner,Low,73,93,3.0,No,Fluent,IB,33.37,"Textbooks, Workbooks"
Male,High School,Medium,Intermediate,Medium,97,60,0.3,Yes,Fluent,ICSE,38.17,"Textbooks, Workbooks"
Female,High School,Medium,Beginner,Medium,73,96,7.5,Yes,Basic,ICSE,46.7,"Textbooks, Workbooks"
Female,Elementary,Medium,Advanced,Low,69,91,9.1,Yes,Basic,CBSE,52.84,"Educational Apps, Science Kits"
Female,Elementary,Low,Beginner,Medium,72,70,5.9,No,Basic,IB,35.13,"Textbooks, Workbooks"
Female,Elementary,Medium,Intermediate,High,91,69,6.2,Yes,Basic,State Board,52.15,"Educational Apps, Science Kits"
Female,High School,Medium,Advanced,High,72,89,0.5,Yes,Basic,ICSE,39.25,"Textbooks, Workbooks"
Male,Elementary,Medium,Advanced,Medium,48,71,5.0,No,Basic,ICSE,31.44,"Textbooks, Workbooks"
Female,Elementary,Medium,Intermediate,Medium,78,93,5.3,Yes,Fluent,CBSE,42.43,"Textbooks, Workbooks"
Female,High School,High,Intermediate,Low,94,84,0.4,Yes,Intermediate,State Board,43.81,"Textbooks, Workbooks"
Female,High School,High,Beginner,High,54,95,7.8,Yes,Basic,ICSE,39.27,"Textbooks, Workbooks"
Female,High School,Medium,Beginner,Low,70,63,2.8,No,Fluent,IB,39.22,"Textbooks, Workbooks"
Female,Elementary,Medium,Advanced,Medium,52,80,7.2,Yes,Fluent,IB,36.02,"Textbooks, Workbooks"
Male,Elementary,Medium,Intermediate,Low,87,89,4.0,Yes,Fluent,IB,54.63,"Educational Apps, Science Kits"
Male,Elementary,Low,Intermediate,Medium,72,97,10.0,Yes,Fluent,CBSE,43.67,"Textbooks, Workbooks"
Male,High School,High,Beginner,Low,69,71,2.1,Yes,Basic,CBSE,42.68,"Textbooks, Workbooks"
Female,High School,Medium,Beginner,High,59,98,0.6,Yes,Fluent,IB,33.52,"Textbooks, Workbooks"
Male,High School,Low,Advanced,Medium,63,84,9.8,Yes,Intermediate,State Board,40.61,"Textbooks, Workbooks"
Male,High School,High,Intermediate,Medium,39,78,2.4,Yes,Basic,ICSE,29.72,"Textbooks, Workbooks"
Female,Elementary,Low,Intermediate,Low,89,61,6.4,No,Intermediate,ICSE,40.29,"Textbooks, Workbooks"
Female,Elementary,Medium,Intermediate,High,30,81,3.7,Yes,Intermediate,ICSE,33.15,"Textbooks, Workbooks"
Female,Elementary,Low,Intermediate,Low,41,89,6.4,Yes,Fluent,IB,33.35,"Textbooks, Workbooks"
Male,Elementary,Low,Beginner,Medium,75,95,6.0,Yes,Intermediate,IB,46.34,"Textbooks, Workbooks"
Male,Elementary,Low,Beginner,Medium,46,62,7.1,Yes,Basic,IB,31.7,"Textbooks, Workbooks"
Female,Elementary,Low,Beginner,High,87,82,0.2,Yes,Fluent,CBSE,46.82,"Textbooks, Workbooks"
Female,Elementary,Medium,Advanced,Low,67,63,8.4,Yes,Basic,CBSE,36.44,"Textbooks, Workbooks"
Male,Elementary,High,Intermediate,Medium,35,87,4.8,Yes,Basic,IB,25.15,"Textbooks, Workbooks"
Male,High School,Medium,Beginner,Medium,91,73,5.2,Yes,Intermediate,IB,47.63,"Textbooks, Workbooks"
Female,High School,High,Intermediate,High,39,65,4.1,Yes,Intermediate,State Board,26.72,"Textbooks, Workbooks"
Female,Elementary,Medium,Beginner,Low,55,65,9.9,Yes,Basic,ICSE,35.73,"Textbooks, Workbooks"
Male,High School,Medium,Advanced,Medium,87,96,8.0,Yes,Fluent,CBSE,55.61,"Educational Apps, Science Kits"
Female,Elementary,Low,Beginner,Low,46,66,3.1,Yes,Basic,ICSE,27.44,"Textbooks, Workbooks"
Male,Elementary,Medium,Advanced,Low,82,72,7.8,Yes,Intermediate,IB,40.03,"Textbooks, Workbooks"
Male,High School,Medium,Intermediate,Low,34,60,4.4,Yes,Basic,IB,37.43,"Textbooks, Workbooks"
Male,Elementary,Medium,Beginner,High,96,83,8.7,Yes,Intermediate,State Board,49.98,"Textbooks, Workbooks"
Male,Elementary,High,Beginner,Low,49,93,0.3,Yes,Basic,State Board,34.62,"Textbooks, Workbooks"
Female,Elementary,Medium,Beginner,High,80,69,3.6,Yes,Intermediate,CBSE,40.65,"Textbooks, Workbooks"
Female,Elementary,Medium,Intermediate,Low,75,65,4.3,Yes,Basic,CBSE,28.97,"Textbooks, Workbooks"
Male,Elementary,High,Advanced,High,96,63,7.4,Yes,Intermediate,ICSE,45.41,"Textbooks, Workbooks"
Male,Elementary,Medium,Advanced,Medium,32,67,1.8,Yes,Fluent,ICSE,22.49,"Textbooks, Workbooks"
Male,Elementary,Medium,Beginner,Low,52,74,2.9,Yes,Fluent,CBSE,21.48,"Textbooks, Workbooks"
Male,High School,High,Intermediate,Medium,38,71,7.2,Yes,Fluent,IB,25.92,"Textbooks, Workbooks"
Male,High School,Medium,Advanced,Medium,40,98,0.8,Yes,Fluent,CBSE,27.72,"Textbooks, Workbooks"
Female,Elementary,Low,Advanced,Medium,76,65,2.0,Yes,Basic,ICSE,36.49,"Textbooks, Workbooks"
Female,High School,Medium,Advanced,Medium,78,80,7.5,No,Basic,CBSE,50.9,"Educational Apps, Science Kits"
Female,Elementary,Medium,Advanced,Medium,73,91,8.8,Yes,Intermediate,ICSE,45.8,"Textbooks, Workbooks"
Female,Elementary,Medium,Advanced,Medium,42,91,7.3,Yes,Basic,ICSE,32.8,"Textbooks, Workbooks"
Male,Elementary,Low,Beginner,High,37,86,5.3,Yes,Basic,ICSE,34.83,"Textbooks, Workbooks"
Male,Elementary,High,Beginner,Medium,92,70,1.0,Yes,Intermediate,State Board,39.6,"Textbooks, Workbooks"
Male,High School,High,Beginner,High,51,81,8.3,Yes,Basic,IB,44.9,"Textbooks, Workbooks"
Male,High School,Medium,Advanced,High,67,95,1.2,No,Fluent,ICSE,36.06,"Textbooks, Workbooks"
Male,High School,Medium,Advanced,Low,56,82,3.9,Yes,Fluent,IB,33.94,"Textbooks, Workbooks"
Female,High School,High,Advanced,Low,55,96,0.5,Yes,Basic,IB,33.76,"Textbooks, Workbooks"
Male,Elementary,Low,Beginner,Medium,52,82,7.1,Yes,Basic,CBSE,39.46,"Textbooks, Workbooks"
Female,High School,Medium,Advanced,Medium,94,86,5.0,No,Intermediate,State Board,53.46,"Educational Apps, Science Kits"
Female,Elementary,Medium,Beginner,Low,76,93,9.1,Yes,Basic,State Board,49.74,"Textbooks, Workbooks"
Female,Elementary,High,Advanced,Low,90,79,1.4,Yes,Fluent,IB,42.1,"Textbooks, Workbooks"
Female,High School,Low,Beginner,Medium,75,74,8.2,Yes,Intermediate,IB,39.26,"Textbooks, Workbooks"
Male,Elementary,High,Intermediate,Medium,33,63,5.1,Yes,Intermediate,CBSE,27.21,"Textbooks, Workbooks"
Female,High School,Medium,Advanced,Low,60,88,3.7,No,Intermediate,CBSE,40.01,"Textbooks, Workbooks"
Female,High School,Medium,Advanced,High,33,99,6.4,Yes,Basic,ICSE,36.53,"Textbooks, Workbooks"
Female,High School,Medium,Beginner,Medium,58,70,7.9,No,Basic,State Board,32.05,"Textbooks, Workbooks"
Male,High School,Low,Advanced,Medium,73,66,4.4,Yes,Basic,State Board,39.12,"Textbooks, Workbooks"
Male,High School,High,Beginner,Medium,32,70,2.3,No,Intermediate,IB,19.1,"Textbooks, Workbooks"
Male,Elementary,High,Beginner,Low,88,92,9.2,Yes,Intermediate,ICSE,52.95,"Educational Apps, Science Kits"
Female,High School,Medium,Intermediate,Medium,82,89,3.1,Yes,Fluent,IB,42.38,"Textbooks, Workbooks"
Female,High School,High,Intermediate,Low,40,91,10.0,Yes,Fluent,IB,33.93,"Textbooks, Workbooks"
Male,Elementary,High,Advanced,Low,35,99,7.7,Yes,Basic,ICSE,40.04,"Textbooks, Workbooks"
Female,High School,Medium,Advanced,Medium,76,96,6.9,No,Basic,State Board,51.78,"Educational Apps, Science Kits"
Male,High School,Medium,Beginner,Low,36,72,0.1,Yes,Fluent,IB,24.95,"Textbooks, Workbooks"
Male,Elementary,Medium,Beginner,Medium,97,66,4.5,Yes,Fluent,IB,44.62,"Textbooks, Workbooks"
Female,Elementary,Medium,Beginner,Medium,30,83,5.0,No,Basic,CBSE,31.02,"Textbooks, Workbooks"
Female,High School,Low,Beginner,Low,85,70,3.8,Yes,Basic,State Board,46.92,"Textbooks, Workbooks"
Female,Elementary,Medium,Advanced,Low,72,90,1.5,Yes,Basic,IB,40.17,"Textbooks, Workbooks"
Female,High School,Low,Intermediate,High,57,73,3.7,Yes,Basic,ICSE,37.62,"Textbooks, Workbooks"
Male,Elementary,High,Advanced,Low,58,85,0.7,Yes,Fluent,IB,34.14,"Textbooks, Workbooks"
Male,High School,High,Advanced,Medium,47,60,2.9,Yes,Basic,CBSE,25.85,"Textbooks, Workbooks"
Male,High School,Medium,Advanced,Medium,91,65,0.8,Yes,Basic,State Board,43.08,"Textbooks, Workbooks"
Male,High School,Medium,Intermediate,High,35,90,7.5,Yes,Fluent,State Board,28.27,"Textbooks, Workbooks"
Male,Elementary,Medium,Advanced,High,45,71,6.7,Yes,Fluent,CBSE,28.41,"Textbooks, Workbooks"
Female,High School,Medium,Intermediate,High,30,60,9.4,Yes,Basic,CBSE,21.11,"Textbooks, Workbooks"
Male,Elementary,Medium,Beginner,Low,51,65,3.8,No,Basic,ICSE,37.37,"Textbooks, Workbooks"
Male,High School,Medium,Advanced,High,75,88,7.9,Yes,Intermediate,CBSE,44.04,"Textbooks, Workbooks"
Male,High School,Medium,Beginner,Low,91,89,5.9,Yes,Basic,IB,55.56,"Educational Apps, Science Kits"
Female,High School,Low,Beginner,Low,52,72,6.5,Yes,Basic,State Board,26.67,"Textbooks, Workbooks"
Female,High School,Low,Beginner,Medium,50,89,5.5,Yes,Fluent,State Board,46.45,"Textbooks, Workbooks"
Female,High School,Low,Advanced,Medium,80,71,7.8,Yes,Basic,IB,44.09,"Textbooks, Workbooks"
Female,Elementary,High,Beginner,Low,67,69,0.4,No,Basic,IB,35.37,"Textbooks, Workbooks"
Male,Elementary,High,Advanced,Low,57,98,0.8,Yes,Intermediate,IB,30.93,"Textbooks, Workbooks"
Male,Elementary,Medium,Beginner,High,73,69,1.0,Yes,Basic,ICSE,35.99,"Textbooks, Workbooks"
Female,High School,Medium,Advanced,High,68,77,2.9,Yes,Basic,ICSE,35.19,"Textbooks, Workbooks"
Female,High School,Low,Advanced,Medium,71,65,5.9,Yes,Fluent,IB,35.58,"Textbooks, Workbooks"
Male,Elementary,Medium,Advanced,Medium,71,67,6.5,Yes,Intermediate,State Board,38.96,"Textbooks, Workbooks"
Male,High School,Low,Beginner,High,89,79,7.1,No,Basic,State Board,41.68,"Textbooks, Workbooks"
Female,High School,Medium,Advanced,High,86,75,2.8,Yes,Intermediate,IB,51.59,"Educational Apps, Science Kits"
Female,High School,High,Beginner,Medium,36,61,6.5,Yes,Basic,State Board,26.45,"Textbooks, Workbooks"
Female,Elementary,Low,Intermediate,Medium,80,70,1.2,Yes,Basic,CBSE,44.27,"Textbooks, Workbooks"
Female,Elementary,High,Beginner,Low,61,83,0.1,Yes,Fluent,ICSE,46.35,"Textbooks, Workbooks"
Male,Elementary,Low,Beginner,Medium,36,78,6.9,Yes,Basic,IB,27.84,"Textbooks, Workbooks"
Male,Elementary,Medium,Advanced,Low,69,63,7.2,Yes,Intermediate,CBSE,40.98,"Textbooks, Workbooks"
Male,Elementary,Low,Beginner,Medium,44,62,6.2,Yes,Intermediate,ICSE,32.15,"Textbooks, Workbooks"
Female,High School,Medium,Intermediate,Medium,88,74,2.6,No,Basic,IB,38.6,"Textbooks, Workbooks"
Female,High School,Low,Advanced,Low,41,99,9.3,Yes,Intermediate,CBSE,41.46,"Textbooks, Workbooks"
Male,High School,Medium,Beginner,High,71,63,8.8,Yes,Fluent,ICSE,47.17,"Textbooks, Workbooks"
Male,High School,Medium,Beginner,Low,68,76,5.2,Yes,Intermediate,State Board,37.9,"Textbooks, Workbooks"
Male,Elementary,Medium,Advanced,Medium,92,68,9.9,Yes,Intermediate,ICSE,52.11,"Educational Apps, Science Kits"
Male,Elementary,Medium,Advanced,High,31,84,3.0,Yes,Basic,ICSE,27.35,"Textbooks, Workbooks"
Female,High School,High,Beginner,Medium,58,60,4.9,Yes,Intermediate,IB,32.58,"Textbooks, Workbooks"
Male,Elementary,Medium,Beginner,Medium,90,99,9.3,Yes,Fluent,ICSE,58.54,"Educational Apps, Science Kits"
Male,High School,Low,Advanced,Medium,58,61,4.6,Yes,Intermediate,IB,30.47,"Textbooks, Workbooks"
Male,High School,Medium,Advanced,High,67,92,4.7,Yes,Fluent,State Board,40.01,"Textbooks, Workbooks"
Male,High School,High,Intermediate,High,36,81,0.8,Yes,Fluent,IB,20.31,"Textbooks, Workbooks"
Male,High School,Medium,Intermediate,Medium,59,71,2.1,No,Fluent,ICSE,31.27,"Textbooks, Workbooks"
Male,Elementary,Medium,Intermediate,High,85,86,1.6,Yes,Fluent,IB,48.01,"Textbooks, Workbooks"
Male,High School,Low,Advanced,Low,65,70,5.7,Yes,Intermediate,State Board,37.6,"Textbooks, Workbooks"
Female,Elementary,Medium,Advanced,High,71,73,3.2,No,Intermediate,IB,35.93,"Textbooks, Workbooks"
Female,High School,Medium,Advanced,High,33,73,0.8,Yes,Basic,CBSE,16.01,"Textbooks, Workbooks"
Female,High School,High,Beginner,Medium,34,99,5.1,Yes,Fluent,ICSE,25.69,"Textbooks, Workbooks"
Female,High School,High,Advanced,High,75,81,6.7,Yes,Basic,CBSE,38.42,"Textbooks, Workbooks"
Male,High School,Low,Beginner,Medium,31,68,7.4,No,Fluent,CBSE,28.04,"Textbooks, Workbooks"
Female,Elementary,Medium,Advanced,Low,83,74,8.4,Yes,Fluent,ICSE,54.49,"Educational Apps, Science Kits"
Female,High School,Medium,Advanced,High,88,92,4.8,Yes,Fluent,IB,51.24,"Educational Apps, Science Kits"
Male,Elementary,Medium,Beginner,Medium,62,78,3.9,Yes,Intermediate,State Board,36.39,"Textbooks, Workbooks"
Male,High School,High,Advanced,Medium,51,90,6.8,Yes,Fluent,CBSE,40.91,"Textbooks, Workbooks"
Female,High School,Medium,Advanced,Medium,76,77,0.1,Yes,Fluent,State Board,36.07,"Textbooks, Workbooks"
Female,High School,Medium,Advanced,High,35,71,6.3,Yes,Basic,IB,17.01,"Textbooks, Workbooks"
Male,Elementary,Medium,Intermediate,High,53,99,4.1,Yes,Fluent,IB,40.6,"Textbooks, Workbooks"
Female,High School,High,Advanced,Low,78,96,4.5,No,Basic,CBSE,49.53,"Textbooks, Workbooks"
Male,High School,Medium,Beginner,Medium,80,60,3.0,No,Intermediate,State Board,34.34,"Textbooks, Workbooks"
Male,High School,Medium,Beginner,High,70,93,1.3,Yes,Intermediate,IB,40.34,"Textbooks, Workbooks"
Male,High School,Medium,Beginner,Medium,96,66,4.0,Yes,Fluent,ICSE,50.76,"Educational Apps, Science Kits"
Male,High School,Medium,Advanced,High,31,61,3.1,No,Fluent,CBSE,17.3,"Textbooks, Workbooks"
Female,Elementary,High,Beginner,High,72,81,9.6,Yes,Basic,IB,50.59,"Educational Apps, Science Kits"
Male,Elementary,Medium,Intermediate,Medium,61,63,9.4,Yes,Basic,CBSE,42.33,"Textbooks, Workbooks"
Male,High School,Medium,Beginner,Medium,41,79,6.4,Yes,Intermediate,CBSE,37.46,"Textbooks, Workbooks"
Female,High School,Medium,Advanced,Medium,52,62,9.0,Yes,Fluent,ICSE,43.73,"Textbooks, Workbooks"
Male,Elementary,High,Intermediate,Medium,45,68,7.5,Yes,Fluent,IB,29.07,"Textbooks, Workbooks"
Female,High School,Medium,Beginner,Medium,73,77,3.5,Yes,Basic,ICSE,43.54,"Textbooks, Workbooks"
Female,Elementary,Low,Intermediate,High,31,75,6.0,Yes,Basic,CBSE,22.63,"Textbooks, Workbooks"
Female,High School,Medium,Beginner,High,36,68,2.2,Yes,Intermediate,IB,22.62,"Textbooks, Workbooks"
Male,High School,Medium,Advanced,Medium,50,78,6.9,Yes,Intermediate,State Board,43.41,"Textbooks, Workbooks"
Female,Elementary,High,Intermediate,High,87,65,0.4,Yes,Fluent,CBSE,43.31,"Textbooks, Workbooks"
Female,High School,High,Beginner,Medium,52,74,8.3,Yes,Basic,IB,33.98,"Textbooks, Workbooks"
Male,Elementary,Medium,Beginner,Medium,89,65,5.8,No,Intermediate,ICSE,41.57,"Textbooks, Workbooks"
Female,Elementary,Low,Intermediate,Medium,54,64,0.6,No,Basic,CBSE,29.11,"Textbooks, Workbooks"
Female,Elementary,High,Intermediate,High,64,88,8.7,Yes,Intermediate,IB,40.06,"Textbooks, Workbooks"
Female,High School,Medium,Intermediate,Medium,74,86,8.8,Yes,Fluent,ICSE,38.94,"Textbooks, Workbooks"
Female,Elementary,Medium,Intermediate,Low,36,85,8.5,Yes,Intermediate,State Board,32.73,"Textbooks, Workbooks"
Female,Elementary,Medium,Beginner,Medium,98,87,7.7,Yes,Intermediate,ICSE,48.13,"Textbooks, Workbooks"
Male,High School,Medium,Beginner,Low,61,91,6.8,Yes,Basic,CBSE,38.93,"Textbooks, Workbooks"
Female,High School,Medium,Beginner,Medium,82,84,4.0,Yes,Intermediate,ICSE,51.98,"Educational Apps, Science Kits"
Female,High School,High,Advanced,Low,98,66,1.4,Yes,Basic,IB,42.89,"Textbooks, Workbooks"
Male,High School,High,Intermediate,High,54,89,2.9,Yes,Fluent,CBSE,29.19,"Textbooks, Workbooks"
Male,High School,Medium,Beginner,Low,31,90,3.5,No,Fluent,CBSE,31.0,"Textbooks, Workbooks"
Male,High School,Medium,Intermediate,Medium,90,71,3.6,Yes,Intermediate,IB,45.42,"Textbooks, Workbooks"
Female,Elementary,Low,Intermediate,Low,38,68,5.7,Yes,Fluent,ICSE,32.95,"Textbooks, Workbooks"
Male,High School,Low,Beginner,High,80,93,2.1,Yes,Basic,IB,43.91,"Textbooks, Workbooks"
Female,Elementary,Medium,Intermediate,Medium,31,62,1.9,No,Basic,IB,22.41,"Textbooks, Workbooks"
Female,High School,Medium,Intermediate,High,74,96,7.2,Yes,Intermediate,CBSE,47.95,"Textbooks, Workbooks"
Male,Elementary,High,Intermediate,High,61,87,0.1,No,Fluent,CBSE,40.09,"Textbooks, Workbooks"
Male,Elementary,High,Intermediate,High,61,81,1.5,Yes,Basic,IB,30.48,"Textbooks, Workbooks"
Female,High School,Medium,Intermediate,High,37,85,4.3,Yes,Basic,State Board,34.51,"Textbooks, Workbooks"
Male,High School,Medium,Beginner,Low,49,78,1.5,Yes,Basic,State Board,31.35,"Textbooks, Workbooks"
Female,Elementary,Low,Beginner,Medium,94,80,9.6,No,Basic,State Board,55.98,"Educational Apps, Science Kits"
Male,High School,High,Intermediate,Low,50,96,6.7,Yes,Basic,State Board,33.12,"Textbooks, Workbooks"
Male,High School,Medium,Intermediate,High,36,69,4.3,Yes,Fluent,ICSE,23.77,"Textbooks, Workbooks"
Male,Elementary,Low,Intermediate,High,38,75,1.1,No,Intermediate,CBSE,19.16,"Textbooks, Workbooks"
Female,Elementary,Medium,Advanced,High,31,83,3.9,Yes,Intermediate,State Board,24.59,"Textbooks, Workbooks"
Male,Elementary,High,Intermediate,Low,48,84,6.5,Yes,Basic,IB,34.63,"Textbooks, Workbooks"
Female,High School,High,Advanced,Medium,89,85,9.7,Yes,Fluent,CBSE,46.5,"Textbooks, Workbooks"
Female,High School,Low,Advanced,Medium,99,60,4.7,Yes,Fluent,ICSE,44.01,"Textbooks, Workbooks"
Female,High School,High,Advanced,Low,88,63,6.9,Yes,Basic,CBSE,46.83,"Textbooks, Workbooks"
Female,High School,Medium,Beginner,Low,98,96,2.0,Yes,Fluent,State Board,54.51,"Educational Apps, Science Kits"
Male,Elementary,Low,Advanced,Medium,74,73,6.2,No,Intermediate,ICSE,41.62,"Textbooks, Workbooks"
Female,High School,High,Intermediate,High,91,83,2.4,Yes,Basic,ICSE,46.68,"Textbooks, Workbooks"
Female,Elementary,High,Intermediate,Medium,39,86,2.0,Yes,Basic,IB,28.05,"Textbooks, Workbooks"
Male,High School,Medium,Beginner,Medium,94,86,5.1,Yes,Intermediate,IB,47.18,"Textbooks, Workbooks"
Female,High School,Medium,Beginner,Medium,55,83,2.1,Yes,Intermediate,ICSE,32.51,"Textbooks, Workbooks"
Male,Elementary,High,Intermediate,Medium,89,99,7.2,Yes,Fluent,CBSE,50.94,"Educational Apps, Science Kits"
Female,High School,High,Beginner,High,47,60,9.4,Yes,Fluent,IB,36.36,"Textbooks, Workbooks"
Male,High School,High,Beginner,Medium,88,98,3.9,Yes,Intermediate,State Board,52.8,"Educational Apps, Science Kits"
Female,Elementary,Medium,Advanced,Low,50,72,3.2,Yes,Fluent,ICSE,31.4,"Textbooks, Workbooks"
Male,High School,High,Advanced,Medium,75,79,1.8,Yes,Intermediate,CBSE,36.77,"Textbooks, Workbooks"
Female,Elementary,High,Beginner,High,41,97,3.9,Yes,Fluent,CBSE,24.12,"Textbooks, Workbooks"
Female,Elementary,Low,Intermediate,Medium,61,95,5.6,Yes,Fluent,IB,36.78,"Textbooks, Workbooks"
Male,Elementary,High,Advanced,Medium,68,71,3.7,No,Basic,CBSE,38.82,"Textbooks, Workbooks"
Male,Elementary,Medium,Intermediate,Low,84,64,6.2,Yes,Basic,IB,42.22,"Textbooks, Workbooks"
Male,High School,Medium,Beginner,Low,84,64,6.6,Yes,Intermediate,CBSE,43.11,"Textbooks, Workbooks"
Male,High School,Medium,Intermediate,High,39,76,1.0,Yes,Intermediate,CBSE,19.91,"Textbooks, Workbooks"
Female,High School,Low,Intermediate,Medium,64,97,7.0,Yes,Intermediate,ICSE,41.86,"Textbooks, Workbooks"
Female,Elementary,Medium,Intermediate,Medium,35,69,9.0,Yes,Fluent,CBSE,33.76,"Textbooks, Workbooks"
Male,High School,High,Intermediate,Medium,97,75,0.3,Yes,Basic,CBSE,37.6,"Textbooks, Workbooks"
Female,High School,Medium,Beginner,High,91,83,5.5,Yes,Basic,CBSE,33.17,"Textbooks, Workbooks"
Male,High School,Medium,Beginner,Low,38,88,6.0,Yes,Intermediate,State Board,26.92,"Textbooks, Workbooks"
Male,High School,High,Advanced,High,58,73,7.1,No,Fluent,IB,38.29,"Textbooks, Workbooks"
Female,Elementary,Medium,Advanced,Medium,35,69,3.9,Yes,Intermediate,State Board,22.44,"Textbooks, Workbooks"
Female,Elementary,Medium,Advanced,High,73,88,8.2,Yes,Basic,ICSE,49.02,"Textbooks, Workbooks"
Female,High School,Medium,Advanced,High,93,87,5.4,No,Basic,ICSE,53.95,"Educational Apps, Science Kits"
Female,Elementary,Medium,Intermediate,Medium,96,76,4.1,Yes,Basic,State Board,42.09,"Textbooks, Workbooks"
Female,High School,Medium,Advanced,Low,73,64,7.2,Yes,Basic,CBSE,44.51,"Textbooks, Workbooks"
Female,High School,High,Advanced,Low,43,61,9.3,Yes,Intermediate,ICSE,36.05,"Textbooks, Workbooks"
Female,High School,Medium,Intermediate,High,38,95,8.1,Yes,Intermediate,CBSE,35.91,"Textbooks, Workbooks"
Male,Elementary,High,Beginner,Low,52,99,9.3,Yes,Intermediate,IB,40.5,"Textbooks, Workbooks"
Male,High School,Medium,Advanced,Low,86,98,2.7,Yes,Fluent,CBSE,51.65,"Educational Apps, Science Kits"
Male,Elementary,Medium,Beginner,Low,86,68,1.2,Yes,Basic,State Board,47.82,"Textbooks, Workbooks"
Male,Elementary,Medium,Advanced,Medium,44,95,5.3,Yes,Intermediate,CBSE,34.57,"Textbooks, Workbooks"
Male,High School,High,Beginner,Low,93,64,0.4,Yes,Intermediate,CBSE,43.05,"Textbooks, Workbooks"
Female,Elementary,Medium,Advanced,High,36,74,6.7,Yes,Basic,CBSE,32.9,"Textbooks, Workbooks"
Male,Elementary,Low,Beginner,High,49,68,2.4,No,Intermediate,IB,37.13,"Textbooks, Workbooks"
Male,High School,Low,Beginner,Medium,93,84,4.5,Yes,Fluent,ICSE,54.13,"Educational Apps, Science Kits"
Male,Elementary,Medium,Advanced,Medium,48,87,6.6,Yes,Basic,CBSE,33.91,"Textbooks, Workbooks"
Male,Elementary,Medium,Beginner,Medium,35,86,4.8,Yes,Intermediate,ICSE,35.26,"Textbooks, Workbooks"
Male,High School,Medium,Advanced,High,80,92,2.4,Yes,Fluent,CBSE,35.31,"Textbooks, Workbooks"
Male,High School,Low,Advanced,Medium,68,92,8.8,No,Intermediate,ICSE,47.55,"Textbooks, Workbooks"
Male,Elementary,High,Intermediate,Medium,94,97,7.6,Yes,Basic,IB,65.68,"Educational Apps, Science Kits"
Female,High School,Medium,Advanced,Medium,54,67,6.0,No,Basic,ICSE,28.93,"Textbooks, Workbooks"
Female,High School,Medium,Advanced,High,52,63,7.0,Yes,Basic,ICSE,33.0,"Textbooks, Workbooks"
Male,Elementary,Medium,Advanced,Medium,87,95,4.2,Yes,Fluent,IB,46.28,"Textbooks, Workbooks"
Female,Elementary,Medium,Advanced,Medium,40,90,3.8,No,Basic,ICSE,30.08,"Textbooks, Workbooks"
Female,High School,High,Intermediate,Low,63,69,1.6,Yes,Basic,CBSE,37.78,"Textbooks, Workbooks"
Female,Elementary,Low,Intermediate,Medium,60,67,8.0,Yes,Fluent,State Board,41.44,"Textbooks, Workbooks"
Female,High School,Medium,Intermediate,Medium,67,89,3.8,Yes,Fluent,CBSE,43.16,"Textbooks, Workbooks"
Male,High School,High,Intermediate,Medium,75,73,6.9,Yes,Basic,IB,43.85,"Textbooks, Workbooks"
Female,Elementary,Medium,Beginner,Medium,41,94,3.0,Yes,Fluent,IB,35.05,"Textbooks, Workbooks"
Female,Elementary,Medium,Advanced,High,38,62,8.0,No,Fluent,IB,27.31,"Textbooks, Workbooks"
Female,High School,Medium,Intermediate,Low,42,88,1.1,Yes,Intermediate,CBSE,32.1,"Textbooks, Workbooks"
Male,High School,High,Advanced,Medium,93,75,6.3,Yes,Intermediate,State Board,50.92,"Educational Apps, Science Kits"
Male,High School,High,Intermediate,Medium,49,69,8.1,Yes,Basic,ICSE,31.67,"Textbooks, Workbooks"
Male,High School,High,Advanced,Medium,88,63,6.6,Yes,Intermediate,State Board,45.14,"Textbooks, Workbooks"
Male,Elementary,Medium,Beginner,Medium,51,63,7.0,Yes,Basic,IB,33.72,"Textbooks, Workbooks"
Male,High School,High,Intermediate,High,94,61,5.3,Yes,Fluent,State Board,45.36,"Textbooks, Workbooks"
Male,Elementary,Low,Beginner,Low,89,70,5.6,Yes,Intermediate,State Board,43.88,"Textbooks, Workbooks"
Male,Elementary,Low,Beginner,High,70,74,0.7,Yes,Fluent,CBSE,33.04,"Textbooks, Workbooks"
Female,High School,High,Advanced,High,74,70,2.5,Yes,Intermediate,State Board,34.33,"Textbooks, Workbooks"
Female,Elementary,Low,Intermediate,Medium,33,82,7.2,Yes,Intermediate,ICSE,29.64,"Textbooks, Workbooks"
Female,Elementary,Low,Beginner,High,99,97,9.5,No,Intermediate,CBSE,57.71,"Educational Apps, Science Kits"
Male,High School,Medium,Advanced,Medium,74,89,5.4,Yes,Fluent,ICSE,50.44,"Educational Apps, Science Kits"
Male,Elementary,Medium,Advanced,Medium,87,60,7.3,Yes,Intermediate,State Board,38.02,"Textbooks, Workbooks"
Male,Elementary,High,Advanced,High,52,92,6.8,Yes,Intermediate,IB,41.77,"Textbooks, Workbooks"
Male,High School,Medium,Beginner,Low,61,96,10.0,Yes,Intermediate,IB,52.88,"Educational Apps, Science Kits"
Male,High School,Medium,Advanced,Low,92,82,8.0,Yes,Fluent,CBSE,42.69,"Textbooks, Workbooks"
Female,High School,Medium,Advanced,Low,37,77,6.3,Yes,Basic,ICSE,38.07,"Textbooks, Workbooks"
Female,High School,High,Advanced,Medium,54,69,1.2,Yes,Intermediate,State Board,37.3,"Textbooks, Workbooks"
Male,High School,High,Beginner,Low,62,76,3.6,Yes,Intermediate,CBSE,36.83,"Textbooks, Workbooks"
Male,High School,Medium,Advanced,High,95,66,2.5,Yes,Intermediate,ICSE,43.86,"Textbooks, Workbooks"
Male,High School,High,Beginner,Medium,45,74,8.5,Yes,Basic,CBSE,31.73,"Textbooks, Workbooks"
Male,Elementary,High,Advanced,High,84,86,4.5,Yes,Basic,ICSE,44.64,"Textbooks, Workbooks"
Female,Elementary,Low,Beginner,Low,65,68,5.4,Yes,Fluent,IB,36.5,"Textbooks, Workbooks"
Male,High School,Low,Beginner,Medium,36,80,9.6,Yes,Intermediate,CBSE,31.82,"Textbooks, Workbooks"
Male,Elementary,Low,Intermediate,Low,98,96,8.4,Yes,Basic,State Board,53.61,"Educational Apps, Science Kits"
Male,Elementary,High,Intermediate,Low,37,88,7.9,Yes,Fluent,ICSE,42.99,"Textbooks, Workbooks"
Male,High School,Low,Intermediate,Medium,32,92,1.4,Yes,Basic,State Board,26.9,"Textbooks, Workbooks"
Female,Elementary,Medium,Beginner,High,64,65,0.2,Yes,Intermediate,CBSE,30.75,"Textbooks, Workbooks"
Male,High School,Low,Advanced,Medium,65,84,1.3,Yes,Basic,CBSE,38.24,"Textbooks, Workbooks"
Male,Elementary,High,Advanced,Medium,59,94,7.4,Yes,Basic,ICSE,47.32,"Textbooks, Workbooks"
Female,High School,Medium,Beginner,Medium,44,76,4.1,No,Basic,ICSE,28.33,"Textbooks, Workbooks"
Female,Elementary,High,Advanced,Low,97,86,1.2,Yes,Intermediate,CBSE,51.82,"Educational Apps, Science Kits"
Female,Elementary,High,Beginner,Medium,87,99,7.4,No,Basic,CBSE,53.0,"Educational Apps, Science Kits"
Male,Elementary,Low,Advanced,Low,57,84,1.9,Yes,Intermediate,ICSE,33.01,"Textbooks, Workbooks"
Male,High School,Medium,Beginner,High,71,71,5.9,Yes,Fluent,IB,42.98,"Textbooks, Workbooks"
Female,Elementary,Low,Intermediate,High,47,96,7.4,Yes,Intermediate,State Board,44.39,"Textbooks, Workbooks"
Female,Elementary,High,Intermediate,Medium,34,99,6.1,Yes,Intermediate,State Board,34.11,"Textbooks, Workbooks"
Female,High School,Medium,Advanced,Medium,38,97,9.9,Yes,Intermediate,CBSE,40.62,"Textbooks, Workbooks"
Female,High School,Low,Advanced,Low,38,84,4.3,Yes,Intermediate,CBSE,31.53,"Textbooks, Workbooks"
Female,Elementary,Low,Advanced,High,47,61,3.1,Yes,Intermediate,ICSE,42.7,"Textbooks, Workbooks"
Female,Elementary,Medium,Advanced,High,85,60,2.0,Yes,Basic,State Board,41.4,"Textbooks, Workbooks"
Male,Elementary,High,Intermediate,High,44,62,5.0,Yes,Fluent,State Board,39.07,"Textbooks, Workbooks"
Male,Elementary,Medium,Intermediate,Low,91,88,8.5,Yes,Intermediate,CBSE,58.18,"Educational Apps, Science Kits"
Male,High School,High,Beginner,Low,64,73,9.5,Yes,Intermediate,IB,42.06,"Textbooks, Workbooks"
Female,Elementary,Medium,Advanced,Medium,69,93,9.7,Yes,Fluent,CBSE,44.66,"Textbooks, Workbooks"
Female,Elementary,Low,Intermediate,High,80,81,5.3,Yes,Intermediate,CBSE,44.77,"Textbooks, Workbooks"
Female,High School,High,Beginner,High,89,95,6.1,Yes,Basic,CBSE,53.76,"Educational Apps, Science Kits"
Female,Elementary,Low,Beginner,Medium,85,74,5.8,Yes,Fluent,State Board,47.83,"Textbooks, Workbooks"
Female,Elementary,High,Beginner,High,70,96,4.7,Yes,Basic,IB,39.64,"Textbooks, Workbooks"
Female,Elementary,Medium,Intermediate,High,83,69,1.5,Yes,Fluent,IB,42.15,"Textbooks, Workbooks"
Male,High School,Low,Beginner,Low,46,68,0.7,Yes,Basic,State Board,24.02,"Textbooks, Workbooks"
Male,High School,Medium,Advanced,High,54,94,4.4,Yes,Fluent,IB,43.91,"Textbooks, Workbooks"
Female,Elementary,High,Beginner,Low,38,76,1.9,Yes,Fluent,State Board,22.22,"Textbooks, Workbooks"
Male,Elementary,High,Beginner,Medium,85,77,8.9,No,Basic,ICSE,43.21,"Textbooks, Workbooks"
Female,High School,Low,Intermediate,Low,52,84,7.6,Yes,Basic,ICSE,38.87,"Textbooks, Workbooks"
Male,Elementary,Low,Beginner,Medium,31,94,6.2,Yes,Intermediate,State Board,29.2,"Textbooks, Workbooks"
Female,Elementary,Medium,Intermediate,High,74,75,0.5,No,Fluent,State Board,39.35,"Textbooks, Workbooks"
Female,High School,Medium,Intermediate,Medium,94,84,6.2,No,Fluent,State Board,56.4,"Educational Apps, Science Kits"
Male,High School,High,Advanced,Low,67,75,6.2,Yes,Fluent,State Board,47.57,"Textbooks, Workbooks"
Male,High School,Low,Beginner,Low,35,83,4.4,Yes,Basic,State Board,23.36,"Textbooks, Workbooks"
Female,Elementary,High,Advanced,Medium,77,71,6.6,Yes,Basic,State Board,41.85,"Textbooks, Workbooks"
Female,Elementary,Medium,Advanced,Medium,73,94,8.6,Yes,Fluent,IB,50.38,"Educational Apps, Science Kits"
Male,Elementary,High,Beginner,Medium,36,68,7.6,Yes,Intermediate,ICSE,34.33,"Textbooks, Workbooks"
Male,Elementary,Medium,Beginner,Low,95,96,4.7,Yes,Fluent,ICSE,45.28,"Textbooks, Workbooks"
Female,High School,Medium,Intermediate,High,91,91,2.6,Yes,Fluent,CBSE,45.82,"Textbooks, Workbooks"
Male,Elementary,High,Beginner,High,59,78,4.8,Yes,Fluent,ICSE,44.69,"Textbooks, Workbooks"
Female,Elementary,Medium,Intermediate,Medium,81,81,9.5,Yes,Intermediate,ICSE,46.83,"Textbooks, Workbooks"
Female,High School,High,Advanced,High,65,93,8.2,Yes,Fluent,CBSE,47.87,"Textbooks, Workbooks"
Female,High School,High,Advanced,High,64,78,0.3,Yes,Basic,CBSE,40.38,"Textbooks, Workbooks"
Female,Elementary,Medium,Intermediate,Medium,95,71,7.8,Yes,Intermediate,State Board,54.87,"Educational Apps, Science Kits"
Male,High School,Medium,Beginner,Medium,79,77,1.7,Yes,Intermediate,State Board,40.29,"Textbooks, Workbooks"
Male,High School,Low,Beginner,High,32,64,5.7,No,Basic,ICSE,31.5,"Textbooks, Workbooks"
Male,Elementary,Low,Intermediate,Low,33,85,8.1,Yes,Intermediate,CBSE,30.94,"Textbooks, Workbooks"
Male,Elementary,Medium,Advanced,Medium,84,86,5.6,Yes,Intermediate,State Board,39.2,"Textbooks, Workbooks"
Male,Elementary,Low,Intermediate,High,81,79,4.0,Yes,Intermediate,IB,33.91,"Textbooks, Workbooks"
Male,Elementary,Medium,Beginner,Low,88,67,3.2,Yes,Fluent,State Board,41.98,"Textbooks, Workbooks"
Male,High School,Medium,Beginner,High,49,75,3.1,Yes,Basic,State Board,33.36,"Textbooks, Workbooks"
Female,High School,Medium,Intermediate,Medium,48,61,8.4,Yes,Basic,CBSE,29.85,"Textbooks, Workbooks"
Male,Elementary,Medium,Beginner,Medium,37,60,8.3,Yes,Basic,ICSE,31.76,"Textbooks, Workbooks"
Male,Elementary,Low,Advanced,Medium,96,64,8.2,Yes,Intermediate,ICSE,45.31,"Textbooks, Workbooks"
Female,High School,Low,Intermediate,Medium,56,90,2.8,No,Fluent,IB,39.35,"Textbooks, Workbooks"
Male,Elementary,Medium,Advanced,High,37,82,8.0,Yes,Fluent,ICSE,38.29,"Textbooks, Workbooks"
Male,Elementary,Medium,Advanced,Medium,47,80,0.4,No,Intermediate,CBSE,31.33,"Textbooks, Workbooks"
Female,Elementary,Medium,Intermediate,High,58,71,2.1,Yes,Fluent,IB,27.87,"Textbooks, Workbooks"
Male,Elementary,Medium,Intermediate,Medium,75,63,5.1,Yes,Basic,ICSE,36.4,"Textbooks, Workbooks"
Male,High School,High,Beginner,Medium,65,96,4.1,No,Basic,CBSE,40.44,"Textbooks, Workbooks"
Male,Elementary,Medium,Beginner,High,32,70,1.1,Yes,Intermediate,CBSE,25.18,"Textbooks, Workbooks"
Female,High School,Medium,Intermediate,Low,38,99,0.4,Yes,Intermediate,State Board,29.6,"Textbooks, Workbooks"
Male,Elementary,High,Intermediate,High,39,68,6.1,Yes,Intermediate,ICSE,23.83,"Textbooks, Workbooks"
Male,Elementary,High,Beginner,Low,95,85,3.1,No,Intermediate,State Board,53.32,"Educational Apps, Science Kits"
Female,High School,Medium,Beginner,High,30,98,0.2,No,Basic,ICSE,33.28,"Textbooks, Workbooks"
Male,Elementary,Medium,Beginner,Medium,33,86,4.3,Yes,Intermediate,ICSE,30.73,"Textbooks, Workbooks"
Female,High School,Low,Intermediate,High,77,88,3.1,Yes,Basic,State Board,43.34,"Textbooks, Workbooks"
Female,Elementary,Medium,Intermediate,High,47,84,5.8,No,Fluent,State Board,29.44,"Textbooks, Workbooks"
Male,Elementary,High,Beginner,Low,74,77,9.3,Yes,Fluent,State Board,35.41,"Textbooks, Workbooks"
Female,Elementary,Medium,Advanced,Low,44,89,3.1,Yes,Intermediate,ICSE,32.63,"Textbooks, Workbooks"
Female,Elementary,High,Advanced,Medium,80,67,10.0,No,Basic,CBSE,47.9,"Textbooks, Workbooks"
Male,Elementary,Medium,Beginner,Medium,90,61,0.9,Yes,Basic,ICSE,47.52,"Textbooks, Workbooks"
Female,High School,High,Intermediate,Low,33,81,0.9,Yes,Fluent,State Board,28.52,"Textbooks, Workbooks"
Female,High School,Medium,Intermediate,Low,48,80,7.1,Yes,Intermediate,CBSE,42.03,"Textbooks, Workbooks"
Male,Elementary,Low,Advanced,Medium,40,98,7.5,Yes,Intermediate,CBSE,38.39,"Textbooks, Workbooks"
Male,Elementary,Medium,Beginner,Low,57,85,4.2,No,Fluent,CBSE,41.85,"Textbooks, Workbooks"
Male,High School,Medium,Advanced,High,86,88,2.9,Yes,Intermediate,State Board,41.19,"Textbooks, Workbooks"
Female,High School,Low,Advanced,High,83,64,7.9,Yes,Fluent,ICSE,47.87,"Textbooks, Workbooks"
Male,Elementary,High,Beginner,High,94,73,9.6,Yes,Fluent,CBSE,50.59,"Educational Apps, Science Kits"
Female,Elementary,Medium,Advanced,Low,76,94,9.9,Yes,Basic,IB,50.16,"Educational Apps, Science Kits"
Female,High School,High,Intermediate,Low,33,65,6.3,Yes,Fluent,ICSE,30.28,"Textbooks, Workbooks"
Female,Elementary,Medium,Advanced,Medium,63,82,7.4,Yes,Fluent,IB,39.52,"Textbooks, Workbooks"
Female,High School,Low,Beginner,High,83,76,8.2,Yes,Fluent,ICSE,41.57,"Textbooks, Workbooks"
Female,Elementary,High,Intermediate,Medium,90,83,8.0,Yes,Fluent,ICSE,50.06,"Educational Apps, Science Kits"
Female,High School,Medium,Intermediate,Medium,49,99,9.9,Yes,Intermediate,IB,37.35,"Textbooks, Workbooks"
Female,High School,Medium,Advanced,Low,32,88,8.1,No,Basic,ICSE,36.19,"Textbooks, Workbooks"
Male,Elementary,Medium,Intermediate,Medium,69,89,6.6,Yes,Basic,State Board,47.73,"Textbooks, Workbooks"
Male,High School,Medium,Beginner,Medium,98,83,3.8,Yes,Intermediate,ICSE,52.36,"Educational Apps, Science Kits"
Female,Elementary,High,Advanced,Low,52,94,6.0,Yes,Intermediate,CBSE,43.9,"Textbooks, Workbooks"
Female,Elementary,Medium,Intermediate,Medium,98,96,8.8,Yes,Intermediate,State Board,57.43,"Educational Apps, Science Kits"
Male,Elementary,Medium,Beginner,Medium,61,61,3.1,Yes,Intermediate,ICSE,33.43,"Textbooks, Workbooks"
Female,Elementary,High,Advanced,Medium,53,80,0.3,Yes,Basic,IB,34.26,"Textbooks, Workbooks"
Male,High School,Low,Beginner,Medium,80,99,3.3,Yes,Basic,IB,47.88,"Textbooks, Workbooks"
Male,Elementary,Medium,Intermediate,High,87,64,9.6,Yes,Basic,ICSE,44.41,"Textbooks, Workbooks"
Male,Elementary,High,Advanced,Medium,71,94,7.9,Yes,Basic,CBSE,49.44,"Textbooks, Workbooks"
Female,Elementary,Medium,Advanced,Medium,64,94,1.9,No,Intermediate,IB,28.45,"Textbooks, Workbooks"
Female,Elementary,High,Intermediate,High,61,78,0.1,Yes,Fluent,State Board,39.38,"Textbooks, Workbooks"
Male,High School,Medium,Beginner,High,83,75,6.7,Yes,Fluent,State Board,49.23,"Textbooks, Workbooks"
Male,Elementary,High,Intermediate,Medium,74,84,5.8,Yes,Intermediate,ICSE,38.25,"Textbooks, Workbooks"
Male,High School,High,Advanced,Low,77,75,0.8,Yes,Intermediate,ICSE,41.58,"Textbooks, Workbooks"
Male,High School,Medium,Advanced,High,78,90,9.7,Yes,Basic,IB,52.23,"Educational Apps, Science Kits"
Male,High School,Low,Intermediate,Low,63,92,6.2,Yes,Fluent,CBSE,44.04,"Textbooks, Workbooks"
Female,Elementary,Medium,Beginner,High,45,76,6.5,Yes,Basic,State Board,34.57,"Textbooks, Workbooks"
Male,Elementary,High,Intermediate,Low,40,80,8.5,Yes,Fluent,CBSE,28.59,"Textbooks, Workbooks"
Female,Elementary,Medium,Beginner,High,48,94,3.4,No,Basic,IB,39.68,"Textbooks, Workbooks"
Male,Elementary,Low,Beginner,Medium,58,82,5.6,Yes,Fluent,IB,32.33,"Textbooks, Workbooks"
Female,High School,Medium,Advanced,High,83,75,5.8,Yes,Basic,IB,42.93,"Textbooks, Workbooks"
Female,High School,High,Beginner,Medium,82,97,9.7,Yes,Basic,IB,44.93,"Textbooks, Workbooks"
Female,Elementary,Medium,Advanced,High,96,73,1.3,Yes,Intermediate,State Board,46.11,"Textbooks, Workbooks"
Female,Elementary,Medium,Beginner,Low,61,99,7.6,Yes,Basic,CBSE,41.7,"Textbooks, Workbooks"
Female,Elementary,Low,Beginner,Low,85,92,5.8,Yes,Fluent,IB,42.97,"Textbooks, Workbooks"
Female,Elementary,Medium,Advanced,Low,92,80,8.5,Yes,Basic,State Board,59.92,"Educational Apps, Science Kits"
Male,Elementary,Low,Beginner,High,33,76,8.3,Yes,Basic,CBSE,24.79,"Textbooks, Workbooks"
Female,Elementary,Low,Intermediate,Medium,40,63,0.1,Yes,Intermediate,CBSE,23.72,"Textbooks, Workbooks"
Male,Elementary,High,Beginner,Medium,32,75,2.6,Yes,Fluent,CBSE,24.86,"Textbooks, Workbooks"
Female,High School,High,Advanced,Medium,56,89,1.8,Yes,Intermediate,State Board,31.56,"Textbooks, Workbooks"
Female,High School,Low,Advanced,High,73,93,4.6,No,Basic,ICSE,43.79,"Textbooks, Workbooks"
Male,High School,Low,Intermediate,Medium,47,81,9.1,Yes,Fluent,ICSE,37.0,"Textbooks, Workbooks"
Female,High School,Medium,Beginner,Medium,59,88,0.1,Yes,Basic,ICSE,33.5,"Textbooks, Workbooks"
Male,Elementary,Medium,Intermediate,High,99,64,4.9,Yes,Basic,IB,41.24,"Textbooks, Workbooks"
Male,Elementary,Medium,Beginner,High,76,60,8.8,Yes,Fluent,ICSE,40.28,"Textbooks, Workbooks"
Male,Elementary,Medium,Intermediate,Low,63,99,9.3,Yes,Intermediate,ICSE,47.58,"Textbooks, Workbooks"
Male,Elementary,Medium,Advanced,Low,71,84,6.6,Yes,Intermediate,State Board,40.89,"Textbooks, Workbooks"
Female,Elementary,High,Advanced,Low,52,65,8.3,Yes,Intermediate,IB,32.97,"Textbooks, Workbooks"
Female,High School,High,Intermediate,Medium,69,82,3.2,No,Basic,State Board,37.83,"Textbooks, Workbooks"
Male,Elementary,Medium,Beginner,Medium,44,92,2.9,No,Fluent,State Board,32.76,"Textbooks, Workbooks"
Female,High School,Medium,Beginner,Medium,86,73,0.5,Yes,Fluent,ICSE,46.3,"Textbooks, Workbooks"
Female,Elementary,High,Advanced,High,43,95,5.0,Yes,Intermediate,CBSE,35.69,"Textbooks, Workbooks"
Male,High School,High,Beginner,Medium,41,77,4.6,Yes,Intermediate,CBSE,33.08,"Textbooks, Workbooks"
Female,Elementary,Low,Intermediate,High,64,99,3.7,Yes,Basic,IB,45.57,"Textbooks, Workbooks"
Male,High School,Medium,Intermediate,Medium,54,69,1.1,Yes,Fluent,State Board,32.97,"Textbooks, Workbooks"
Male,Elementary,Medium,Beginner,Low,31,98,2.3,No,Intermediate,IB,26.32,"Textbooks, Workbooks"
Female,Elementary,Low,Advanced,Medium,47,71,2.0,Yes,Basic,CBSE,28.2,"Textbooks, Workbooks"
Female,Elementary,Medium,Advanced,High,64,97,9.4,No,Basic,State Board,45.19,"Textbooks, Workbooks"
Female,Elementary,Medium,Advanced,Low,38,82,9.7,No,Intermediate,State Board,40.66,"Textbooks, Workbooks"
Male,High School,Medium,Advanced,Medium,40,66,0.0,Yes,Fluent,IB,18.45,"Textbooks, Workbooks"
Male,Elementary,Medium,Advanced,Low,96,84,1.7,Yes,Intermediate,State Board,47.02,"Textbooks, Workbooks"
Female,High School,Medium,Intermediate,Medium,98,72,8.9,Yes,Basic,State Board,51.9,"Educational Apps, Science Kits"
Female,Elementary,High,Beginner,Medium,67,97,0.4,Yes,Basic,IB,34.76,"Textbooks, Workbooks"
Female,High School,Medium,Intermediate,High,99,78,9.4,Yes,Basic,IB,52.42,"Educational Apps, Science Kits"
Female,Elementary,Medium,Advanced,High,88,81,3.8,Yes,Intermediate,State Board,43.45,"Textbooks, Workbooks"
Male,Elementary,Low,Advanced,Medium,95,70,5.4,Yes,Fluent,State Board,52.37,"Educational Apps, Science Kits"
Female,High School,Low,Beginner,High,70,62,7.6,Yes,Intermediate,IB,39.49,"Textbooks, Workbooks"
Male,Elementary,Medium,Beginner,Medium,53,78,2.4,No,Intermediate,CBSE,28.45,"Textbooks, Workbooks"
Male,Elementary,Low,Beginner,High,79,86,1.0,Yes,Intermediate,State Board,34.31,"Textbooks, Workbooks"
Female,High School,Low,Intermediate,Medium,34,66,8.1,Yes,Intermediate,IB,27.54,"Textbooks, Workbooks"
Female,Elementary,Low,Beginner,High,50,96,9.8,No,Basic,ICSE,45.52,"Textbooks, Workbooks"
Female,High School,Medium,Intermediate,High,35,86,6.6,Yes,Fluent,IB,28.48,"Textbooks, Workbooks"
Male,Elementary,High,Advanced,High,33,93,8.3,No,Basic,IB,28.36,"Textbooks, Workbooks"
Female,High School,Medium,Intermediate,Low,38,70,9.4,Yes,Basic,CBSE,34.62,"Textbooks, Workbooks"
Female,High School,Medium,Beginner,Medium,98,97,2.3,No,Fluent,ICSE,50.25,"Educational Apps, Science Kits"
Male,High School,Low,Intermediate,High,97,64,3.5,No,Intermediate,State Board,47.06,"Textbooks, Workbooks"
Female,High School,Medium,Intermediate,High,38,66,2.2,Yes,Intermediate,IB,35.76,"Textbooks, Workbooks"
Male,Elementary,Medium,Intermediate,Medium,47,95,0.6,Yes,Intermediate,IB,36.82,"Textbooks, Workbooks"
Female,Elementary,Medium,Beginner,Low,88,64,7.3,Yes,Fluent,CBSE,43.2,"Textbooks, Workbooks"
Male,High School,High,Intermediate,Low,72,64,1.5,Yes,Intermediate,IB,31.97,"Textbooks, Workbooks"
Female,Elementary,High,Beginner,Medium,95,86,0.9,No,Fluent,IB,39.72,"Textbooks, Workbooks"
Female,Elementary,Low,Intermediate,High,58,88,3.6,Yes,Intermediate,State Board,36.44,"Textbooks, Workbooks"
Male,Elementary,High,Intermediate,High,77,86,0.6,Yes,Fluent,IB,44.25,"Textbooks, Workbooks"
Male,High School,Low,Intermediate,Low,80,91,1.8,Yes,Basic,CBSE,36.9,"Textbooks, Workbooks"
Female,Elementary,High,Beginner,High,71,84,0.7,Yes,Fluent,IB,41.68,"Textbooks, Workbooks"
Male,Elementary,Medium,Beginner,Low,65,93,8.8,Yes,Fluent,ICSE,47.16,"Textbooks, Workbooks"
Male,High School,Medium,Beginner,Medium,74,74,7.8,Yes,Basic,IB,44.99,"Textbooks, Workbooks"
Male,Elementary,Low,Advanced,Low,64,93,8.6,Yes,Fluent,CBSE,41.62,"Textbooks, Workbooks"
Male,High School,Low,Beginner,High,35,94,8.7,Yes,Fluent,ICSE,35.11,"Textbooks, Workbooks"
Female,High School,High,Intermediate,High,66,79,9.4,Yes,Intermediate,CBSE,45.83,"Textbooks, Workbooks"
Female,High School,High,Advanced,Medium,65,83,1.9,Yes,Fluent,IB,39.2,"Textbooks, Workbooks"
Male,Elementary,Medium,Beginner,Medium,45,93,9.0,Yes,Fluent,IB,38.49,"Textbooks, Workbooks"
Male,Elementary,High,Beginner,Low,51,93,5.3,No,Intermediate,CBSE,37.61,"Textbooks, Workbooks"
Male,High School,High,Advanced,Medium,98,86,1.7,Yes,Basic,State Board,52.86,"Educational Apps, Science Kits"
Male,High School,Medium,Advanced,Medium,98,80,6.6,Yes,Basic,IB,48.74,"Textbooks, Workbooks"
Female,High School,Low,Beginner,Low,92,92,3.3,Yes,Fluent,ICSE,51.05,"Educational Apps, Science Kits"
Female,High School,Low,Advanced,High,48,98,0.5,Yes,Basic,CBSE,39.52,"Textbooks, Workbooks"
Male,High School,Medium,Intermediate,Medium,47,99,0.8,Yes,Intermediate,IB,30.1,"Textbooks, Workbooks"
Male,High School,Medium,Intermediate,Low,46,95,4.2,Yes,Fluent,ICSE,33.04,"Textbooks, Workbooks"
Male,Elementary,Low,Intermediate,Low,70,84,8.3,Yes,Fluent,IB,36.8,"Textbooks, Workbooks"
Female,High School,Low,Beginner,Low,62,66,3.1,Yes,Fluent,IB,34.03,"Textbooks, Workbooks"
Male,High School,Low,Intermediate,Medium,84,69,7.7,Yes,Basic,State Board,49.93,"Textbooks, Workbooks"
Female,High School,High,Advanced,Medium,53,69,0.6,Yes,Basic,State Board,32.11,"Textbooks, Workbooks"
Male,Elementary,Low,Intermediate,Low,69,97,3.9,Yes,Basic,CBSE,38.22,"Textbooks, Workbooks"
Female,Elementary,Medium,Advanced,High,57,83,1.3,Yes,Basic,ICSE,31.13,"Textbooks, Workbooks"
Male,Elementary,Medium,Intermediate,Medium,96,69,8.6,Yes,Basic,ICSE,47.72,"Textbooks, Workbooks"
Female,Elementary,Medium,Advanced,Medium,68,85,9.7,No,Intermediate,ICSE,48.89,"Textbooks, Workbooks"
Male,High School,Low,Intermediate,High,50,89,3.3,Yes,Intermediate,IB,25.51,"Textbooks, Workbooks"
Male,Elementary,Medium,Intermediate,Low,66,86,9.9,Yes,Basic,IB,40.41,"Textbooks, Workbooks"
Male,High School,Low,Intermediate,Medium,31,78,7.5,Yes,Intermediate,CBSE,30.04,"Textbooks, Workbooks"
Female,High School,Medium,Advanced,Medium,35,60,0.0,Yes,Basic,CBSE,21.59,"Textbooks, Workbooks"
Male,High School,Low,Advanced,Low,81,92,4.9,Yes,Fluent,IB,39.46,"Textbooks, Workbooks"
Female,High School,Medium,Intermediate,Low,34,70,8.3,Yes,Intermediate,IB,35.37,"Textbooks, Workbooks"
Female,High School,Medium,Advanced,Medium,76,93,5.3,No,Fluent,ICSE,41.3,"Textbooks, Workbooks"
Male,High School,Medium,Advanced,High,72,97,5.5,Yes,Basic,IB,40.58,"Textbooks, Workbooks"
Male,Elementary,Medium,Beginner,High,69,75,4.5,No,Intermediate,ICSE,36.43,"Textbooks, Workbooks"
Male,Elementary,Medium,Intermediate,Medium,40,60,4.0,Yes,Intermediate,CBSE,25.59,"Textbooks, Workbooks"
Female,Elementary,High,Advanced,Medium,43,87,0.3,No,Fluent,IB,32.86,"Textbooks, Workbooks"
Male,Elementary,Medium,Advanced,Medium,31,74,6.2,No,Basic,IB,31.96,"Textbooks, Workbooks"
Female,Elementary,High,Advanced,Low,68,75,7.7,No,Intermediate,ICSE,46.56,"Textbooks, Workbooks"
Female,High School,High,Advanced,Low,92,91,7.9,Yes,Basic,CBSE,46.02,"Textbooks, Workbooks"
Male,Elementary,Medium,Beginner,Medium,92,98,6.2,Yes,Intermediate,State Board,51.85,"Educational Apps, Science Kits"
Male,Elementary,Medium,Advanced,Medium,47,60,3.4,Yes,Intermediate,IB,26.45,"Textbooks, Workbooks"
Male,Elementary,Medium,Advanced,Low,30,68,0.2,Yes,Intermediate,ICSE,22.89,"Textbooks, Workbooks"
Male,High School,Low,Beginner,Low,46,88,9.0,Yes,Intermediate,IB,41.27,"Textbooks, Workbooks"
Male,High School,Low,Intermediate,Low,83,84,4.3,Yes,Basic,State Board,42.87,"Textbooks, Workbooks"
Male,High School,Low,Intermediate,Medium,68,70,6.0,No,Basic,State Board,39.91,"Textbooks, Workbooks"
Female,Elementary,Low,Beginner,Medium,77,70,1.9,No,Basic,CBSE,37.23,"Textbooks, Workbooks"
Female,Elementary,Medium,Intermediate,Low,95,65,1.4,No,Fluent,ICSE,38.15,"Textbooks, Workbooks"
Female,Elementary,High,Intermediate,Low,44,93,0.9,Yes,Basic,State Board,25.3,"Textbooks, Workbooks"
Male,Elementary,Medium,Beginner,Low,51,73,8.0,Yes,Intermediate,ICSE,41.27,"Textbooks, Workbooks"
Female,Elementary,High,Advanced,Low,49,67,6.5,Yes,Intermediate,ICSE,41.26,"Textbooks, Workbooks"
Female,High School,High,Beginner,Medium,72,84,6.2,Yes,Fluent,CBSE,39.32,"Textbooks, Workbooks"
Female,Elementary,High,Beginner,Low,85,63,9.2,No,Intermediate,State Board,48.72,"Textbooks, Workbooks"
Female,High School,High,Beginner,High,53,90,1.6,No,Fluent,ICSE,33.42,"Textbooks, Workbooks"
Female,Elementary,Medium,Beginner,Medium,72,80,1.7,Yes,Basic,CBSE,32.53,"Textbooks, Workbooks"
Male,High School,Low,Beginner,Medium,50,91,1.9,No,Fluent,IB,36.86,"Textbooks, Workbooks"
Male,High School,Medium,Advanced,Low,77,73,4.2,Yes,Intermediate,IB,41.24,"Textbooks, Workbooks"
Female,High School,Medium,Intermediate,Low,95,87,8.7,Yes,Fluent,State Board,45.59,"Textbooks, Workbooks"
Female,High School,High,Beginner,Low,45,84,8.8,No,Intermediate,ICSE,38.39,"Textbooks, Workbooks"
Female,Elementary,High,Advanced,High,69,87,5.9,Yes,Basic,IB,49.01,"Textbooks, Workbooks"
Male,Elementary,Medium,Beginner,High,50,74,6.6,Yes,Fluent,IB,28.8,"Textbooks, Workbooks"
Male,Elementary,Medium,Advanced,Low,81,81,9.0,Yes,Basic,IB,43.04,"Textbooks, Workbooks"
Female,High School,Low,Intermediate,Medium,37,65,6.2,Yes,Intermediate,State Board,29.58,"Textbooks, Workbooks"
Male,Elementary,Low,Advanced,Low,84,61,2.3,Yes,Intermediate,ICSE,44.68,"Textbooks, Workbooks"
Male,Elementary,Medium,Advanced,Low,87,65,7.0,Yes,Intermediate,ICSE,43.28,"Textbooks, Workbooks"
Female,Elementary,Medium,Intermediate,High,34,82,7.7,No,Intermediate,State Board,32.97,"Textbooks, Workbooks"
Male,Elementary,High,Intermediate,Low,71,85,6.4,No,Intermediate,CBSE,45.0,"Textbooks, Workbooks"
Male,High School,Medium,Advanced,Medium,59,70,2.7,Yes,Intermediate,State Board,39.75,"Textbooks, Workbooks"
Female,High School,High,Beginner,Medium,38,60,4.0,Yes,Basic,State Board,21.47,"Textbooks, Workbooks"
Male,Elementary,Medium,Beginner,Medium,70,87,4.7,Yes,Basic,IB,43.57,"Textbooks, Workbooks"
Male,Elementary,High,Intermediate,High,80,81,1.5,Yes,Basic,CBSE,47.59,"Textbooks, Workbooks"
Female,Elementary,Low,Beginner,High,86,72,4.5,Yes,Basic,CBSE,46.79,"Textbooks, Workbooks"
Male,High School,High,Intermediate,High,90,95,1.6,Yes,Fluent,State Board,55.09,"Educational Apps, Science Kits"
Male,High School,Medium,Advanced,Medium,35,81,5.0,Yes,Intermediate,IB,29.21,"Textbooks, Workbooks"
Female,High School,Low,Advanced,Low,55,63,0.5,Yes,Fluent,State Board,29.01,"Textbooks, Workbooks"
Female,Elementary,Low,Beginner,High,35,77,9.5,No,Fluent,CBSE,28.17,"Textbooks, Workbooks"
Female,High School,High,Intermediate,High,82,97,2.5,Yes,Intermediate,ICSE,48.92,"Textbooks, Workbooks"
Male,High School,Low,Beginner,Medium,90,76,4.7,Yes,Basic,IB,54.14,"Educational Apps, Science Kits"
Female,High School,Medium,Beginner,High,62,84,0.3,Yes,Fluent,IB,25.2,"Textbooks, Workbooks"
Male,High School,Medium,Advanced,Low,74,76,1.9,Yes,Intermediate,IB,33.99,"Textbooks, Workbooks"
Female,High School,Medium,Beginner,Low,69,88,6.9,Yes,Intermediate,State Board,46.92,"Textbooks, Workbooks"
Male,Elementary,High,Advanced,Low,53,67,1.1,No,Fluent,ICSE,36.53,"Textbooks, Workbooks"
Female,Elementary,Medium,Intermediate,Medium,74,88,6.3,No,Fluent,CBSE,51.27,"Educational Apps, Science Kits"
Female,Elementary,Medium,Beginner,High,67,74,0.0,Yes,Basic,ICSE,35.41,"Textbooks, Workbooks"
Female,Elementary,High,Advanced,Medium,58,92,4.7,Yes,Intermediate,CBSE,43.53,"Textbooks, Workbooks"
Female,High School,High,Beginner,High,37,69,7.2,Yes,Intermediate,ICSE,30.7,"Textbooks, Workbooks"
Male,Elementary,High,Intermediate,Medium,93,96,9.3,No,Basic,ICSE,46.95,"Textbooks, Workbooks"
Female,Elementary,Medium,Beginner,Medium,80,70,4.9,Yes,Fluent,IB,43.42,"Textbooks, Workbooks"
Female,Elementary,Medium,Beginner,High,35,94,8.4,Yes,Intermediate,ICSE,30.69,"Textbooks, Workbooks"
Male,High School,Medium,Advanced,Low,76,93,8.0,Yes,Basic,ICSE,47.75,"Textbooks, Workbooks"
Female,Elementary,High,Intermediate,High,78,91,3.0,Yes,Intermediate,CBSE,47.2,"Textbooks, Workbooks"
Male,High School,Low,Intermediate,Low,61,81,8.7,Yes,Intermediate,CBSE,38.03,"Textbooks, Workbooks"
Female,High School,Medium,Intermediate,Low,83,63,6.4,Yes,Fluent,ICSE,36.78,"Textbooks, Workbooks"
Female,High School,Low,Beginner,Medium,65,61,1.0,Yes,Intermediate,IB,33.86,"Textbooks, Workbooks"
Female,Elementary,Medium,Advanced,High,48,92,9.4,Yes,Fluent,IB,44.81,"Textbooks, Workbooks"
Male,High School,High,Beginner,Medium,66,68,1.8,Yes,Intermediate,CBSE,30.67,"Textbooks, Workbooks"
Female,Elementary,Low,Beginner,Medium,46,94,4.7,Yes,Intermediate,State Board,33.74,"Textbooks, Workbooks"
Female,Elementary,Medium,Beginner,High,45,97,4.7,No,Intermediate,CBSE,38.53,"Textbooks, Workbooks"
Female,Elementary,High,Intermediate,Low,87,90,6.3,Yes,Basic,IB,46.01,"Textbooks, Workbooks"
Male,High School,Medium,Advanced,High,73,73,6.6,No,Fluent,State Board,46.23,"Textbooks, Workbooks"
Male,High School,Medium,Intermediate,Medium,97,90,2.3,Yes,Basic,CBSE,41.73,"Textbooks, Workbooks"
Female,Elementary,High,Beginner,Low,78,92,3.5,Yes,Intermediate,CBSE,45.63,"Textbooks, Workbooks"
Male,High School,High,Beginner,Medium,80,75,1.4,Yes,Fluent,State Board,46.78,"Textbooks, Workbooks"
Female,High School,Medium,Advanced,Low,34,79,1.3,Yes,Basic,CBSE,22.86,"Textbooks, Workbooks"
Female,High School,Low,Intermediate,Low,87,73,8.3,Yes,Basic,IB,48.03,"Textbooks, Workbooks"
Female,Elementary,Low,Beginner,Low,75,94,7.5,Yes,Fluent,State Board,34.54,"Textbooks, Workbooks"
Female,High School,High,Beginner,Low,84,92,4.4,Yes,Fluent,IB,43.6,"Textbooks, Workbooks"
Female,High School,High,Advanced,Medium,46,88,1.0,Yes,Basic,ICSE,30.25,"Textbooks, Workbooks"
Female,Elementary,Medium,Beginner,Medium,41,67,4.5,Yes,Fluent,CBSE,32.82,"Textbooks, Workbooks"
Female,High School,Medium,Intermediate,Medium,53,93,2.9,Yes,Intermediate,ICSE,40.91,"Textbooks, Workbooks"
Male,Elementary,Low,Intermediate,Medium,85,73,7.8,No,Basic,ICSE,49.53,"Textbooks, Workbooks"
Male,High School,Medium,Beginner,High,84,73,1.0,Yes,Fluent,ICSE,33.95,"Textbooks, Workbooks"
Male,High School,Medium,Beginner,Low,45,74,4.5,No,Fluent,CBSE,30.13,"Textbooks, Workbooks"
Male,High School,High,Beginner,Medium,51,79,5.9,Yes,Fluent,State Board,33.89,"Textbooks, Workbooks"
Male,High School,Medium,Advanced,Low,73,87,9.9,Yes,Intermediate,IB,49.18,"Textbooks, Workbooks"
Male,High School,Medium,Advanced,Medium,72,63,0.9,Yes,Basic,CBSE,37.52,"Textbooks, Workbooks"
Male,High School,Medium,Intermediate,Medium,50,66,1.1,No,Intermediate,IB,27.58,"Textbooks, Workbooks"
Female,Elementary,Medium,Intermediate,High,37,61,9.9,Yes,Fluent,State Board,32.22,"Textbooks, Workbooks"
Female,High School,Medium,Beginner,High,78,68,4.1,Yes,Basic,CBSE,37.23,"Textbooks, Workbooks"
Female,High School,Low,Beginner,High,35,82,7.4,Yes,Fluent,IB,35.79,"Textbooks, Workbooks"
Female,High School,Medium,Beginner,Low,76,95,7.8,No,Basic,ICSE,43.64,"Textbooks, Workbooks"
Male,Elementary,Low,Advanced,Low,65,71,3.1,Yes,Fluent,CBSE,34.74,"Textbooks, Workbooks"
Male,Elementary,Low,Advanced,High,52,82,2.1,Yes,Intermediate,IB,37.62,"Textbooks, Workbooks"
Female,Elementary,High,Beginner,Medium,60,90,2.8,Yes,Intermediate,ICSE,39.27,"Textbooks, Workbooks"
Female,High School,Medium,Beginner,High,91,70,7.6,Yes,Basic,State Board,45.42,"Textbooks, Workbooks"
Male,High School,Medium,Intermediate,Medium,86,60,8.4,Yes,Intermediate,ICSE,46.32,"Textbooks, Workbooks"
Female,Elementary,High,Advanced,High,99,72,7.0,Yes,Basic,ICSE,51.61,"Educational Apps, Science Kits"
Female,Elementary,Medium,Beginner,High,94,98,4.4,Yes,Fluent,ICSE,58.79,"Educational Apps, Science Kits"
Female,Elementary,High,Advanced,Medium,66,88,2.6,Yes,Intermediate,IB,42.53,"Textbooks, Workbooks"
Female,High School,Low,Beginner,Low,97,65,4.3,Yes,Fluent,IB,49.7,"Textbooks, Workbooks"
Male,Elementary,High,Beginner,Medium,46,90,9.1,Yes,Intermediate,State Board,34.27,"Textbooks, Workbooks"
Female,High School,High,Intermediate,High,36,68,8.6,Yes,Fluent,ICSE,27.04,"Textbooks, Workbooks"
Female,High School,High,Intermediate,High,81,77,3.2,Yes,Intermediate,ICSE,39.71,"Textbooks, Workbooks"
Male,High School,Low,Intermediate,Low,64,62,3.3,Yes,Intermediate,ICSE,41.51,"Textbooks, Workbooks"
Male,Elementary,Medium,Beginner,Medium,31,91,7.8,Yes,Fluent,ICSE,30.17,"Textbooks, Workbooks"
Female,High School,Low,Intermediate,High,69,62,4.3,No,Intermediate,ICSE,35.5,"Textbooks, Workbooks"
Male,Elementary,Medium,Beginner,Medium,66,89,5.7,Yes,Basic,CBSE,35.76,"Textbooks, Workbooks"
Female,Elementary,High,Advanced,High,86,65,4.2,Yes,Fluent,State Board,37.6,"Textbooks, Workbooks"
Female,Elementary,Medium,Advanced,High,39,86,2.4,Yes,Basic,IB,29.64,"Textbooks, Workbooks"
Male,Elementary,Medium,Beginner,High,75,61,1.9,Yes,Basic,IB,41.38,"Textbooks, Workbooks"
Female,High School,Medium,Intermediate,Low,34,79,1.4,Yes,Fluent,CBSE,25.37,"Textbooks, Workbooks"
Female,High School,Medium,Intermediate,Low,34,76,0.1,Yes,Basic,IB,24.18,"Textbooks, Workbooks"
Female,High School,High,Advanced,Low,56,92,2.8,Yes,Basic,ICSE,43.35,"Textbooks, Workbooks"
Female,High School,High,Beginner,High,34,76,1.7,No,Basic,IB,25.48,"Textbooks, Workbooks"
Male,Elementary,Low,Beginner,Medium,90,96,2.6,Yes,Basic,ICSE,48.06,"Textbooks, Workbooks"
Male,Elementary,Medium,Beginner,Low,37,88,0.8,Yes,Basic,State Board,31.95,"Textbooks, Workbooks"
Female,Elementary,Medium,Advanced,Medium,60,68,3.4,Yes,Fluent,IB,37.73,"Textbooks, Workbooks"
Male,Elementary,Medium,Advanced,Medium,50,63,5.2,Yes,Fluent,CBSE,29.13,"Textbooks, Workbooks"
Female,High School,High,Intermediate,High,50,99,9.4,Yes,Basic,IB,39.89,"Textbooks, Workbooks"
Female,Elementary,High,Beginner,High,80,72,3.5,Yes,Basic,ICSE,43.31,"Textbooks, Workbooks"
Female,High School,Medium,Beginner,Medium,88,65,0.3,No,Basic,CBSE,41.29,"Textbooks, Workbooks"
Female,Elementary,Medium,Beginner,Low,31,68,3.6,No,Basic,ICSE,31.13,"Textbooks, Workbooks"
Female,Elementary,Medium,Beginner,High,59,85,8.2,No,Fluent,State Board,39.5,"Textbooks, Workbooks"
Male,Elementary,Medium,Advanced,Low,87,98,3.4,Yes,Fluent,IB,51.07,"Educational Apps, Science Kits"
Female,Elementary,Low,Intermediate,Medium,49,73,2.9,Yes,Basic,State Board,32.79,"Textbooks, Workbooks"
Male,High School,Medium,Advanced,Low,69,93,9.2,No,Basic,State Board,47.85,"Textbooks, Workbooks"
Male,High School,Low,Intermediate,Low,58,63,3.0,Yes,Fluent,CBSE,29.74,"Textbooks, Workbooks"
Female,High School,Medium,Beginner,Low,34,80,9.7,Yes,Basic,ICSE,32.42,"Textbooks, Workbooks"
Female,High School,Medium,Beginner,Medium,39,90,8.3,Yes,Basic,IB,34.87,"Textbooks, Workbooks"
Female,Elementary,High,Beginner,Medium,90,80,6.8,Yes,Basic,CBSE,54.75,"Educational Apps, Science Kits"
Female,Elementary,High,Beginner,Low,30,88,6.0,No,Intermediate,IB,28.42,"Textbooks, Workbooks"
Female,High School,Medium,Beginner,Low,76,83,2.2,Yes,Basic,State Board,40.89,"Textbooks, Workbooks"
Male,High School,Low,Advanced,High,86,75,7.3,Yes,Basic,CBSE,47.28,"Textbooks, Workbooks"
Female,Elementary,Medium,Intermediate,Low,43,68,3.5,Yes,Fluent,State Board,36.28,"Textbooks, Workbooks"
Female,Elementary,Medium,Advanced,Low,54,80,4.9,Yes,Basic,IB,38.56,"Textbooks, Workbooks"
Male,High School,Medium,Beginner,Medium,50,61,1.0,Yes,Basic,State Board,30.17,"Textbooks, Workbooks"
Male,High School,High,Intermediate,High,45,61,3.0,Yes,Basic,State Board,28.16,"Textbooks, Workbooks"
Female,High School,Medium,Intermediate,Low,61,96,5.3,Yes,Intermediate,CBSE,38.93,"Textbooks, Workbooks"
Male,Elementary,Medium,Beginner,High,74,96,4.7,Yes,Fluent,State Board,49.05,"Textbooks, Workbooks"
Female,High School,Medium,Intermediate,Medium,93,64,3.4,Yes,Basic,State Board,42.93,"Textbooks, Workbooks"
Male,High School,High,Advanced,Medium,89,65,4.7,No,Basic,ICSE,52.27,"Educational Apps, Science Kits"
Male,High School,High,Advanced,Low,48,67,7.4,Yes,Fluent,IB,34.09,"Textbooks, Workbooks"
Female,High School,Medium,Advanced,Medium,76,91,4.6,Yes,Intermediate,IB,47.09,"Textbooks, Workbooks"
Male,High School,Medium,Advanced,Low,93,96,5.1,Yes,Intermediate,State Board,51.35,"Educational Apps, Science Kits"
Male,Elementary,Medium,Intermediate,Medium,59,72,7.0,Yes,Intermediate,IB,48.7,"Textbooks, Workbooks"
Male,High School,Low,Advanced,Low,76,62,8.4,Yes,Intermediate,CBSE,38.4,"Textbooks, Workbooks"
Male,Elementary,Medium,Intermediate,Medium,62,68,5.3,No,Basic,CBSE,34.93,"Textbooks, Workbooks"
Male,High School,Medium,Beginner,High,50,63,9.5,Yes,Basic,IB,31.32,"Textbooks, Workbooks"
Male,High School,Low,Advanced,High,92,87,3.5,No,Basic,CBSE,43.01,"Textbooks, Workbooks"
Female,High School,Low,Beginner,Low,71,99,2.5,Yes,Intermediate,ICSE,43.72,"Textbooks, Workbooks"
Female,Elementary,Medium,Advanced,Medium,90,75,6.9,Yes,Basic,State Board,46.62,"Textbooks, Workbooks"
Male,Elementary,High,Beginner,Medium,72,70,1.8,Yes,Fluent,IB,35.84,"Textbooks, Workbooks"
Female,Elementary,Medium,Beginner,Low,97,78,9.0,Yes,Fluent,ICSE,51.71,"Educational Apps, Science Kits"
Female,High School,Medium,Beginner,Medium,55,81,3.9,Yes,Fluent,IB,35.3,"Textbooks, Workbooks"
Female,High School,Medium,Beginner,Low,62,98,7.0,Yes,Intermediate,IB,36.93,"Textbooks, Workbooks"
Male,Elementary,Medium,Beginner,Medium,62,71,5.7,Yes,Basic,IB,32.46,"Textbooks, Workbooks"
Female,Elementary,Medium,Intermediate,High,78,89,0.5,Yes,Basic,ICSE,36.02,"Textbooks, Workbooks"
Male,High School,Medium,Intermediate,Low,70,99,7.1,Yes,Intermediate,CBSE,46.15,"Textbooks, Workbooks"
Female,Elementary,Low,Advanced,Low,65,64,7.9,Yes,Fluent,ICSE,39.24,"Textbooks, Workbooks"
Male,High School,Medium,Intermediate,Low,51,96,9.8,Yes,Intermediate,ICSE,41.23,"Textbooks, Workbooks"
Male,Elementary,Medium,Beginner,High,76,91,4.2,Yes,Fluent,ICSE,46.07,"Textbooks, Workbooks"
Female,Elementary,Medium,Intermediate,High,49,93,5.0,Yes,Intermediate,State Board,37.43,"Textbooks, Workbooks"
Female,Elementary,High,Intermediate,Low,53,71,8.7,No,Intermediate,IB,30.16,"Textbooks, Workbooks"
Male,High School,Low,Beginner,Medium,72,61,2.7,Yes,Basic,State Board,35.9,"Textbooks, Workbooks"
Female,High School,Medium,Intermediate,Low,45,66,1.9,Yes,Fluent,CBSE,28.35,"Textbooks, Workbooks"
Female,Elementary,Medium,Beginner,Medium,56,91,1.3,Yes,Basic,CBSE,30.67,"Textbooks, Workbooks"
Female,High School,High,Intermediate,Medium,74,99,9.8,Yes,Intermediate,CBSE,43.42,"Textbooks, Workbooks"
Male,High School,Medium,Beginner,High,66,94,2.7,No,Fluent,CBSE,42.97,"Textbooks, Workbooks"
Male,High School,High,Advanced,Low,42,65,7.6,Yes,Basic,ICSE,27.51,"Textbooks, Workbooks"
Female,High School,High,Intermediate,Medium,80,81,4.5,Yes,Intermediate,State Board,47.51,"Textbooks, Workbooks"
Female,Elementary,Medium,Advanced,High,31,84,2.4,Yes,Fluent,State Board,26.53,"Textbooks, Workbooks"
Female,High School,Medium,Beginner,High,88,72,9.1,Yes,Basic,CBSE,47.7,"Textbooks, Workbooks"
Male,High School,Medium,Beginner,Medium,43,82,4.6,Yes,Intermediate,State Board,34.47,"Textbooks, Workbooks"
Male,Elementary,High,Advanced,Medium,78,68,5.7,No,Intermediate,State Board,42.65,"Textbooks, Workbooks"
Female,High School,Low,Beginner,Medium,59,96,2.2,No,Intermediate,State Board,37.08,"Textbooks, Workbooks"
Female,High School,Medium,Beginner,Medium,38,96,3.2,Yes,Basic,State Board,27.83,"Textbooks, Workbooks"
Female,High School,Medium,Beginner,High,53,89,7.5,Yes,Basic,State Board,44.87,"Textbooks, Workbooks"
Female,Elementary,Medium,Beginner,High,70,79,3.4,Yes,Basic,ICSE,35.17,"Textbooks, Workbooks"
Female,Elementary,Medium,Beginner,High,89,97,5.1,Yes,Intermediate,ICSE,54.68,"Educational Apps, Science Kits"
Female,High School,Medium,Beginner,Medium,61,75,1.1,No,Intermediate,State Board,27.66,"Textbooks, Workbooks"
Male,High School,Low,Beginner,High,76,81,8.5,Yes,Basic,State Board,47.77,"Textbooks, Workbooks"
Female,Elementary,Medium,Beginner,Low,50,97,7.4,Yes,Fluent,State Board,42.26,"Textbooks, Workbooks"
Male,Elementary,Medium,Advanced,Low,71,69,7.6,Yes,Basic,CBSE,41.98,"Textbooks, Workbooks"
Female,Elementary,High,Intermediate,Medium,99,79,1.8,Yes,Fluent,CBSE,50.51,"Educational Apps, Science Kits"
Female,High School,Medium,Beginner,Low,31,61,5.0,Yes,Intermediate,State Board,29.61,"Textbooks, Workbooks"
Male,High School,High,Advanced,High,60,62,0.3,Yes,Intermediate,ICSE,33.12,"Textbooks, Workbooks"
Male,Elementary,Medium,Beginner,Medium,85,67,3.2,Yes,Fluent,CBSE,49.19,"Textbooks, Workbooks"
Male,High School,Low,Intermediate,Medium,59,68,3.5,No,Basic,IB,42.79,"Textbooks, Workbooks"
Male,High School,High,Beginner,Medium,92,87,9.1,Yes,Intermediate,CBSE,59.18,"Educational Apps, Science Kits"
Female,High School,Low,Advanced,High,44,80,9.9,Yes,Fluent,CBSE,39.12,"Textbooks, Workbooks"
Male,High School,High,Advanced,Medium,47,92,6.2,Yes,Intermediate,IB,34.64,"Textbooks, Workbooks"
Female,High School,High,Intermediate,Low,61,93,5.2,No,Basic,State Board,41.52,"Textbooks, Workbooks"
Male,High School,Medium,Beginner,High,43,63,4.4,Yes,Basic,CBSE,30.95,"Textbooks, Workbooks"
Female,High School,Medium,Advanced,Medium,91,84,0.2,Yes,Fluent,CBSE,39.72,"Textbooks, Workbooks"
Female,Elementary,Medium,Intermediate,Low,81,91,8.0,Yes,Fluent,State Board,48.42,"Textbooks, Workbooks"
Female,Elementary,Medium,Intermediate,Medium,51,71,6.7,Yes,Basic,CBSE,30.33,"Textbooks, Workbooks"
Female,Elementary,Medium,Beginner,Low,43,61,6.5,Yes,Fluent,CBSE,27.83,"Textbooks, Workbooks"
Female,Elementary,Medium,Advanced,High,63,71,8.1,Yes,Basic,State Board,41.05,"Textbooks, Workbooks"
Female,Elementary,Medium,Beginner,Medium,85,85,9.3,No,Intermediate,CBSE,49.62,"Textbooks, Workbooks"
Male,Elementary,Low,Beginner,High,82,80,3.9,Yes,Fluent,State Board,41.51,"Textbooks, Workbooks"
Female,Elementary,High,Beginner,Medium,78,96,4.3,Yes,Intermediate,CBSE,47.27,"Textbooks, Workbooks"
Male,Elementary,High,Advanced,High,92,95,9.8,Yes,Basic,State Board,54.31,"Educational Apps, Science Kits"
Male,Elementary,Medium,Intermediate,Low,45,77,6.6,Yes,Fluent,IB,33.46,"Textbooks, Workbooks"
Female,High School,High,Beginner,Low,69,83,8.5,Yes,Intermediate,CBSE,44.01,"Textbooks, Workbooks"
Male,High School,Medium,Beginner,Low,67,89,2.2,Yes,Fluent,IB,40.47,"Textbooks, Workbooks"
Female,Elementary,Low,Advanced,Medium,47,76,3.2,Yes,Intermediate,ICSE,24.26,"Textbooks, Workbooks"
Male,High School,Medium,Beginner,Low,52,75,3.9,No,Basic,ICSE,33.22,"Textbooks, Workbooks"
Female,High School,Medium,Intermediate,Medium,77,76,3.2,Yes,Intermediate,IB,47.69,"Textbooks, Workbooks"
Male,Elementary,Medium,Beginner,Medium,75,71,8.8,Yes,Basic,CBSE,33.41,"Textbooks, Workbooks"
Female,Elementary,High,Intermediate,Medium,51,86,5.1,Yes,Fluent,IB,34.03,"Textbooks, Workbooks"
Female,Elementary,High,Beginner,Medium,83,63,9.5,Yes,Fluent,IB,46.63,"Textbooks, Workbooks"
Female,High School,Medium,Beginner,Low,69,94,3.2,Yes,Fluent,State Board,36.61,"Textbooks, Workbooks"
Female,High School,High,Beginner,High,59,60,0.4,Yes,Fluent,IB,23.41,"Textbooks, Workbooks"
Male,Elementary,Low,Intermediate,Medium,84,71,1.4,Yes,Basic,IB,39.18,"Textbooks, Workbooks"
Female,High School,Low,Beginner,High,85,88,2.2,Yes,Fluent,State Board,42.37,"Textbooks, Workbooks"
Male,High School,High,Beginner,Medium,71,67,6.4,Yes,Basic,State Board,43.05,"Textbooks, Workbooks"
Male,High School,Medium,Beginner,High,71,67,1.8,Yes,Intermediate,State Board,33.89,"Textbooks, Workbooks"
Male,Elementary,Medium,Intermediate,Medium,91,71,3.8,Yes,Intermediate,IB,47.47,"Textbooks, Workbooks"
Female,High School,Medium,Beginner,High,82,95,8.0,Yes,Fluent,CBSE,50.78,"Educational Apps, Science Kits"
Male,High School,Medium,Advanced,Low,82,93,1.2,Yes,Basic,ICSE,46.81,"Textbooks, Workbooks"
Male,High School,Low,Intermediate,High,93,95,0.8,No,Intermediate,IB,46.02,"Textbooks, Workbooks"
Male,High School,Medium,Advanced,High,30,63,5.4,Yes,Basic,CBSE,24.35,"Textbooks, Workbooks"
Female,High School,Low,Beginner,Low,98,70,7.0,Yes,Intermediate,State Board,54.74,"Educational Apps, Science Kits"
Female,High School,Low,Intermediate,Medium,56,62,9.1,No,Fluent,IB,41.91,"Textbooks, Workbooks"
Male,High School,Medium,Intermediate,High,46,69,6.6,No,Intermediate,IB,39.38,"Textbooks, Workbooks"
Female,Elementary,Medium,Beginner,Medium,92,71,9.5,Yes,Fluent,IB,45.87,"Textbooks, Workbooks"
Female,Elementary,High,Advanced,Low,70,68,2.4,Yes,Fluent,State Board,33.0,"Textbooks, Workbooks"
Male,High School,Low,Intermediate,Medium,87,80,3.4,Yes,Intermediate,State Board,46.57,"Textbooks, Workbooks"
Male,Elementary,Low,Intermediate,Low,86,93,8.4,No,Fluent,ICSE,49.79,"Textbooks, Workbooks"
Female,High School,Medium,Intermediate,High,67,81,8.1,No,Basic,State Board,33.99,"Textbooks, Workbooks"
Male,High School,Medium,Intermediate,Low,95,77,6.6,Yes,Basic,State Board,51.78,"Educational Apps, Science Kits"
Female,High School,Low,Intermediate,Low,74,65,5.1,Yes,Basic,State Board,36.26,"Textbooks, Workbooks"
Female,Elementary,Low,Beginner,Low,52,84,0.2,Yes,Intermediate,State Board,31.58,"Textbooks, Workbooks"
Female,High School,High,Intermediate,Medium,49,74,2.8,Yes,Intermediate,CBSE,32.11,"Textbooks, Workbooks"
Female,High School,Medium,Advanced,High,65,60,1.6,Yes,Intermediate,CBSE,31.32,"Textbooks, Workbooks"
Female,Elementary,Medium,Intermediate,Low,71,99,0.5,Yes,Basic,IB,39.36,"Textbooks, Workbooks"
Female,Elementary,Medium,Beginner,Low,51,77,7.8,Yes,Basic,CBSE,39.06,"Textbooks, Workbooks"
Male,High School,Medium,Beginner,Medium,89,90,1.3,Yes,Intermediate,State Board,38.44,"Textbooks, Workbooks"
Male,Elementary,Medium,Advanced,High,40,79,3.6,Yes,Fluent,State Board,24.24,"Textbooks, Workbooks"
Female,Elementary,Medium,Intermediate,Medium,57,84,9.8,Yes,Fluent,ICSE,30.51,"Textbooks, Workbooks"
Female,High School,High,Advanced,Medium,74,92,4.1,Yes,Intermediate,State Board,40.82,"Textbooks, Workbooks"
Female,High School,Low,Advanced,Medium,51,69,1.4,Yes,Fluent,State Board,36.23,"Textbooks, Workbooks"
Male,High School,High,Advanced,Low,92,88,6.9,Yes,Fluent,IB,46.41,"Textbooks, Workbooks"
Female,Elementary,Low,Advanced,Medium,60,78,8.1,Yes,Intermediate,State Board,40.24,"Textbooks, Workbooks"
Male,Elementary,Medium,Intermediate,Medium,40,87,2.8,Yes,Intermediate,IB,29.92,"Textbooks, Workbooks"
Female,Elementary,Low,Beginner,High,65,86,8.1,Yes,Intermediate,State Board,38.51,"Textbooks, Workbooks"
Female,High School,Low,Beginner,High,64,78,2.7,Yes,Intermediate,IB,33.74,"Textbooks, Workbooks"
Male,Elementary,High,Intermediate,High,52,90,6.9,No,Fluent,IB,29.73,"Textbooks, Workbooks"
Male,Elementary,Medium,Advanced,Medium,58,94,1.2,Yes,Intermediate,IB,37.79,"Textbooks, Workbooks"
Female,High School,Low,Intermediate,Medium,52,73,4.3,Yes,Intermediate,CBSE,39.24,"Textbooks, Workbooks"
Female,High School,High,Advanced,Low,45,65,5.2,Yes,Intermediate,State Board,24.82,"Textbooks, Workbooks"
Female,High School,High,Advanced,High,48,68,7.3,Yes,Basic,State Board,34.09,"Textbooks, Workbooks"
Male,Elementary,High,Intermediate,Medium,92,86,6.5,Yes,Basic,ICSE,55.02,"Educational Apps, Science Kits"
Male,High School,High,Intermediate,High,79,76,8.5,Yes,Fluent,IB,49.98,"Textbooks, Workbooks"
Male,Elementary,Medium,Advanced,Low,72,95,1.8,Yes,Intermediate,State Board,44.25,"Textbooks, Workbooks"
Male,Elementary,High,Advanced,High,48,63,6.6,Yes,Intermediate,ICSE,38.28,"Textbooks, Workbooks"
Male,High School,Medium,Advanced,Medium,47,83,1.3,Yes,Intermediate,State Board,24.8,"Textbooks, Workbooks"
Male,High School,High,Advanced,Low,35,75,4.8,Yes,Basic,IB,25.19,"Textbooks, Workbooks"
Female,High School,High,Intermediate,Medium,64,76,5.2,Yes,Intermediate,CBSE,37.84,"Textbooks, Workbooks"
Female,High School,Medium,Beginner,High,43,62,0.3,Yes,Basic,ICSE,27.81,"Textbooks, Workbooks"
Male,High School,High,Beginner,High,93,98,0.7,Yes,Intermediate,ICSE,51.75,"Educational Apps, Science Kits"
Female,Elementary,Medium,Advanced,High,38,96,8.4,Yes,Intermediate,IB,35.76,"Textbooks, Workbooks"
Female,Elementary,Medium,Beginner,Low,64,62,2.9,Yes,Basic,IB,36.16,"Textbooks, Workbooks"
Male,Elementary,Low,Beginner,High,31,94,3.5,Yes,Intermediate,ICSE,30.52,"Textbooks, Workbooks"
Female,High School,High,Beginner,Medium,35,62,6.4,Yes,Basic,State Board,19.85,"Textbooks, Workbooks"
Male,Elementary,Medium,Beginner,Medium,54,75,2.2,No,Fluent,CBSE,29.48,"Textbooks, Workbooks"
Male,High School,Medium,Beginner,Low,79,79,1.9,Yes,Basic,State Board,32.16,"Textbooks, Workbooks"
Female,High School,Medium,Beginner,Low,36,65,4.2,No,Fluent,IB,24.79,"Textbooks, Workbooks"
Male,Elementary,High,Advanced,Low,92,92,0.6,No,Intermediate,IB,46.18,"Textbooks, Workbooks"
Male,Elementary,Medium,Advanced,High,57,86,9.2,Yes,Basic,State Board,41.28,"Textbooks, Workbooks"
Male,High School,High,Advanced,Low,31,89,9.4,Yes,Fluent,IB,30.94,"Textbooks, Workbooks"
Male,Elementary,High,Intermediate,Low,94,94,4.5,Yes,Intermediate,IB,52.13,"Educational Apps, Science Kits"
Male,High School,Medium,Beginner,Medium,88,77,2.1,Yes,Basic,ICSE,43.92,"Textbooks, Workbooks"
Male,Elementary,Medium,Beginner,Medium,53,89,4.7,Yes,Intermediate,ICSE,33.25,"Textbooks, Workbooks"
Male,Elementary,High,Intermediate,Low,91,85,1.0,Yes,Fluent,State Board,39.63,"Textbooks, Workbooks"
Male,Elementary,High,Beginner,Low,67,74,4.0,Yes,Basic,IB,34.79,"Textbooks, Workbooks"
Female,Elementary,High,Advanced,Low,91,91,0.7,Yes,Intermediate,IB,47.23,"Textbooks, Workbooks"
Female,Elementary,Medium,Advanced,Medium,94,94,7.1,Yes,Intermediate,CBSE,52.53,"Educational Apps, Science Kits"
Female,High School,High,Intermediate,Low,80,71,2.8,Yes,Fluent,IB,41.65,"Textbooks, Workbooks"
Male,Elementary,Medium,Advanced,Medium,81,80,5.2,No,Basic,State Board,45.47,"Textbooks, Workbooks"
Male,Elementary,Medium,Intermediate,Low,92,71,0.1,Yes,Basic,CBSE,47.46,"Textbooks, Workbooks"
Female,Elementary,High,Advanced,Low,40,60,5.2,No,Intermediate,CBSE,24.81,"Textbooks, Workbooks"
Female,High School,Low,Beginner,Medium,77,70,0.0,Yes,Fluent,IB,40.53,"Textbooks, Workbooks"
Female,High School,High,Advanced,Low,83,84,9.3,Yes,Intermediate,State Board,56.9,"Educational Apps, Science Kits"
Male,High School,Medium,Intermediate,Low,79,68,5.0,Yes,Intermediate,IB,35.61,"Textbooks, Workbooks"
Female,High School,High,Beginner,Medium,67,98,1.0,Yes,Basic,IB,40.82,"Textbooks, Workbooks"
Female,High School,Low,Intermediate,Medium,37,86,3.4,Yes,Intermediate,CBSE,27.29,"Textbooks, Workbooks"
Male,Elementary,Medium,Beginner,High,35,88,0.5,Yes,Basic,ICSE,23.29,"Textbooks, Workbooks"
Female,Elementary,High,Beginner,Low,97,86,5.3,Yes,Basic,CBSE,60.05,"Educational Apps, Science Kits"
Male,Elementary,Low,Advanced,High,98,87,1.2,Yes,Basic,IB,50.46,"Educational Apps, Science Kits"
Male,High School,Low,Advanced,High,35,98,4.7,Yes,Intermediate,State Board,30.37,"Textbooks, Workbooks"
Male,High School,High,Beginner,High,61,77,3.1,Yes,Basic,CBSE,40.0,"Textbooks, Workbooks"
Female,Elementary,Medium,Advanced,Medium,67,74,7.6,Yes,Basic,ICSE,44.72,"Textbooks, Workbooks"
Female,High School,High,Advanced,High,86,75,4.8,Yes,Basic,State Board,45.42,"Textbooks, Workbooks"
Male,High School,Low,Intermediate,Low,93,82,8.5,Yes,Fluent,ICSE,52.3,"Educational Apps, Science Kits"
Female,High School,Medium,Advanced,Low,83,89,9.4,No,Fluent,CBSE,49.77,"Textbooks, Workbooks"
Female,Elementary,High,Beginner,Low,43,95,9.7,Yes,Basic,State Board,37.54,"Textbooks, Workbooks"
Female,Elementary,Medium,Advanced,High,93,94,2.6,Yes,Intermediate,CBSE,45.36,"Textbooks, Workbooks"
Female,High School,Medium,Beginner,Medium,79,87,7.7,Yes,Intermediate,IB,44.95,"Textbooks, Workbooks"
Male,High School,Medium,Beginner,High,76,62,4.4,Yes,Fluent,ICSE,39.2,"Textbooks, Workbooks"
Female,High School,High,Intermediate,Low,83,75,4.3,Yes,Fluent,CBSE,42.22,"Textbooks, Workbooks"
Male,High School,Medium,Beginner,High,48,74,8.7,Yes,Intermediate,State Board,32.53,"Textbooks, Workbooks"
Male,Elementary,Medium,Beginner,High,68,78,1.5,Yes,Basic,CBSE,44.2,"Textbooks, Workbooks"
Female,High School,Low,Intermediate,High,94,69,4.8,Yes,Fluent,CBSE,48.66,"Textbooks, Workbooks"
Male,Elementary,Medium,Beginner,Medium,89,63,5.9,Yes,Basic,CBSE,43.82,"Textbooks, Workbooks"
Female,Elementary,Medium,Intermediate,High,62,81,0.7,Yes,Fluent,IB,39.35,"Textbooks, Workbooks"
Female,Elementary,Medium,Beginner,High,61,77,8.6,No,Intermediate,IB,38.82,"Textbooks, Workbooks"
Male,High School,Medium,Advanced,Medium,65,81,3.1,No,Fluent,CBSE,35.57,"Textbooks, Workbooks"
Male,Elementary,Low,Intermediate,Medium,53,75,6.6,Yes,Fluent,State Board,31.46,"Textbooks, Workbooks"
Male,Elementary,Low,Intermediate,High,72,62,9.3,Yes,Fluent,State Board,41.33,"Textbooks, Workbooks"
Male,High School,Medium,Beginner,Medium,75,94,7.2,Yes,Basic,State Board,49.74,"Textbooks, Workbooks"
Female,High School,Medium,Intermediate,High,76,98,8.9,Yes,Intermediate,IB,51.73,"Educational Apps, Science Kits"
Female,High School,High,Beginner,Low,98,75,0.7,Yes,Fluent,CBSE,47.32,"Textbooks, Workbooks"
Female,Elementary,Medium,Intermediate,Medium,43,80,4.9,Yes,Basic,State Board,32.63,"Textbooks, Workbooks"
Male,High School,Low,Intermediate,Low,74,80,5.6,Yes,Intermediate,CBSE,41.08,"Textbooks, Workbooks"
Male,Elementary,Medium,Advanced,Low,81,60,6.9,Yes,Basic,ICSE,49.56,"Textbooks, Workbooks"
Male,Elementary,Low,Beginner,Low,79,89,1.2,Yes,Intermediate,ICSE,52.58,"Educational Apps, Science Kits"
Female,High School,High,Advanced,High,94,93,6.6,Yes,Basic,State Board,51.97,"Educational Apps, Science Kits"
Male,Elementary,High,Intermediate,Low,93,98,1.5,Yes,Intermediate,State Board,48.67,"Textbooks, Workbooks"
Female,Elementary,Medium,Beginner,High,52,82,0.7,No,Basic,State Board,23.89,"Textbooks, Workbooks"
Male,Elementary,Medium,Advanced,High,99,93,4.7,Yes,Fluent,IB,52.54,"Educational Apps, Science Kits"
Female,Elementary,Medium,Intermediate,Medium,88,89,6.0,Yes,Intermediate,State Board,46.11,"Textbooks, Workbooks"
Female,High School,Medium,Advanced,Low,83,92,9.6,Yes,Basic,CBSE,56.16,"Educational Apps, Science Kits"
Male,Elementary,High,Intermediate,Low,55,75,7.0,Yes,Fluent,State Board,42.34,"Textbooks, Workbooks"
Male,High School,Low,Intermediate,Medium,73,89,5.9,No,Fluent,State Board,38.81,"Textbooks, Workbooks"
Female,Elementary,Medium,Beginner,Low,42,62,2.1,Yes,Intermediate,State Board,24.14,"Textbooks, Workbooks"
Female,Elementary,Medium,Beginner,Medium,83,61,1.5,Yes,Basic,IB,39.79,"Textbooks, Workbooks"
Male,High School,High,Beginner,High,69,85,6.1,Yes,Fluent,State Board,48.45,"Textbooks, Workbooks"
Male,Elementary,Medium,Intermediate,Low,33,77,2.2,Yes,Fluent,ICSE,30.62,"Textbooks, Workbooks"
Female,Elementary,High,Advanced,Medium,82,61,7.1,No,Intermediate,IB,48.73,"Textbooks, Workbooks"
Male,Elementary,Low,Beginner,High,30,99,1.1,No,Fluent,CBSE,26.73,"Textbooks, Workbooks"
Female,Elementary,Medium,Beginner,High,35,62,3.4,Yes,Basic,IB,30.32,"Textbooks, Workbooks"
Female,Elementary,High,Beginner,High,84,76,7.7,No,Fluent,CBSE,39.98,"Textbooks, Workbooks"
Male,Elementary,Medium,Beginner,High,95,83,8.3,Yes,Fluent,ICSE,54.74,"Educational Apps, Science Kits"
Male,High School,Medium,Intermediate,Medium,47,61,3.5,Yes,Intermediate,State Board,28.97,"Textbooks, Workbooks"
Male,High School,Low,Advanced,High,58,65,2.1,Yes,Fluent,ICSE,38.75,"Textbooks, Workbooks"
Male,High School,Low,Intermediate,High,82,99,9.6,Yes,Fluent,IB,49.45,"Textbooks, Workbooks"
Male,Elementary,Low,Intermediate,Medium,62,85,7.6,Yes,Basic,IB,44.4,"Textbooks, Workbooks"
Female,Elementary,High,Intermediate,Medium,32,65,8.1,Yes,Intermediate,CBSE,36.88,"Textbooks, Workbooks"
Female,Elementary,Medium,Beginner,Medium,49,71,2.2,Yes,Intermediate,IB,29.63,"Textbooks, Workbooks"
Male,High School,High,Advanced,Medium,33,80,4.2,Yes,Intermediate,IB,29.65,"Textbooks, Workbooks"
Male,Elementary,Medium,Intermediate,Low,37,75,0.7,Yes,Intermediate,CBSE,25.27,"Textbooks, Workbooks"
Male,High School,Medium,Intermediate,Medium,57,65,1.1,Yes,Intermediate,ICSE,28.12,"Textbooks, Workbooks"
Female,Elementary,Medium,Intermediate,Medium,95,93,2.2,Yes,Intermediate,IB,47.0,"Textbooks, Workbooks"
Male,Elementary,High,Beginner,Medium,55,62,3.0,Yes,Intermediate,State Board,33.32,"Textbooks, Workbooks"
Male,Elementary,High,Beginner,Low,63,78,10.0,Yes,Fluent,IB,40.17,"Textbooks, Workbooks"
Female,High School,High,Intermediate,High,78,88,4.2,No,Basic,ICSE,44.95,"Textbooks, Workbooks"
Female,Elementary,Low,Beginner,Low,78,91,7.0,Yes,Intermediate,CBSE,43.82,"Textbooks, Workbooks"
Male,High School,Medium,Advanced,Low,56,69,9.0,Yes,Fluent,IB,42.01,"Textbooks, Workbooks"
Male,Elementary,Medium,Beginner,Medium,94,86,2.5,Yes,Fluent,CBSE,50.78,"Educational Apps, Science Kits"
Male,Elementary,High,Intermediate,Medium,62,88,1.4,Yes,Basic,IB,31.9,"Textbooks, Workbooks"
Female,High School,Medium,Advanced,Low,78,72,2.4,Yes,Intermediate,State Board,38.2,"Textbooks, Workbooks"
Male,Elementary,Medium,Beginner,Medium,92,79,8.8,Yes,Intermediate,CBSE,48.54,"Textbooks, Workbooks"
Male,Elementary,Medium,Intermediate,High,61,87,6.7,Yes,Basic,State Board,39.45,"Textbooks, Workbooks"
Male,Elementary,Medium,Advanced,Medium,48,86,4.5,Yes,Fluent,IB,37.3,"Textbooks, Workbooks"
Female,Elementary,Low,Advanced,Medium,79,72,8.2,Yes,Intermediate,CBSE,42.35,"Textbooks, Workbooks"
Female,High School,High,Advanced,Low,51,84,2.4,Yes,Intermediate,CBSE,30.54,"Textbooks, Workbooks"
Male,High School,Medium,Beginner,Medium,96,88,2.4,Yes,Basic,IB,47.41,"Textbooks, Workbooks"
Male,Elementary,High,Advanced,High,38,74,5.7,No,Fluent,IB,31.53,"Textbooks, Workbooks"
Female,Elementary,High,Beginner,Medium,64,89,7.9,Yes,Fluent,State Board,34.26,"Textbooks, Workbooks"
Female,High School,Medium,Intermediate,High,33,97,2.6,Yes,Fluent,IB,30.89,"Textbooks, Workbooks"
Female,Elementary,Medium,Beginner,Medium,66,91,2.1,Yes,Intermediate,IB,29.88,"Textbooks, Workbooks"
Female,High School,Low,Beginner,High,57,66,4.7,No,Fluent,ICSE,33.85,"Textbooks, Workbooks"
Female,Elementary,High,Intermediate,High,38,94,1.3,Yes,Basic,IB,26.91,"Textbooks, Workbooks"
Female,High School,Medium,Beginner,High,64,92,7.5,Yes,Basic,CBSE,35.78,"Textbooks, Workbooks"
Female,High School,Medium,Beginner,High,54,71,5.8,Yes,Basic,IB,38.61,"Textbooks, Workbooks"
Female,High School,Medium,Intermediate,Medium,38,82,5.1,Yes,Basic,State Board,28.64,"Textbooks, Workbooks"
Female,High School,Medium,Advanced,High,90,64,8.7,Yes,Fluent,IB,42.78,"Textbooks, Workbooks"
Male,Elementary,Medium,Intermediate,Medium,81,90,7.3,Yes,Basic,ICSE,49.36,"Textbooks, Workbooks"
Male,Elementary,Medium,Advanced,High,46,75,1.5,Yes,Intermediate,ICSE,33.41,"Textbooks, Workbooks"
Male,High School,High,Beginner,Low,38,92,4.2,Yes,Intermediate,ICSE,26.39,"Textbooks, Workbooks"
Female,High School,High,Intermediate,Medium,83,60,3.2,Yes,Intermediate,CBSE,44.45,"Textbooks, Workbooks"
Male,High School,Medium,Advanced,High,34,81,8.0,Yes,Fluent,ICSE,24.95,"Textbooks, Workbooks"
Female,High School,Medium,Beginner,Low,92,87,7.2,Yes,Fluent,State Board,42.62,"Textbooks, Workbooks"
Female,Elementary,High,Beginner,Medium,76,64,4.7,Yes,Fluent,ICSE,38.53,"Textbooks, Workbooks"
Male,High School,Low,Beginner,High,48,63,8.2,Yes,Fluent,State Board,32.98,"Textbooks, Workbooks"
Female,High School,High,Advanced,Low,95,60,4.1,No,Basic,IB,49.35,"Textbooks, Workbooks"
Male,High School,Medium,Advanced,Medium,74,74,8.0,No,Basic,CBSE,41.62,"Textbooks, Workbooks"
Male,High School,Medium,Advanced,Medium,62,96,0.3,Yes,Basic,IB,36.72,"Textbooks, Workbooks"
Male,High School,Medium,Beginner,Medium,72,98,1.3,Yes,Basic,State Board,38.82,"Textbooks, Workbooks"
Female,High School,Medium,Advanced,Low,55,97,7.6,Yes,Basic,CBSE,49.73,"Textbooks, Workbooks"
Male,High School,High,Intermediate,Low,74,83,1.1,Yes,Basic,State Board,37.64,"Textbooks, Workbooks"
Female,Elementary,Low,Advanced,Low,64,82,6.8,Yes,Intermediate,CBSE,38.2,"Textbooks, Workbooks"
Male,High School,Medium,Advanced,Low,82,66,7.2,Yes,Fluent,ICSE,43.05,"Textbooks, Workbooks"
Male,High School,Medium,Beginner,Low,39,90,6.6,No,Fluent,IB,32.49,"Textbooks, Workbooks"
Male,High School,High,Intermediate,High,70,66,8.2,Yes,Basic,ICSE,32.92,"Textbooks, Workbooks"
Female,Elementary,Medium,Intermediate,Medium,46,72,5.1,No,Intermediate,CBSE,27.7,"Textbooks, Workbooks"
Female,Elementary,High,Intermediate,High,95,63,9.0,No,Basic,State Board,44.22,"Textbooks, Workbooks"
Female,Elementary,Medium,Advanced,Low,40,77,5.7,Yes,Basic,CBSE,27.85,"Textbooks, Workbooks"
Male,High School,Low,Beginner,Medium,92,99,5.1,Yes,Basic,CBSE,58.19,"Educational Apps, Science Kits"
Male,High School,High,Advanced,Medium,96,78,5.1,Yes,Fluent,ICSE,40.2,"Textbooks, Workbooks"
Female,High School,Low,Beginner,High,75,75,9.1,Yes,Fluent,CBSE,39.58,"Textbooks, Workbooks"
Female,Elementary,Medium,Intermediate,High,49,77,2.4,Yes,Intermediate,IB,33.36,"Textbooks, Workbooks"
Female,High School,Low,Advanced,High,42,75,7.0,Yes,Intermediate,IB,28.83,"Textbooks, Workbooks"
Female,Elementary,Medium,Beginner,Low,46,90,2.4,No,Basic,ICSE,36.37,"Textbooks, Workbooks"
Female,Elementary,Medium,Advanced,High,61,84,0.9,No,Intermediate,ICSE,39.87,"Textbooks, Workbooks"
Female,Elementary,Medium,Beginner,Medium,45,61,9.5,Yes,Intermediate,IB,25.38,"Textbooks, Workbooks"
Male,Elementary,Medium,Intermediate,High,52,87,1.3,No,Intermediate,ICSE,27.39,"Textbooks, Workbooks"
Female,Elementary,Medium,Advanced,Medium,40,75,6.9,Yes,Basic,IB,39.33,"Textbooks, Workbooks"
Male,High School,Medium,Intermediate,Medium,43,95,4.2,Yes,Basic,IB,35.57,"Textbooks, Workbooks"
Male,High School,Medium,Advanced,Low,96,99,8.4,Yes,Fluent,ICSE,49.63,"Textbooks, Workbooks"
Female,Elementary,High,Advanced,Medium,74,94,7.7,Yes,Basic,State Board,42.97,"Textbooks, Workbooks"
Female,High School,High,Beginner,Low,62,83,1.4,Yes,Fluent,ICSE,38.62,"Textbooks, Workbooks"
Male,High School,Low,Beginner,Low,74,94,4.7,Yes,Intermediate,State Board,43.87,"Textbooks, Workbooks"
Female,Elementary,Low,Beginner,Low,83,89,0.3,Yes,Intermediate,ICSE,43.72,"Textbooks, Workbooks"
Female,Elementary,High,Intermediate,High,80,96,4.3,No,Basic,IB,43.72,"Textbooks, Workbooks"
Male,High School,Medium,Intermediate,Medium,52,70,7.0,No,Fluent,State Board,32.93,"Textbooks, Workbooks"
Male,High School,Medium,Advanced,High,58,93,2.3,Yes,Intermediate,ICSE,41.29,"Textbooks, Workbooks"
Male,High School,High,Beginner,High,35,97,8.1,Yes,Intermediate,ICSE,37.91,"Textbooks, Workbooks"
Female,High School,Medium,Intermediate,High,68,98,0.5,Yes,Intermediate,IB,33.15,"Textbooks, Workbooks"
Male,Elementary,Medium,Advanced,High,34,83,0.3,Yes,Fluent,State Board,23.48,"Textbooks, Workbooks"
Female,High School,High,Intermediate,High,69,88,0.3,Yes,Fluent,ICSE,41.7,"Textbooks, Workbooks"
Male,Elementary,Medium,Advanced,Low,50,63,2.8,Yes,Basic,CBSE,17.65,"Textbooks, Workbooks"
Male,Elementary,Low,Beginner,Low,88,89,4.7,Yes,Basic,CBSE,38.85,"Textbooks, Workbooks"
Male,High School,Low,Advanced,Medium,49,73,1.1,Yes,Intermediate,ICSE,36.49,"Textbooks, Workbooks"
Female,High School,Medium,Advanced,Medium,53,83,10.0,Yes,Intermediate,IB,39.8,"Textbooks, Workbooks"
Female,High School,High,Beginner,Low,32,97,10.0,No,Basic,IB,34.53,"Textbooks, Workbooks"
Male,Elementary,Medium,Beginner,Medium,86,93,5.2,Yes,Fluent,ICSE,51.57,"Educational Apps, Science Kits"
Male,Elementary,Low,Advanced,Medium,99,95,5.7,No,Fluent,ICSE,45.31,"Textbooks, Workbooks"
Male,Elementary,High,Intermediate,High,99,74,9.3,Yes,Fluent,IB,53.82,"Educational Apps, Science Kits"
Female,Elementary,Low,Beginner,Medium,92,94,7.7,Yes,Basic,IB,57.04,"Educational Apps, Science Kits"
Male,High School,Low,Advanced,Medium,76,88,1.7,Yes,Fluent,IB,39.63,"Textbooks, Workbooks"
Female,Elementary,Medium,Beginner,Medium,48,95,7.9,No,Basic,ICSE,45.22,"Textbooks, Workbooks"
Male,Elementary,Medium,Beginner,Medium,42,63,2.3,Yes,Intermediate,IB,33.7,"Textbooks, Workbooks"
Male,High School,Medium,Intermediate,High,74,74,4.3,No,Fluent,ICSE,46.18,"Textbooks, Workbooks"
Male,Elementary,High,Beginner,Low,61,70,5.3,Yes,Fluent,State Board,37.87,"Textbooks, Workbooks"
Male,Elementary,High,Advanced,Medium,59,74,7.2,Yes,Basic,CBSE,37.54,"Textbooks, Workbooks"
Male,High School,Medium,Advanced,Medium,71,80,1.5,Yes,Fluent,State Board,36.29,"Textbooks, Workbooks"
Male,Elementary,Medium,Beginner,Medium,71,94,0.8,Yes,Fluent,CBSE,39.72,"Textbooks, Workbooks"
Female,Elementary,Medium,Beginner,Low,36,82,8.7,No,Basic,ICSE,37.14,"Textbooks, Workbooks"
Male,Elementary,Medium,Intermediate,Low,32,69,8.3,Yes,Basic,ICSE,23.54,"Textbooks, Workbooks"
Female,Elementary,Low,Intermediate,Low,66,63,5.2,Yes,Fluent,State Board,37.73,"Textbooks, Workbooks"
Male,High School,High,Intermediate,Medium,32,84,6.6,Yes,Intermediate,ICSE,33.37,"Textbooks, Workbooks"
Male,Elementary,Low,Advanced,High,47,61,7.2,Yes,Basic,ICSE,28.37,"Textbooks, Workbooks"
Female,High School,Low,Intermediate,Medium,71,97,4.8,Yes,Basic,IB,43.6,"Textbooks, Workbooks"
Male,Elementary,Medium,Advanced,Low,38,78,2.6,Yes,Basic,State Board,31.29,"Textbooks, Workbooks"
Female,High School,Medium,Intermediate,Medium,86,83,4.8,No,Basic,CBSE,48.7,"Textbooks, Workbooks"
Female,High School,Low,Advanced,Low,53,67,9.5,No,Basic,State Board,34.72,"Textbooks, Workbooks"
Male,High School,Low,Beginner,High,36,65,8.4,Yes,Basic,ICSE,25.93,"Textbooks, Workbooks"
Female,Elementary,Medium,Advanced,Medium,71,79,4.7,Yes,Basic,ICSE,35.94,"Textbooks, Workbooks"
Female,Elementary,Medium,Beginner,High,87,73,2.3,Yes,Fluent,State Board,42.8,"Textbooks, Workbooks"
Male,Elementary,Medium,Advanced,Medium,85,99,8.9,Yes,Intermediate,ICSE,54.13,"Educational Apps, Science Kits"
Female,High School,Medium,Advanced,High,87,65,6.4,Yes,Intermediate,ICSE,44.83,"Textbooks, Workbooks"
Male,Elementary,Medium,Beginner,Low,47,71,4.0,Yes,Intermediate,ICSE,27.52,"Textbooks, Workbooks"
Male,Elementary,High,Advanced,Low,68,66,1.1,No,Basic,IB,36.76,"Textbooks, Workbooks"
Male,Elementary,Medium,Advanced,Low,79,89,7.5,No,Basic,ICSE,46.9,"Textbooks, Workbooks"
Male,Elementary,Low,Intermediate,Medium,62,75,3.2,Yes,Intermediate,ICSE,32.04,"Textbooks, Workbooks"
Female,High School,Medium,Beginner,Medium,57,67,6.1,Yes,Fluent,ICSE,30.45,"Textbooks, Workbooks"
Male,High School,High,Beginner,Medium,85,73,5.7,Yes,Basic,ICSE,44.0,"Textbooks, Workbooks"
Male,Elementary,Low,Intermediate,High,54,79,7.0,Yes,Intermediate,ICSE,35.37,"Textbooks, Workbooks"
Female,Elementary,Medium,Intermediate,Low,43,87,5.4,Yes,Intermediate,ICSE,31.79,"Textbooks, Workbooks"
Male,Elementary,Low,Beginner,Medium,84,65,6.3,Yes,Intermediate,ICSE,50.6,"Educational Apps, Science Kits"
Male,High School,Low,Beginner,High,36,89,0.8,Yes,Intermediate,CBSE,29.17,"Textbooks, Workbooks"
Female,Elementary,Medium,Beginner,Medium,33,63,6.7,Yes,Fluent,State Board,28.04,"Textbooks, Workbooks"
Female,High School,Medium,Intermediate,High,59,95,1.9,Yes,Basic,CBSE,34.87,"Textbooks, Workbooks"
Female,High School,High,Intermediate,Medium,91,62,3.9,No,Fluent,ICSE,45.79,"Textbooks, Workbooks"
Female,Elementary,Medium,Advanced,Medium,86,69,5.1,Yes,Fluent,State Board,42.41,"Textbooks, Workbooks"
Female,Elementary,Medium,Intermediate,Low,66,97,6.9,No,Basic,CBSE,51.82,"Educational Apps, Science Kits"
Female,Elementary,Medium,Advanced,High,84,86,7.4,Yes,Fluent,State Board,54.83,"Educational Apps, Science Kits"
Female,High School,Medium,Advanced,High,94,77,7.0,Yes,Basic,ICSE,44.6,"Textbooks, Workbooks"
Male,High School,Low,Intermediate,High,81,70,1.0,No,Basic,State Board,35.66,"Textbooks, Workbooks"
Female,Elementary,High,Intermediate,Medium,32,95,3.9,Yes,Intermediate,State Board,36.42,"Textbooks, Workbooks"
Female,High School,High,Intermediate,High,36,99,2.8,No,Fluent,State Board,29.88,"Textbooks, Workbooks"
Female,Elementary,Low,Intermediate,Medium,99,94,4.0,Yes,Fluent,State Board,53.7,"Educational Apps, Science Kits"
Male,Elementary,Low,Beginner,Medium,99,72,6.5,No,Basic,ICSE,48.64,"Textbooks, Workbooks"
Male,High School,Low,Intermediate,High,63,82,1.9,Yes,Intermediate,IB,24.69,"Textbooks, Workbooks"
Female,High School,Medium,Advanced,Low,45,68,5.0,Yes,Intermediate,IB,25.62,"Textbooks, Workbooks"
Female,High School,Medium,Advanced,Low,37,63,8.8,Yes,Intermediate,State Board,31.55,"Textbooks, Workbooks"
Female,High School,High,Beginner,Medium,50,99,7.3,Yes,Basic,ICSE,39.05,"Textbooks, Workbooks"
Male,Elementary,High,Beginner,High,40,90,7.3,Yes,Basic,ICSE,33.14,"Textbooks, Workbooks"
Male,Elementary,Medium,Intermediate,Medium,79,62,8.5,Yes,Fluent,IB,43.58,"Textbooks, Workbooks"
Female,Elementary,Medium,Beginner,Medium,35,95,4.0,Yes,Fluent,ICSE,25.8,"Textbooks, Workbooks"
Male,High School,Medium,Intermediate,High,44,76,7.6,Yes,Basic,State Board,28.02,"Textbooks, Workbooks"
Female,Elementary,Medium,Intermediate,Medium,40,75,0.6,Yes,Fluent,State Board,18.22,"Textbooks, Workbooks"
Male,High School,Medium,Beginner,Low,56,98,0.6,No,Fluent,IB,35.87,"Textbooks, Workbooks"
Male,High School,Medium,Beginner,Medium,74,61,3.3,Yes,Fluent,ICSE,41.66,"Textbooks, Workbooks"
Female,High School,Medium,Advanced,High,67,64,2.0,Yes,Basic,State Board,38.42,"Textbooks, Workbooks"
Female,Elementary,Medium,Beginner,Low,33,92,5.2,Yes,Basic,IB,35.18,"Textbooks, Workbooks"
Female,High School,Medium,Beginner,Medium,74,72,1.8,Yes,Basic,CBSE,29.84,"Textbooks, Workbooks"
Female,High School,High,Beginner,Low,39,71,9.8,Yes,Basic,IB,31.07,"Textbooks, Workbooks"
Male,High School,Medium,Advanced,Medium,83,78,8.5,No,Fluent,ICSE,49.75,"Textbooks, Workbooks"
Male,High School,Medium,Intermediate,Low,58,81,9.8,Yes,Fluent,CBSE,41.13,"Textbooks, Workbooks"
Male,High School,Medium,Advanced,Medium,41,99,8.1,Yes,Basic,State Board,35.29,"Textbooks, Workbooks"
Female,High School,Medium,Beginner,Medium,85,67,9.5,No,Fluent,ICSE,50.91,"Educational Apps, Science Kits"
Male,High School,Medium,Beginner,High,69,63,3.7,No,Fluent,State Board,44.23,"Textbooks, Workbooks"
Female,High School,Low,Beginner,High,66,66,5.0,No,Fluent,IB,30.25,"Textbooks, Workbooks"
Male,High School,Medium,Intermediate,High,95,81,2.4,No,Fluent,ICSE,53.39,"Educational Apps, Science Kits"
Female,High School,Medium,Advanced,Medium,49,77,6.4,Yes,Intermediate,CBSE,32.97,"Textbooks, Workbooks"
Female,High School,High,Advanced,Low,41,65,7.9,Yes,Intermediate,CBSE,31.59,"Textbooks, Workbooks"
Male,High School,Medium,Intermediate,Low,67,63,5.0,Yes,Basic,State Board,36.23,"Textbooks, Workbooks"
Female,Elementary,Medium,Advanced,High,59,71,3.0,Yes,Basic,State Board,29.15,"Textbooks, Workbooks"
Female,Elementary,Medium,Intermediate,Medium,76,96,5.1,Yes,Fluent,IB,46.27,"Textbooks, Workbooks"
Male,High School,Low,Intermediate,High,71,61,0.6,No,Intermediate,State Board,36.44,"Textbooks, Workbooks"
Female,High School,High,Advanced,Low,34,62,7.2,Yes,Basic,ICSE,25.12,"Textbooks, Workbooks"
Female,High School,Medium,Advanced,Low,77,80,4.5,Yes,Basic,CBSE,33.99,"Textbooks, Workbooks"
Female,Elementary,Medium,Intermediate,Medium,80,98,9.0,Yes,Intermediate,ICSE,51.11,"Educational Apps, Science Kits"
Male,Elementary,Medium,Advanced,Medium,41,72,9.2,Yes,Basic,IB,38.31,"Textbooks, Workbooks"
Male,Elementary,Medium,Intermediate,Low,39,73,1.3,Yes,Basic,CBSE,25.81,"Textbooks, Workbooks"
Female,High School,High,Advanced,Medium,66,89,10.0,No,Intermediate,State Board,42.79,"Textbooks, Workbooks"
Male,High School,Medium,Advanced,Medium,95,77,9.7,No,Fluent,CBSE,56.04,"Educational Apps, Science Kits"
Female,High School,Medium,Advanced,Medium,96,72,6.3,Yes,Intermediate,IB,48.28,"Textbooks, Workbooks"
Female,High School,High,Advanced,Low,43,73,8.3,Yes,Basic,State Board,31.76,"Textbooks, Workbooks"
Female,Elementary,High,Advanced,High,76,99,0.2,Yes,Intermediate,CBSE,41.26,"Textbooks, Workbooks"
Female,High School,Low,Beginner,Medium,49,84,9.7,Yes,Fluent,CBSE,36.76,"Textbooks, Workbooks"
Female,Elementary,Low,Beginner,Medium,81,96,4.6,Yes,Basic,CBSE,46.31,"Textbooks, Workbooks"
Male,Elementary,Low,Advanced,Medium,97,86,9.1,Yes,Basic,State Board,55.58,"Educational Apps, Science Kits"
Female,High School,Medium,Advanced,High,55,82,3.9,Yes,Basic,IB,40.16,"Textbooks, Workbooks"
Male,Elementary,High,Advanced,Medium,76,66,7.9,No,Fluent,CBSE,33.82,"Textbooks, Workbooks"
Male,Elementary,Medium,Intermediate,High,32,69,4.2,Yes,Basic,ICSE,23.68,"Textbooks, Workbooks"
Female,Elementary,Medium,Beginner,Medium,31,84,3.6,Yes,Basic,State Board,33.07,"Textbooks, Workbooks"
Female,Elementary,High,Intermediate,Low,70,94,9.5,No,Fluent,State Board,45.28,"Textbooks, Workbooks"
Male,High School,Medium,Beginner,Medium,59,83,7.0,Yes,Intermediate,CBSE,43.96,"Textbooks, Workbooks"
Male,High School,Medium,Beginner,Medium,66,70,8.4,No,Fluent,CBSE,41.46,"Textbooks, Workbooks"
Male,Elementary,High,Advanced,Medium,32,79,5.4,No,Intermediate,CBSE,34.11,"Textbooks, Workbooks"
Female,High School,High,Advanced,Medium,38,69,9.2,Yes,Basic,IB,33.05,"Textbooks, Workbooks"
Male,Elementary,High,Intermediate,Low,37,80,7.4,Yes,Fluent,State Board,36.75,"Textbooks, Workbooks"
Female,High School,Medium,Intermediate,Medium,38,87,0.7,Yes,Fluent,ICSE,29.07,"Textbooks, Workbooks"
Female,High School,High,Advanced,High,46,87,7.7,No,Intermediate,IB,40.9,"Textbooks, Workbooks"
Female,High School,Low,Advanced,Medium,53,86,0.2,Yes,Fluent,IB,39.46,"Textbooks, Workbooks"
Male,High School,Medium,Beginner,Medium,43,92,8.3,Yes,Intermediate,State Board,39.43,"Textbooks, Workbooks"
Female,High School,High,Beginner,High,83,63,3.3,Yes,Intermediate,CBSE,44.88,"Textbooks, Workbooks"
Female,Elementary,Medium,Advanced,Medium,47,94,6.0,Yes,Intermediate,IB,33.8,"Textbooks, Workbooks"
Female,High School,High,Beginner,Low,68,79,7.5,Yes,Fluent,CBSE,42.09,"Textbooks, Workbooks"
Female,Elementary,Medium,Intermediate,High,76,65,6.4,Yes,Basic,State Board,36.11,"Textbooks, Workbooks"
Female,Elementary,Low,Beginner,Low,56,65,6.7,Yes,Fluent,ICSE,37.21,"Textbooks, Workbooks"
Male,High School,High,Advanced,High,63,76,8.9,Yes,Intermediate,ICSE,44.54,"Textbooks, Workbooks"
Female,Elementary,Low,Beginner,Low,48,78,3.7,No,Basic,ICSE,27.34,"Textbooks, Workbooks"
Female,High School,Medium,Advanced,Low,35,76,5.5,Yes,Fluent,CBSE,36.26,"Textbooks, Workbooks"
Male,Elementary,Low,Beginner,Low,59,62,1.7,Yes,Basic,IB,29.83,"Textbooks, Workbooks"
Female,Elementary,High,Intermediate,Medium,41,93,4.7,Yes,Basic,ICSE,37.17,"Textbooks, Workbooks"
Male,High School,Medium,Intermediate,Low,44,63,1.5,Yes,Basic,IB,25.23,"Textbooks, Workbooks"
Female,High School,Medium,Advanced,Low,68,82,6.3,No,Intermediate,ICSE,40.61,"Textbooks, Workbooks"
Male,High School,Low,Advanced,High,93,77,3.2,Yes,Intermediate,CBSE,34.99,"Textbooks, Workbooks"
Male,High School,High,Advanced,High,93,93,8.6,Yes,Basic,CBSE,53.71,"Educational Apps, Science Kits"
Female,Elementary,High,Beginner,High,44,88,3.4,Yes,Basic,CBSE,27.67,"Textbooks, Workbooks"
Female,High School,High,Beginner,High,87,74,2.9,Yes,Intermediate,ICSE,47.0,"Textbooks, Workbooks"
Female,Elementary,Medium,Beginner,Medium,96,70,4.9,Yes,Intermediate,IB,44.53,"Textbooks, Workbooks"
Male,Elementary,Medium,Intermediate,High,30,98,1.8,Yes,Intermediate,CBSE,25.26,"Textbooks, Workbooks"
Male,Elementary,Low,Advanced,Medium,36,68,2.0,Yes,Intermediate,IB,24.97,"Textbooks, Workbooks"
Male,Elementary,Medium,Beginner,Medium,38,94,7.8,Yes,Intermediate,IB,38.55,"Textbooks, Workbooks"
Female,Elementary,Medium,Intermediate,High,30,69,5.0,Yes,Intermediate,ICSE,26.31,"Textbooks, Workbooks"
Male,Elementary,High,Advanced,Low,34,99,2.1,No,Fluent,IB,28.0,"Textbooks, Workbooks"
Male,High School,High,Intermediate,High,76,97,0.3,Yes,Intermediate,CBSE,44.02,"Textbooks, Workbooks"
Female,Elementary,Medium,Advanced,Medium,39,88,4.7,Yes,Basic,State Board,33.04,"Textbooks, Workbooks"
Male,Elementary,Low,Beginner,Low,31,65,7.4,Yes,Fluent,State Board,25.53,"Textbooks, Workbooks"
Male,Elementary,High,Intermediate,Low,52,78,3.5,Yes,Intermediate,CBSE,23.89,"Textbooks, Workbooks"
Female,High School,Low,Intermediate,Low,85,85,2.5,No,Intermediate,IB,50.26,"Educational Apps, Science Kits"
Male,High School,Low,Intermediate,High,48,68,4.0,No,Intermediate,State Board,28.17,"Textbooks, Workbooks"
Female,Elementary,Medium,Advanced,High,67,72,9.6,Yes,Intermediate,State Board,45.46,"Textbooks, Workbooks"
Female,High School,Medium,Advanced,Medium,76,85,4.2,Yes,Basic,CBSE,45.26,"Textbooks, Workbooks"
Female,Elementary,High,Intermediate,Low,81,79,2.6,Yes,Basic,State Board,36.77,"Textbooks, Workbooks"
Female,High School,Medium,Advanced,Low,78,61,5.7,Yes,Fluent,ICSE,38.72,"Textbooks, Workbooks"
Female,Elementary,Low,Intermediate,High,52,63,8.1,Yes,Basic,CBSE,27.77,"Textbooks, Workbooks"
Male,High School,Medium,Beginner,Low,79,66,0.2,No,Intermediate,IB,31.58,"Textbooks, Workbooks"
Male,High School,High,Intermediate,High,46,78,5.6,No,Intermediate,State Board,32.09,"Textbooks, Workbooks"
Female,High School,Medium,Intermediate,Medium,77,94,8.4,Yes,Fluent,IB,50.28,"Educational Apps, Science Kits"
Female,Elementary,Medium,Advanced,High,31,70,2.2,Yes,Fluent,IB,29.46,"Textbooks, Workbooks"
Male,Elementary,High,Advanced,Medium,98,78,9.2,Yes,Intermediate,IB,53.0,"Educational Apps, Science Kits"
Female,Elementary,High,Advanced,Medium,91,91,5.8,No,Basic,ICSE,45.41,"Textbooks, Workbooks"
Female,High School,High,Beginner,Medium,42,73,5.2,Yes,Fluent,State Board,30.77,"Textbooks, Workbooks"
Female,High School,High,Beginner,High,90,64,9.6,Yes,Fluent,State Board,48.44,"Textbooks, Workbooks"
Male,Elementary,Low,Beginner,High,40,84,1.3,Yes,Basic,State Board,28.08,"Textbooks, Workbooks"
Male,High School,Medium,Advanced,Medium,56,73,7.4,Yes,Fluent,IB,37.8,"Textbooks, Workbooks"
Female,Elementary,Medium,Intermediate,Medium,64,98,8.2,Yes,Basic,CBSE,53.26,"Educational Apps, Science Kits"
Female,Elementary,Medium,Intermediate,High,47,71,4.9,Yes,Intermediate,State Board,33.97,"Textbooks, Workbooks"
Male,Elementary,High,Intermediate,High,97,79,0.1,No,Basic,State Board,39.39,"Textbooks, Workbooks"
Male,Elementary,High,Advanced,Medium,90,77,5.2,Yes,Fluent,ICSE,47.61,"Textbooks, Workbooks"
Female,High School,High,Advanced,Low,70,60,1.5,Yes,Intermediate,CBSE,28.1,"Textbooks, Workbooks"
Female,High School,Low,Beginner,Low,72,63,5.6,No,Fluent,State Board,41.35,"Textbooks, Workbooks"
Male,High School,High,Advanced,High,78,71,7.4,No,Basic,IB,44.09,"Textbooks, Workbooks"
Male,Elementary,High,Intermediate,Low,40,85,5.3,Yes,Fluent,ICSE,26.64,"Textbooks, Workbooks"
Male,High School,Low,Beginner,Low,96,91,6.3,Yes,Fluent,ICSE,51.25,"Educational Apps, Science Kits"
Female,Elementary,High,Beginner,Low,80,96,1.0,Yes,Basic,CBSE,43.18,"Textbooks, Workbooks"
Male,Elementary,Medium,Advanced,Medium,81,74,1.0,Yes,Intermediate,State Board,47.86,"Textbooks, Workbooks"
Female,Elementary,Low,Beginner,Medium,72,94,8.5,No,Intermediate,State Board,40.17,"Textbooks, Workbooks"
Male,Elementary,Medium,Beginner,Low,87,85,0.5,Yes,Fluent,State Board,44.13,"Textbooks, Workbooks"
Male,Elementary,Medium,Advanced,Low,99,74,2.8,Yes,Basic,CBSE,48.45,"Textbooks, Workbooks"
Male,Elementary,Low,Beginner,High,58,67,9.4,Yes,Fluent,IB,37.03,"Textbooks, Workbooks"
Male,High School,Medium,Intermediate,High,60,87,4.6,Yes,Intermediate,ICSE,37.0,"Textbooks, Workbooks"
Female,High School,High,Advanced,Low,57,89,6.7,Yes,Basic,State Board,35.24,"Textbooks, Workbooks"
Female,High School,Medium,Intermediate,Low,79,62,2.2,Yes,Fluent,State Board,40.11,"Textbooks, Workbooks"
Male,High School,High,Intermediate,Medium,65,65,2.7,Yes,Fluent,State Board,32.89,"Textbooks, Workbooks"
Female,Elementary,Medium,Intermediate,High,48,90,5.1,Yes,Basic,IB,32.82,"Textbooks, Workbooks"
Male,Elementary,Low,Intermediate,High,96,85,6.4,Yes,Fluent,ICSE,54.93,"Educational Apps, Science Kits"
Male,High School,Medium,Beginner,High,41,67,9.6,Yes,Intermediate,State Board,35.92,"Textbooks, Workbooks"
Male,High School,Medium,Beginner,High,53,98,5.7,Yes,Basic,CBSE,43.72,"Textbooks, Workbooks"
Male,High School,Medium,Advanced,Low,94,88,1.0,Yes,Fluent,State Board,44.61,"Textbooks, Workbooks"
Female,High School,Low,Advanced,Low,50,76,3.7,Yes,Intermediate,IB,39.29,"Textbooks, Workbooks"
Male,High School,Medium,Intermediate,Medium,55,75,2.4,No,Intermediate,State Board,28.67,"Textbooks, Workbooks"
Male,High School,Medium,Intermediate,High,64,63,2.5,Yes,Intermediate,ICSE,31.69,"Textbooks, Workbooks"
Female,High School,High,Advanced,Medium,87,69,5.1,Yes,Fluent,CBSE,36.73,"Textbooks, Workbooks"
Male,High School,Low,Advanced,High,71,75,3.2,Yes,Fluent,CBSE,33.22,"Textbooks, Workbooks"
Male,Elementary,Medium,Advanced,High,58,78,2.9,Yes,Basic,IB,40.09,"Textbooks, Workbooks"
Male,Elementary,Low,Advanced,High,58,98,9.7,Yes,Basic,IB,39.89,"Textbooks, Workbooks"
Female,Elementary,Medium,Intermediate,Low,38,72,5.8,Yes,Basic,ICSE,31.21,"Textbooks, Workbooks"
Male,Elementary,Low,Advanced,Low,31,63,2.6,Yes,Basic,State Board,15.63,"Textbooks, Workbooks"
Female,High School,High,Beginner,High,31,91,2.8,Yes,Basic,IB,27.31,"Textbooks, Workbooks"
Male,Elementary,High,Intermediate,Low,47,77,8.1,No,Intermediate,CBSE,22.94,"Textbooks, Workbooks"
Male,High School,Medium,Beginner,Low,98,75,8.9,No,Basic,IB,49.23,"Textbooks, Workbooks"
Female,Elementary,Low,Advanced,High,86,84,6.8,Yes,Intermediate,State Board,50.45,"Educational Apps, Science Kits"
Male,High School,Medium,Beginner,High,52,75,4.3,Yes,Fluent,State Board,37.13,"Textbooks, Workbooks"
Male,High School,High,Advanced,Low,48,81,7.6,Yes,Basic,State Board,37.92,"Textbooks, Workbooks"
Female,Elementary,Low,Beginner,High,48,83,9.4,No,Intermediate,State Board,45.6,"Textbooks, Workbooks"
Female,Elementary,Medium,Intermediate,Low,87,87,1.7,Yes,Fluent,IB,43.75,"Textbooks, Workbooks"
Female,High School,High,Beginner,Low,78,82,8.6,Yes,Basic,State Board,48.2,"Textbooks, Workbooks"
Female,High School,High,Intermediate,Medium,74,80,8.5,Yes,Basic,State Board,45.35,"Textbooks, Workbooks"
Female,High School,High,Beginner,High,57,68,3.7,Yes,Fluent,ICSE,38.14,"Textbooks, Workbooks"
Male,Elementary,High,Beginner,Low,79,61,2.9,Yes,Basic,ICSE,40.62,"Textbooks, Workbooks"
Female,Elementary,High,Intermediate,Medium,40,97,5.7,Yes,Fluent,CBSE,34.7,"Textbooks, Workbooks"
Male,High School,Medium,Intermediate,Low,84,87,2.7,Yes,Basic,State Board,52.35,"Educational Apps, Science Kits"
Male,Elementary,Medium,Advanced,High,38,85,1.5,Yes,Fluent,CBSE,24.67,"Textbooks, Workbooks"
Male,High School,High,Intermediate,Medium,43,86,9.5,Yes,Intermediate,IB,39.76,"Textbooks, Workbooks"
Female,Elementary,Medium,Intermediate,Medium,50,84,4.9,Yes,Intermediate,ICSE,34.91,"Textbooks, Workbooks"
Female,Elementary,High,Advanced,Low,77,80,4.7,Yes,Fluent,ICSE,35.87,"Textbooks, Workbooks"
Male,Elementary,Low,Intermediate,Medium,87,97,1.3,Yes,Fluent,State Board,45.89,"Textbooks, Workbooks"
Female,Elementary,Medium,Intermediate,Medium,98,84,5.0,Yes,Intermediate,CBSE,54.38,"Educational Apps, Science Kits"
Female,Elementary,Medium,Beginner,High,38,97,7.4,Yes,Intermediate,ICSE,34.85,"Textbooks, Workbooks"
Female,High School,Medium,Advanced,Low,96,70,2.5,Yes,Intermediate,IB,40.85,"Textbooks, Workbooks"
Female,High School,Medium,Advanced,High,47,87,3.7,Yes,Intermediate,ICSE,33.26,"Textbooks, Workbooks"
Male,Elementary,High,Beginner,Medium,41,95,1.8,Yes,Basic,CBSE,21.66,"Textbooks, Workbooks"
Male,High School,Low,Advanced,Low,45,63,3.6,Yes,Intermediate,ICSE,31.96,"Textbooks, Workbooks"
Female,High School,High,Beginner,Medium,66,78,8.6,Yes,Intermediate,ICSE,36.99,"Textbooks, Workbooks"
Male,Elementary,Medium,Intermediate,Medium,49,83,2.4,No,Basic,CBSE,35.16,"Textbooks, Workbooks"
Female,High School,Medium,Advanced,High,49,81,0.3,Yes,Basic,IB,30.87,"Textbooks, Workbooks"
Female,Elementary,Medium,Intermediate,High,44,84,5.4,Yes,Basic,State Board,24.75,"Textbooks, Workbooks"
Male,High School,Medium,Advanced,Medium,54,67,5.8,Yes,Intermediate,IB,32.96,"Textbooks, Workbooks"
Male,High School,High,Intermediate,Low,46,79,3.3,Yes,Fluent,CBSE,29.88,"Textbooks, Workbooks"
Male,High School,High,Advanced,Low,41,60,6.4,Yes,Intermediate,State Board,25.37,"Textbooks, Workbooks"
Female,High School,High,Advanced,Medium,71,63,0.4,Yes,Fluent,ICSE,37.69,"Textbooks, Workbooks"
Male,High School,High,Intermediate,High,68,71,3.4,Yes,Basic,ICSE,28.63,"Textbooks, Workbooks"
Female,High School,Medium,Beginner,High,85,84,1.4,Yes,Basic,CBSE,38.53,"Textbooks, Workbooks"
Male,High School,High,Advanced,Low,82,80,2.3,Yes,Basic,IB,41.81,"Textbooks, Workbooks"
Male,Elementary,High,Beginner,Low,76,78,3.8,Yes,Intermediate,IB,48.77,"Textbooks, Workbooks"
Female,Elementary,High,Beginner,Medium,54,93,4.9,Yes,Fluent,IB,42.24,"Textbooks, Workbooks"
Female,Elementary,Low,Beginner,High,79,65,0.9,Yes,Intermediate,State Board,35.84,"Textbooks, Workbooks"
Female,Elementary,High,Beginner,Medium,62,94,1.0,Yes,Intermediate,IB,34.24,"Textbooks, Workbooks"
Female,High School,Medium,Beginner,Medium,58,62,6.7,Yes,Basic,IB,40.83,"Textbooks, Workbooks"
Female,High School,High,Beginner,Medium,32,92,4.0,Yes,Basic,IB,33.16,"Textbooks, Workbooks"
Female,High School,Low,Advanced,Low,68,68,1.8,Yes,Basic,State Board,34.71,"Textbooks, Workbooks"
Female,Elementary,Medium,Beginner,Medium,33,66,2.3,Yes,Basic,IB,27.68,"Textbooks, Workbooks"
Female,Elementary,Medium,Advanced,High,66,86,7.2,Yes,Basic,State Board,46.94,"Textbooks, Workbooks"
Male,Elementary,Medium,Advanced,High,35,60,0.5,Yes,Basic,State Board,19.71,"Textbooks, Workbooks"
Female,High School,Low,Advanced,Medium,39,99,5.1,No,Intermediate,CBSE,35.01,"Textbooks, Workbooks"
Female,Elementary,High,Intermediate,Low,41,77,3.6,Yes,Intermediate,ICSE,22.24,"Textbooks, Workbooks"
Male,High School,Low,Beginner,Medium,95,94,8.1,Yes,Fluent,IB,56.29,"Educational Apps, Science Kits"
Female,Elementary,Medium,Intermediate,High,32,76,7.9,Yes,Intermediate,ICSE,30.83,"Textbooks, Workbooks"
Male,High School,Low,Beginner,Low,94,98,6.9,Yes,Basic,State Board,51.77,"Educational Apps, Science Kits"
Male,Elementary,Medium,Intermediate,High,93,70,3.8,No,Basic,State Board,41.31,"Textbooks, Workbooks"
Female,High School,Medium,Advanced,High,64,96,6.3,Yes,Fluent,CBSE,37.93,"Textbooks, Workbooks"
Male,Elementary,Medium,Intermediate,Medium,53,70,6.4,No,Basic,State Board,40.49,"Textbooks, Workbooks"
Female,Elementary,Medium,Advanced,Medium,76,62,3.3,Yes,Fluent,CBSE,43.31,"Textbooks, Workbooks"
Male,High School,Medium,Intermediate,High,81,72,8.8,Yes,Fluent,ICSE,57.27,"Educational Apps, Science Kits"
Male,High School,Low,Beginner,Medium,63,87,9.8,Yes,Basic,State Board,38.64,"Textbooks, Workbooks"
Male,Elementary,Low,Beginner,Low,54,97,3.1,Yes,Intermediate,CBSE,37.54,"Textbooks, Workbooks"
Female,High School,Medium,Intermediate,Low,98,93,8.0,Yes,Intermediate,State Board,52.62,"Educational Apps, Science Kits"
Female,Elementary,High,Intermediate,Low,58,87,5.0,Yes,Intermediate,CBSE,32.91,"Textbooks, Workbooks"
Male,High School,Medium,Beginner,High,93,61,4.6,Yes,Fluent,CBSE,46.68,"Textbooks, Workbooks"
Male,Elementary,Medium,Intermediate,Medium,82,61,3.9,Yes,Intermediate,ICSE,47.73,"Textbooks, Workbooks"
Female,High School,Medium,Intermediate,Medium,87,96,2.9,Yes,Fluent,IB,48.04,"Textbooks, Workbooks"
Female,Elementary,Medium,Beginner,High,70,75,9.2,Yes,Fluent,ICSE,46.14,"Textbooks, Workbooks"
Male,Elementary,Low,Advanced,Medium,80,67,7.4,No,Basic,State Board,50.4,"Educational Apps, Science Kits"
Male,Elementary,Low,Beginner,High,47,99,4.4,Yes,Basic,IB,34.18,"Textbooks, Workbooks"
Female,High School,Medium,Beginner,Medium,70,70,7.5,No,Intermediate,State Board,38.14,"Textbooks, Workbooks"
Female,Elementary,Medium,Intermediate,Medium,90,74,7.2,Yes,Basic,ICSE,53.93,"Educational Apps, Science Kits"
Female,High School,Low,Beginner,Medium,53,63,2.7,Yes,Intermediate,State Board,28.59,"Textbooks, Workbooks"
Female,High School,Medium,Beginner,High,76,82,1.8,Yes,Fluent,IB,47.57,"Textbooks, Workbooks"
Female,High School,High,Intermediate,High,57,67,8.4,Yes,Basic,CBSE,38.5,"Textbooks, Workbooks"
Male,Elementary,Medium,Intermediate,Low,65,75,8.1,Yes,Intermediate,CBSE,41.74,"Textbooks, Workbooks"
Female,High School,Medium,Advanced,High,50,75,10.0,Yes,Basic,State Board,40.33,"Textbooks, Workbooks"
Male,High School,High,Beginner,High,85,83,0.2,No,Basic,ICSE,40.06,"Textbooks, Workbooks"
Female,High School,High,Advanced,Low,98,69,5.4,No,Fluent,IB,47.01,"Textbooks, Workbooks"
Male,Elementary,Medium,Advanced,Low,55,93,7.0,Yes,Basic,State Board,35.82,"Textbooks, Workbooks"
Female,High School,High,Advanced,Medium,83,77,5.8,Yes,Intermediate,CBSE,41.47,"Textbooks, Workbooks"
Female,High School,Low,Advanced,Medium,73,75,7.1,Yes,Basic,State Board,38.96,"Textbooks, Workbooks"
Male,High School,Medium,Beginner,Medium,62,95,1.4,Yes,Fluent,CBSE,39.48,"Textbooks, Workbooks"
Male,High School,Medium,Beginner,Low,55,67,0.0,Yes,Fluent,State Board,29.19,"Textbooks, Workbooks"
Female,Elementary,Low,Beginner,Medium,51,79,0.9,Yes,Fluent,ICSE,30.88,"Textbooks, Workbooks"
Female,Elementary,Medium,Advanced,Low,49,82,3.8,Yes,Intermediate,ICSE,29.27,"Textbooks, Workbooks"
Female,High School,Low,Intermediate,Low,31,99,3.3,Yes,Fluent,CBSE,35.19,"Textbooks, Workbooks"
Female,High School,Medium,Beginner,Medium,70,73,8.7,Yes,Fluent,ICSE,49.43,"Textbooks, Workbooks"
Female,High School,Medium,Advanced,Medium,83,75,0.8,No,Intermediate,State Board,40.33,"Textbooks, Workbooks"
Male,High School,Medium,Advanced,Medium,86,97,4.4,Yes,Intermediate,CBSE,48.72,"Textbooks, Workbooks"
Male,Elementary,Low,Advanced,High,47,77,9.6,Yes,Intermediate,CBSE,41.2,"Textbooks, Workbooks"
Female,Elementary,Low,Advanced,Low,34,99,5.0,Yes,Intermediate,CBSE,37.37,"Textbooks, Workbooks"
Male,Elementary,Medium,Advanced,Low,75,89,1.3,Yes,Intermediate,ICSE,44.32,"Textbooks, Workbooks"
Male,Elementary,High,Advanced,Low,50,95,2.9,No,Basic,ICSE,39.07,"Textbooks, Workbooks"
Male,High School,Low,Beginner,Medium,51,95,6.3,No,Fluent,IB,33.78,"Textbooks, Workbooks"
Female,High School,Medium,Intermediate,High,32,98,0.1,Yes,Intermediate,State Board,24.03,"Textbooks, Workbooks"
Male,Elementary,High,Beginner,Medium,38,99,9.7,Yes,Fluent,IB,45.5,"Textbooks, Workbooks"
Female,Elementary,Low,Beginner,Medium,31,60,5.7,Yes,Basic,CBSE,25.27,"Textbooks, Workbooks"
Male,High School,High,Advanced,Medium,57,76,7.0,Yes,Basic,State Board,37.44,"Textbooks, Workbooks"
Female,High School,Medium,Beginner,Medium,63,87,5.0,No,Intermediate,ICSE,45.48,"Textbooks, Workbooks"
Male,High School,Medium,Intermediate,Medium,82,66,9.6,Yes,Fluent,IB,43.65,"Textbooks, Workbooks"
Female,High School,Medium,Intermediate,Medium,88,79,5.9,Yes,Fluent,IB,49.44,"Textbooks, Workbooks"
Female,High School,Medium,Advanced,Low,39,83,6.6,Yes,Basic,CBSE,40.4,"Textbooks, Workbooks"
Male,Elementary,Medium,Intermediate,High,31,60,8.6,Yes,Basic,State Board,25.2,"Textbooks, Workbooks"
Female,Elementary,High,Advanced,Medium,77,77,8.6,Yes,Basic,State Board,39.91,"Textbooks, Workbooks"
Female,High School,High,Intermediate,Low,35,85,0.3,Yes,Intermediate,CBSE,22.12,"Textbooks, Workbooks"
Female,High School,Medium,Intermediate,Medium,73,73,2.8,Yes,Intermediate,ICSE,37.03,"Textbooks, Workbooks"
Female,Elementary,High,Beginner,High,83,78,2.5,Yes,Basic,State Board,39.55,"Textbooks, Workbooks"
Female,High School,Medium,Intermediate,Low,65,77,0.1,Yes,Fluent,IB,36.21,"Textbooks, Workbooks"
Female,Elementary,Medium,Advanced,Low,37,66,8.8,No,Intermediate,CBSE,30.84,"Textbooks, Workbooks"
Female,Elementary,Medium,Intermediate,Medium,39,61,3.2,Yes,Fluent,IB,33.3,"Textbooks, Workbooks"
Female,Elementary,High,Intermediate,Medium,62,66,3.5,Yes,Basic,ICSE,34.36,"Textbooks, Workbooks"
Male,Elementary,Medium,Beginner,Low,48,87,1.0,Yes,Intermediate,ICSE,32.89,"Textbooks, Workbooks"
Male,High School,Medium,Advanced,High,47,87,9.9,Yes,Basic,State Board,38.84,"Textbooks, Workbooks"
Female,High School,High,Advanced,Medium,80,76,8.3,No,Intermediate,IB,49.2,"Textbooks, Workbooks"
Female,Elementary,Medium,Advanced,High,52,89,5.7,Yes,Fluent,ICSE,33.73,"Textbooks, Workbooks"
Male,High School,Low,Beginner,Medium,30,80,7.7,No,Basic,CBSE,28.17,"Textbooks, Workbooks"
Male,High School,Medium,Intermediate,High,88,96,7.8,No,Fluent,ICSE,57.28,"Educational Apps, Science Kits"
Male,High School,Medium,Advanced,Medium,32,68,6.6,Yes,Fluent,ICSE,30.61,"Textbooks, Workbooks"
Female,High School,Medium,Intermediate,Low,39,95,1.7,Yes,Fluent,State Board,34.6,"Textbooks, Workbooks"
Male,Elementary,High,Intermediate,High,78,81,7.2,No,Intermediate,CBSE,44.08,"Textbooks, Workbooks"
Female,High School,Medium,Intermediate,Low,85,74,5.7,No,Fluent,ICSE,51.77,"Educational Apps, Science Kits"
Female,Elementary,Medium,Beginner,High,45,73,7.2,Yes,Fluent,IB,30.81,"Textbooks, Workbooks"
Male,Elementary,Medium,Intermediate,Medium,68,86,5.4,No,Intermediate,CBSE,39.24,"Textbooks, Workbooks"
Female,High School,Low,Beginner,High,73,77,9.6,Yes,Basic,CBSE,44.93,"Textbooks, Workbooks"
Female,Elementary,Medium,Beginner,Medium,37,69,6.3,No,Fluent,IB,34.99,"Textbooks, Workbooks"
Female,High School,High,Beginner,High,37,81,5.7,Yes,Intermediate,IB,28.0,"Textbooks, Workbooks"
Female,High School,Medium,Advanced,Low,74,82,8.4,Yes,Basic,State Board,40.03,"Textbooks, Workbooks"
Male,Elementary,Low,Beginner,Medium,40,64,3.8,Yes,Intermediate,CBSE,32.71,"Textbooks, Workbooks"
Male,High School,Medium,Advanced,High,54,84,3.2,Yes,Intermediate,IB,31.87,"Textbooks, Workbooks"
Female,Elementary,Medium,Beginner,High,46,60,5.0,Yes,Intermediate,CBSE,34.34,"Textbooks, Workbooks"
Female,Elementary,High,Beginner,Low,84,83,5.8,No,Basic,CBSE,43.88,"Textbooks, Workbooks"
Male,High School,High,Beginner,Medium,85,92,2.2,Yes,Basic,CBSE,44.7,"Textbooks, Workbooks"
Female,High School,Medium,Beginner,Medium,73,96,6.8,Yes,Fluent,CBSE,52.85,"Educational Apps, Science Kits"
Male,High School,High,Intermediate,Low,82,66,8.0,Yes,Fluent,CBSE,50.72,"Educational Apps, Science Kits"
Female,Elementary,Medium,Intermediate,Medium,64,83,5.8,Yes,Fluent,State Board,46.33,"Textbooks, Workbooks"
Female,High School,Medium,Beginner,High,68,74,5.2,Yes,Fluent,CBSE,37.65,"Textbooks, Workbooks"
Male,Elementary,Medium,Intermediate,Medium,31,70,2.9,Yes,Fluent,CBSE,25.87,"Textbooks, Workbooks"
Male,Elementary,Low,Advanced,Medium,54,76,9.1,No,Basic,State Board,40.44,"Textbooks, Workbooks"
Male,High School,High,Intermediate,High,67,82,7.5,Yes,Intermediate,IB,45.27,"Textbooks, Workbooks"
Male,High School,Low,Intermediate,Low,97,63,4.8,Yes,Fluent,IB,47.14,"Textbooks, Workbooks"
Female,High School,Medium,Intermediate,Medium,61,90,6.6,Yes,Intermediate,State Board,47.28,"Textbooks, Workbooks"
Male,Elementary,High,Beginner,High,70,93,3.4,Yes,Intermediate,IB,36.76,"Textbooks, Workbooks"
Female,High School,Medium,Advanced,High,36,69,0.6,No,Fluent,CBSE,28.87,"Textbooks, Workbooks"
Male,Elementary,High,Beginner,High,47,96,2.0,Yes,Intermediate,IB,34.41,"Textbooks, Workbooks"
Male,High School,Medium,Advanced,High,46,69,0.8,Yes,Intermediate,ICSE,39.96,"Textbooks, Workbooks"
Female,High School,Medium,Beginner,Low,88,70,5.1,Yes,Intermediate,IB,45.16,"Textbooks, Workbooks"
Male,Elementary,High,Intermediate,Medium,40,90,6.2,Yes,Intermediate,State Board,28.81,"Textbooks, Workbooks"
Male,Elementary,Low,Advanced,High,80,69,3.8,Yes,Intermediate,IB,40.73,"Textbooks, Workbooks"
Male,High School,High,Intermediate,Low,36,97,5.3,Yes,Intermediate,IB,28.45,"Textbooks, Workbooks"
Male,High School,Medium,Advanced,Low,56,67,0.9,No,Intermediate,State Board,36.08,"Textbooks, Workbooks"
Female,High School,High,Advanced,High,88,70,7.7,Yes,Intermediate,State Board,46.08,"Textbooks, Workbooks"
Female,High School,Low,Beginner,High,66,79,0.3,Yes,Intermediate,CBSE,35.0,"Textbooks, Workbooks"
Male,High School,Medium,Beginner,Medium,34,83,6.3,No,Intermediate,State Board,30.53,"Textbooks, Workbooks"
Male,Elementary,High,Intermediate,High,91,66,4.3,Yes,Basic,ICSE,41.5,"Textbooks, Workbooks"
Male,Elementary,Medium,Intermediate,High,84,80,1.8,No,Basic,ICSE,39.95,"Textbooks, Workbooks"
Female,Elementary,High,Advanced,High,45,65,5.2,Yes,Basic,State Board,24.49,"Textbooks, Workbooks"
Female,Elementary,High,Advanced,High,85,90,7.8,Yes,Intermediate,ICSE,41.33,"Textbooks, Workbooks"
Female,High School,High,Beginner,Medium,80,71,4.1,Yes,Fluent,CBSE,41.4,"Textbooks, Workbooks"
Female,Elementary,High,Beginner,High,97,96,3.7,No,Fluent,State Board,49.3,"Textbooks, Workbooks"
Male,Elementary,Medium,Beginner,Medium,75,72,1.4,Yes,Basic,IB,34.07,"Textbooks, Workbooks"
Male,Elementary,Low,Beginner,High,90,90,5.9,Yes,Intermediate,CBSE,51.98,"Educational Apps, Science Kits"
Male,High School,Low,Beginner,High,62,68,8.3,Yes,Fluent,ICSE,42.62,"Textbooks, Workbooks"
Female,Elementary,Medium,Advanced,Low,84,86,5.6,Yes,Fluent,CBSE,48.62,"Textbooks, Workbooks"
Male,High School,Low,Advanced,Low,47,76,1.7,Yes,Intermediate,ICSE,30.34,"Textbooks, Workbooks"
Female,Elementary,Medium,Intermediate,Low,41,67,6.6,Yes,Intermediate,ICSE,37.89,"Textbooks, Workbooks"
Female,High School,Low,Advanced,High,50,86,0.3,No,Basic,ICSE,29.6,"Textbooks, Workbooks"
Male,Elementary,Low,Beginner,High,55,99,8.4,No,Intermediate,CBSE,46.19,"Textbooks, Workbooks"
Male,High School,Low,Advanced,Medium,50,74,9.2,Yes,Basic,IB,48.07,"Textbooks, Workbooks"
Male,Elementary,High,Advanced,Medium,51,98,6.0,Yes,Intermediate,IB,42.84,"Textbooks, Workbooks"
Female,High School,Medium,Advanced,High,84,65,8.8,Yes,Intermediate,IB,42.38,"Textbooks, Workbooks"
Female,High School,Medium,Intermediate,Medium,75,91,0.8,No,Fluent,IB,37.21,"Textbooks, Workbooks"
Male,Elementary,High,Intermediate,Low,70,67,2.3,Yes,Intermediate,IB,32.21,"Textbooks, Workbooks"
Male,High School,Low,Advanced,Medium,34,94,3.2,Yes,Basic,ICSE,32.04,"Textbooks, Workbooks"
Female,High School,High,Advanced,High,73,90,7.7,No,Intermediate,IB,42.2,"Textbooks, Workbooks"
Male,Elementary,Medium,Beginner,High,45,85,4.8,Yes,Basic,State Board,33.84,"Textbooks, Workbooks"
Female,Elementary,Low,Intermediate,Medium,64,83,3.5,Yes,Fluent,ICSE,30.41,"Textbooks, Workbooks"
Female,High School,Medium,Beginner,Low,34,61,1.6,Yes,Fluent,IB,30.67,"Textbooks, Workbooks"
Male,Elementary,High,Beginner,Medium,91,60,8.1,Yes,Basic,CBSE,46.12,"Textbooks, Workbooks"
Male,Elementary,Medium,Advanced,High,55,69,0.2,Yes,Basic,CBSE,32.53,"Textbooks, Workbooks"
Male,Elementary,High,Advanced,Medium,90,82,3.4,Yes,Fluent,State Board,44.51,"Textbooks, Workbooks"
Male,High School,Low,Advanced,Medium,80,92,2.4,Yes,Intermediate,ICSE,40.56,"Textbooks, Workbooks"
Female,High School,Medium,Beginner,Low,98,96,1.3,Yes,Intermediate,ICSE,54.96,"Educational Apps, Science Kits"
Female,High School,Low,Beginner,High,85,70,1.7,Yes,Intermediate,ICSE,41.47,"Textbooks, Workbooks"
Female,High School,Medium,Beginner,Low,79,79,4.9,Yes,Intermediate,ICSE,39.21,"Textbooks, Workbooks"
Male,High School,Medium,Advanced,Low,65,85,4.3,Yes,Intermediate,IB,41.41,"Textbooks, Workbooks"
Female,High School,High,Advanced,High,53,61,5.2,Yes,Basic,ICSE,35.6,"Textbooks, Workbooks"
Male,High School,Low,Advanced,High,59,84,7.3,Yes,Basic,ICSE,39.33,"Textbooks, Workbooks"
Male,Elementary,Medium,Beginner,Medium,98,63,8.9,No,Intermediate,CBSE,44.99,"Textbooks, Workbooks"
Male,High School,Medium,Beginner,Medium,77,78,1.2,Yes,Fluent,IB,45.75,"Textbooks, Workbooks"
Male,High School,High,Intermediate,Medium,51,72,0.8,Yes,Fluent,IB,33.61,"Textbooks, Workbooks"
Male,Elementary,High,Advanced,Low,62,78,3.2,Yes,Intermediate,IB,33.1,"Textbooks, Workbooks"
Male,Elementary,High,Beginner,Low,98,72,5.5,Yes,Intermediate,State Board,47.79,"Textbooks, Workbooks"
Female,Elementary,High,Intermediate,Medium,79,71,1.0,Yes,Basic,IB,39.04,"Textbooks, Workbooks"
Male,High School,High,Beginner,Low,52,61,7.2,Yes,Fluent,CBSE,38.96,"Textbooks, Workbooks"
Female,Elementary,High,Beginner,High,39,96,5.6,Yes,Intermediate,CBSE,35.61,"Textbooks, Workbooks"
Female,High School,High,Advanced,Low,65,82,7.5,Yes,Basic,State Board,46.82,"Textbooks, Workbooks"
Male,High School,Low,Intermediate,Medium,46,78,3.6,Yes,Basic,CBSE,29.98,"Textbooks, Workbooks"
Male,High School,Medium,Beginner,Medium,82,62,4.0,Yes,Intermediate,CBSE,45.56,"Textbooks, Workbooks"
Male,Elementary,Medium,Intermediate,Medium,37,83,8.1,Yes,Intermediate,IB,37.27,"Textbooks, Workbooks"
Female,Elementary,Medium,Intermediate,Medium,73,82,2.7,Yes,Basic,IB,42.73,"Textbooks, Workbooks"
Male,High School,Medium,Advanced,High,90,63,3.8,Yes,Basic,CBSE,36.8,"Textbooks, Workbooks"
Female,High School,Medium,Intermediate,Medium,35,77,0.1,Yes,Basic,IB,27.39,"Textbooks, Workbooks"
Male,High School,High,Advanced,High,66,71,5.6,Yes,Intermediate,CBSE,39.42,"Textbooks, Workbooks"
Male,Elementary,Low,Advanced,Medium,83,94,8.5,No,Basic,ICSE,62.45,"Educational Apps, Science Kits"
Female,High School,High,Advanced,Low,52,86,0.3,Yes,Basic,ICSE,34.37,"Textbooks, Workbooks"
Female,Elementary,High,Intermediate,Medium,86,73,6.1,Yes,Fluent,CBSE,43.03,"Textbooks, Workbooks"
Male,High School,High,Beginner,Medium,80,90,8.5,Yes,Intermediate,IB,51.87,"Educational Apps, Science Kits"
Female,Elementary,High,Advanced,High,87,62,4.9,Yes,Basic,ICSE,41.23,"Textbooks, Workbooks"
Female,High School,High,Beginner,High,48,64,3.1,Yes,Intermediate,ICSE,29.3,"Textbooks, Workbooks"
Female,Elementary,Medium,Intermediate,Low,56,88,10.0,Yes,Fluent,ICSE,35.43,"Textbooks, Workbooks"
Female,Elementary,Medium,Beginner,Low,54,98,0.6,Yes,Basic,State Board,38.2,"Textbooks, Workbooks"
Female,Elementary,Medium,Beginner,Low,50,76,2.1,No,Intermediate,CBSE,25.39,"Textbooks, Workbooks"
Male,Elementary,High,Advanced,High,54,78,8.9,Yes,Fluent,ICSE,39.78,"Textbooks, Workbooks"
Male,Elementary,High,Advanced,Low,80,94,3.0,Yes,Intermediate,IB,43.35,"Textbooks, Workbooks"
Female,Elementary,High,Advanced,Medium,64,92,8.2,Yes,Fluent,CBSE,42.84,"Textbooks, Workbooks"
Male,High School,Low,Intermediate,Medium,99,67,3.3,Yes,Intermediate,CBSE,48.94,"Textbooks, Workbooks"
Male,High School,Medium,Beginner,Medium,79,96,8.1,Yes,Basic,ICSE,43.91,"Textbooks, Workbooks"
Female,High School,Medium,Intermediate,Low,44,94,6.9,Yes,Intermediate,ICSE,40.76,"Textbooks, Workbooks"
Male,High School,Low,Intermediate,Low,53,79,4.7,Yes,Fluent,CBSE,33.24,"Textbooks, Workbooks"
Female,Elementary,Medium,Intermediate,Medium,78,76,5.2,Yes,Basic,IB,48.45,"Textbooks, Workbooks"
Female,High School,Low,Intermediate,Low,97,72,1.8,Yes,Fluent,State Board,41.33,"Textbooks, Workbooks"
Male,Elementary,High,Advanced,Low,36,63,1.2,Yes,Intermediate,CBSE,24.17,"Textbooks, Workbooks"
Female,Elementary,Medium,Beginner,Low,83,89,7.2,Yes,Intermediate,CBSE,48.26,"Textbooks, Workbooks"
Female,Elementary,Medium,Advanced,Medium,67,65,8.5,Yes,Basic,CBSE,45.2,"Textbooks, Workbooks"
Female,High School,High,Advanced,Medium,74,61,7.2,Yes,Intermediate,IB,46.64,"Textbooks, Workbooks"
Female,Elementary,Medium,Intermediate,Low,38,74,9.1,Yes,Fluent,State Board,37.41,"Textbooks, Workbooks"
Female,High School,Low,Advanced,Medium,84,93,8.9,No,Basic,State Board,54.52,"Educational Apps, Science Kits"
Male,High School,Medium,Beginner,Low,81,79,7.8,Yes,Fluent,CBSE,43.91,"Textbooks, Workbooks"
Male,High School,Low,Intermediate,Medium,78,75,9.0,Yes,Basic,ICSE,46.25,"Textbooks, Workbooks"
Female,High School,Low,Advanced,Low,84,88,1.7,Yes,Basic,ICSE,49.38,"Textbooks, Workbooks"
Female,High School,Low,Intermediate,Medium,99,86,7.3,Yes,Basic,IB,51.17,"Educational Apps, Science Kits"
Male,Elementary,Medium,Beginner,Low,32,60,7.5,Yes,Intermediate,ICSE,26.49,"Textbooks, Workbooks"
Female,Elementary,Low,Intermediate,High,97,72,1.5,No,Intermediate,IB,35.61,"Textbooks, Workbooks"
Male,High School,Medium,Advanced,Low,67,99,9.1,Yes,Basic,ICSE,41.87,"Textbooks, Workbooks"
Female,Elementary,High,Advanced,High,99,91,0.1,Yes,Basic,CBSE,47.1,"Textbooks, Workbooks"
Female,High School,Medium,Beginner,High,78,62,4.3,Yes,Intermediate,IB,40.4,"Textbooks, Workbooks"
Female,Elementary,High,Beginner,Medium,37,73,0.2,Yes,Intermediate,ICSE,26.68,"Textbooks, Workbooks"
Female,Elementary,Medium,Intermediate,High,74,87,5.2,Yes,Fluent,CBSE,34.58,"Textbooks, Workbooks"
Female,Elementary,Medium,Advanced,Low,58,85,4.1,Yes,Fluent,IB,46.17,"Textbooks, Workbooks"
Female,Elementary,High,Beginner,Low,78,80,6.2,Yes,Basic,IB,43.46,"Textbooks, Workbooks"
Female,Elementary,Low,Beginner,Low,53,70,7.7,No,Basic,ICSE,34.58,"Textbooks, Workbooks"
Male,Elementary,Low,Advanced,Low,50,86,7.7,Yes,Fluent,ICSE,33.08,"Textbooks, Workbooks"
Male,Elementary,Medium,Beginner,Medium,52,60,7.2,Yes,Basic,CBSE,27.4,"Textbooks, Workbooks"
Male,Elementary,Medium,Beginner,Medium,57,92,1.0,Yes,Fluent,State Board,39.16,"Textbooks, Workbooks"
Female,Elementary,High,Advanced,Low,61,77,4.2,No,Fluent,IB,38.61,"Textbooks, Workbooks"
Female,Elementary,High,Beginner,Medium,51,61,8.2,Yes,Fluent,CBSE,34.48,"Textbooks, Workbooks"
Female,Elementary,Medium,Advanced,Low,91,63,6.5,Yes,Intermediate,CBSE,46.9,"Textbooks, Workbooks"
Female,Elementary,Medium,Advanced,Medium,96,63,6.8,No,Basic,ICSE,49.42,"Textbooks, Workbooks"
Female,Elementary,Medium,Intermediate,High,35,76,2.3,No,Fluent,ICSE,28.39,"Textbooks, Workbooks"
Female,High School,High,Advanced,Medium,94,75,3.3,Yes,Intermediate,State Board,44.15,"Textbooks, Workbooks"
Female,Elementary,High,Beginner,Medium,51,68,9.6,Yes,Intermediate,ICSE,38.88,"Textbooks, Workbooks"
Male,Elementary,High,Intermediate,Medium,80,85,8.5,No,Basic,ICSE,47.62,"Textbooks, Workbooks"
Female,Elementary,Medium,Intermediate,High,97,69,1.6,Yes,Fluent,IB,39.69,"Textbooks, Workbooks"
Male,Elementary,High,Beginner,Low,86,66,5.4,Yes,Basic,CBSE,46.33,"Textbooks, Workbooks"
Male,Elementary,Medium,Intermediate,High,84,68,4.9,Yes,Fluent,IB,38.75,"Textbooks, Workbooks"
Female,Elementary,Medium,Beginner,Medium,71,86,4.4,Yes,Fluent,CBSE,36.83,"Textbooks, Workbooks"
Female,High School,High,Intermediate,Medium,81,91,4.7,Yes,Intermediate,IB,49.89,"Textbooks, Workbooks"
Male,High School,Low,Beginner,High,90,82,6.4,Yes,Fluent,CBSE,45.86,"Textbooks, Workbooks"
Male,High School,High,Advanced,High,48,86,9.7,Yes,Intermediate,IB,33.95,"Textbooks, Workbooks"
Female,Elementary,Low,Advanced,Medium,30,84,8.8,Yes,Fluent,ICSE,28.94,"Textbooks, Workbooks"
Female,Elementary,High,Intermediate,Low,70,88,8.8,Yes,Basic,ICSE,41.72,"Textbooks, Workbooks"
Male,Elementary,Medium,Intermediate,High,92,83,7.0,Yes,Fluent,CBSE,60.19,"Educational Apps, Science Kits"
Female,High School,Medium,Advanced,Medium,77,75,0.2,No,Intermediate,CBSE,38.33,"Textbooks, Workbooks"
Female,Elementary,Medium,Beginner,Medium,61,75,4.4,Yes,Intermediate,CBSE,39.18,"Textbooks, Workbooks"
Female,Elementary,Medium,Intermediate,Low,79,87,5.1,Yes,Intermediate,ICSE,49.99,"Textbooks, Workbooks"
Male,High School,Medium,Advanced,Medium,43,79,8.4,Yes,Intermediate,State Board,35.33,"Textbooks, Workbooks"
Male,High School,Medium,Intermediate,High,46,78,9.2,Yes,Intermediate,CBSE,41.24,"Textbooks, Workbooks"
Male,Elementary,Low,Advanced,Low,59,69,4.5,Yes,Intermediate,CBSE,38.26,"Textbooks, Workbooks"
Female,Elementary,Low,Advanced,High,80,85,3.0,Yes,Basic,ICSE,45.73,"Textbooks, Workbooks"
Female,Elementary,Low,Advanced,Low,91,61,3.4,No,Fluent,IB,44.02,"Textbooks, Workbooks"
Male,Elementary,Medium,Beginner,Low,53,62,5.8,Yes,Basic,CBSE,37.36,"Textbooks, Workbooks"
Male,High School,High,Intermediate,Medium,92,98,2.7,Yes,Basic,CBSE,40.41,"Textbooks, Workbooks"
Male,Elementary,High,Beginner,High,43,61,9.1,No,Basic,CBSE,31.76,"Textbooks, Workbooks"
Female,Elementary,Medium,Beginner,High,63,84,4.2,Yes,Fluent,ICSE,37.49,"Textbooks, Workbooks"
Male,High School,Medium,Advanced,High,88,63,9.9,No,Basic,IB,48.11,"Textbooks, Workbooks"
Male,Elementary,High,Beginner,Low,94,74,1.1,Yes,Intermediate,ICSE,49.3,"Textbooks, Workbooks"
Female,Elementary,Medium,Intermediate,High,62,77,1.9,No,Fluent,State Board,34.6,"Textbooks, Workbooks"
Female,High School,Medium,Intermediate,High,87,66,5.1,Yes,Basic,State Board,40.74,"Textbooks, Workbooks"
Female,High School,Medium,Advanced,Low,47,86,8.7,Yes,Basic,ICSE,27.68,"Textbooks, Workbooks"
Male,Elementary,Low,Advanced,Medium,41,77,3.5,Yes,Fluent,IB,28.89,"Textbooks, Workbooks"
Female,High School,Low,Intermediate,Medium,95,66,8.4,Yes,Fluent,ICSE,53.71,"Educational Apps, Science Kits"
Female,High School,Low,Intermediate,Medium,31,88,4.3,Yes,Intermediate,CBSE,28.11,"Textbooks, Workbooks"
Male,Elementary,Medium,Advanced,High,99,92,8.5,Yes,Intermediate,CBSE,56.32,"Educational Apps, Science Kits"
Female,High School,Low,Beginner,Low,57,61,2.8,Yes,Fluent,ICSE,31.16,"Textbooks, Workbooks"
Male,Elementary,Low,Intermediate,Medium,71,77,4.7,No,Intermediate,IB,43.16,"Textbooks, Workbooks"
Male,Elementary,Medium,Advanced,Low,32,82,2.8,Yes,Intermediate,CBSE,27.96,"Textbooks, Workbooks"
Female,Elementary,Low,Advanced,Medium,77,65,2.2,Yes,Basic,IB,38.16,"Textbooks, Workbooks"
Female,Elementary,Low,Intermediate,High,42,84,4.2,Yes,Intermediate,State Board,25.37,"Textbooks, Workbooks"
Female,High School,High,Advanced,Low,86,78,3.3,No,Basic,State Board,40.98,"Textbooks, Workbooks"
Female,Elementary,Low,Intermediate,Medium,32,67,7.9,Yes,Intermediate,IB,28.96,"Textbooks, Workbooks"
Female,Elementary,Medium,Advanced,High,92,96,7.5,Yes,Basic,State Board,57.67,"Educational Apps, Science Kits"
Female,Elementary,Medium,Advanced,High,67,85,3.6,Yes,Intermediate,CBSE,39.42,"Textbooks, Workbooks"
Male,Elementary,Medium,Beginner,Medium,88,88,9.9,Yes,Intermediate,CBSE,52.88,"Educational Apps, Science Kits"
Male,High School,Medium,Advanced,Low,57,87,9.7,Yes,Intermediate,State Board,39.6,"Textbooks, Workbooks"
Female,High School,Medium,Intermediate,Medium,55,66,9.2,Yes,Basic,CBSE,37.07,"Textbooks, Workbooks"
Male,High School,High,Intermediate,High,94,95,5.9,Yes,Fluent,CBSE,53.29,"Educational Apps, Science Kits"
Female,Elementary,Medium,Beginner,High,90,74,4.1,Yes,Intermediate,CBSE,48.79,"Textbooks, Workbooks"
Male,High School,High,Intermediate,Low,86,92,3.1,Yes,Intermediate,State Board,39.54,"Textbooks, Workbooks"
Male,High School,Medium,Advanced,Medium,30,64,0.2,No,Fluent,State Board,16.85,"Textbooks, Workbooks"
Male,Elementary,High,Beginner,Low,61,88,6.3,No,Basic,ICSE,40.67,"Textbooks, Workbooks"
Female,High School,High,Intermediate,Low,61,76,5.5,Yes,Intermediate,State Board,40.3,"Textbooks, Workbooks"
Male,Elementary,High,Advanced,Medium,56,86,6.3,Yes,Basic,State Board,33.67,"Textbooks, Workbooks"
Female,High School,Medium,Beginner,Low,42,76,5.8,No,Intermediate,ICSE,24.28,"Textbooks, Workbooks"
Male,High School,Medium,Advanced,Low,46,63,1.4,Yes,Basic,ICSE,31.29,"Textbooks, Workbooks"
Male,High School,High,Intermediate,High,57,71,7.0,Yes,Basic,CBSE,36.69,"Textbooks, Workbooks"
Male,High School,High,Intermediate,Medium,81,82,3.6,No,Fluent,IB,43.75,"Textbooks, Workbooks"
Male,Elementary,High,Intermediate,High,65,70,5.2,Yes,Basic,ICSE,36.97,"Textbooks, Workbooks"
Male,Elementary,Medium,Intermediate,Medium,76,95,3.7,No,Intermediate,IB,37.76,"Textbooks, Workbooks"
Female,High School,High,Beginner,High,95,71,0.2,No,Fluent,State Board,47.76,"Textbooks, Workbooks"
Female,Elementary,Medium,Intermediate,Medium,61,68,8.8,Yes,Fluent,CBSE,44.04,"Textbooks, Workbooks"
Male,High School,Medium,Beginner,Low,61,83,1.5,No,Basic,CBSE,38.48,"Textbooks, Workbooks"
Male,High School,Low,Beginner,Medium,99,77,5.8,Yes,Basic,ICSE,45.41,"Textbooks, Workbooks"
Male,High School,Medium,Advanced,Low,84,86,8.8,Yes,Intermediate,IB,47.55,"Textbooks, Workbooks"
Male,High School,High,Intermediate,High,69,68,2.2,Yes,Fluent,IB,27.83,"Textbooks, Workbooks"
Female,High School,Low,Advanced,Medium,57,92,4.1,No,Fluent,IB,41.31,"Textbooks, Workbooks"
Male,High School,Medium,Advanced,Low,60,65,3.8,Yes,Fluent,IB,41.44,"Textbooks, Workbooks"
Female,Elementary,Medium,Advanced,Medium,60,92,0.9,No,Basic,IB,32.65,"Textbooks, Workbooks"
Male,Elementary,Low,Advanced,High,55,99,4.2,Yes,Intermediate,CBSE,44.52,"Textbooks, Workbooks"
Female,High School,Medium,Advanced,Low,33,65,4.8,Yes,Intermediate,IB,26.88,"Textbooks, Workbooks"
Male,Elementary,Medium,Intermediate,Low,87,63,0.3,Yes,Fluent,IB,37.07,"Textbooks, Workbooks"
Male,High School,Low,Advanced,High,52,62,4.9,Yes,Basic,IB,26.0,"Textbooks, Workbooks"
Female,Elementary,High,Beginner,Low,98,72,0.9,Yes,Intermediate,ICSE,40.58,"Textbooks, Workbooks"
Male,Elementary,High,Beginner,Low,89,85,8.9,No,Intermediate,State Board,50.28,"Educational Apps, Science Kits"
Male,Elementary,Medium,Intermediate,Medium,72,93,6.5,Yes,Basic,CBSE,43.68,"Textbooks, Workbooks"
Male,High School,Low,Beginner,Medium,55,72,0.6,Yes,Intermediate,State Board,25.36,"Textbooks, Workbooks"
Female,Elementary,Medium,Advanced,Medium,96,67,8.3,Yes,Fluent,ICSE,55.04,"Educational Apps, Science Kits"
Male,High School,High,Beginner,Medium,97,71,3.6,Yes,Basic,State Board,52.34,"Educational Apps, Science Kits"
Male,High School,Medium,Advanced,High,84,67,2.3,No,Fluent,ICSE,35.46,"Textbooks, Workbooks"
Female,High School,Low,Intermediate,High,76,78,2.5,Yes,Fluent,ICSE,42.84,"Textbooks, Workbooks"
Female,Elementary,Medium,Beginner,High,88,69,6.0,No,Basic,State Board,48.36,"Textbooks, Workbooks"
Female,Elementary,High,Beginner,Medium,45,91,0.8,Yes,Intermediate,ICSE,36.62,"Textbooks, Workbooks"
Male,Elementary,Medium,Beginner,Low,87,80,0.6,Yes,Fluent,ICSE,35.69,"Textbooks, Workbooks"
Male,High School,Medium,Intermediate,High,30,82,6.3,No,Intermediate,CBSE,26.17,"Textbooks, Workbooks"
Male,High School,High,Intermediate,Low,74,86,9.8,No,Intermediate,State Board,41.74,"Textbooks, Workbooks"
Female,Elementary,Medium,Beginner,High,35,84,4.8,Yes,Intermediate,IB,29.48,"Textbooks, Workbooks"
Male,High School,High,Intermediate,Low,81,66,4.1,Yes,Intermediate,ICSE,40.22,"Textbooks, Workbooks"
Male,Elementary,Medium,Advanced,High,48,94,9.5,No,Intermediate,CBSE,36.15,"Textbooks, Workbooks"
Female,Elementary,High,Intermediate,High,72,61,2.4,Yes,Basic,ICSE,50.69,"Educational Apps, Science Kits"
Female,Elementary,Medium,Beginner,Medium,48,87,2.4,Yes,Intermediate,State Board,27.84,"Textbooks, Workbooks"
Female,Elementary,High,Advanced,Low,68,66,9.1,Yes,Intermediate,IB,38.72,"Textbooks, Workbooks"
Female,High School,Medium,Beginner,Low,61,99,6.5,Yes,Fluent,ICSE,46.73,"Textbooks, Workbooks"
Female,Elementary,High,Beginner,Medium,94,71,0.5,Yes,Basic,CBSE,43.03,"Textbooks, Workbooks"
Male,Elementary,Medium,Beginner,Low,76,76,6.7,Yes,Intermediate,State Board,43.35,"Textbooks, Workbooks"
Female,Elementary,Medium,Intermediate,Medium,42,81,8.2,No,Intermediate,State Board,36.05,"Textbooks, Workbooks"
Male,Elementary,High,Beginner,Medium,65,68,2.7,No,Fluent,IB,40.39,"Textbooks, Workbooks"
Male,Elementary,Medium,Advanced,Medium,99,62,3.8,Yes,Basic,IB,48.42,"Textbooks, Workbooks"
Female,Elementary,Medium,Advanced,Medium,56,81,2.0,Yes,Basic,IB,28.89,"Textbooks, Workbooks"
Female,Elementary,Medium,Advanced,Medium,53,95,6.3,Yes,Fluent,State Board,36.37,"Textbooks, Workbooks"
Female,High School,High,Beginner,Low,49,98,6.6,Yes,Basic,IB,41.3,"Textbooks, Workbooks"
Male,High School,Low,Advanced,High,38,77,0.7,No,Basic,IB,23.99,"Textbooks, Workbooks"
Female,High School,High,Advanced,High,68,76,6.8,Yes,Intermediate,State Board,43.56,"Textbooks, Workbooks"
Female,High School,Medium,Advanced,Low,30,86,6.6,Yes,Fluent,ICSE,32.0,"Textbooks, Workbooks"
Female,Elementary,Low,Advanced,Low,40,94,0.4,Yes,Fluent,CBSE,24.91,"Textbooks, Workbooks"
Female,High School,Medium,Intermediate,High,30,91,5.6,Yes,Basic,CBSE,31.14,"Textbooks, Workbooks"
Female,High School,Medium,Beginner,Low,73,62,6.1,Yes,Intermediate,CBSE,38.25,"Textbooks, Workbooks"
Male,High School,Medium,Beginner,Low,80,72,4.3,Yes,Basic,ICSE,36.14,"Textbooks, Workbooks"
Male,Elementary,Medium,Advanced,Medium,46,76,9.0,Yes,Intermediate,State Board,31.65,"Textbooks, Workbooks"
Male,High School,Low,Beginner,Low,95,77,3.3,No,Basic,State Board,47.23,"Textbooks, Workbooks"
Female,High School,High,Advanced,Low,52,76,0.7,Yes,Basic,CBSE,28.33,"Textbooks, Workbooks"
Female,Elementary,Low,Advanced,High,70,75,6.7,Yes,Fluent,ICSE,43.04,"Textbooks, Workbooks"
Female,High School,Medium,Advanced,Low,88,81,6.1,Yes,Basic,IB,45.3,"Textbooks, Workbooks"
Male,Elementary,Medium,Beginner,High,54,84,9.9,Yes,Basic,IB,48.7,"Textbooks, Workbooks"
Female,High School,Medium,Intermediate,Low,46,60,2.3,Yes,Fluent,IB,24.76,"Textbooks, Workbooks"
Female,Elementary,Medium,Beginner,High,48,86,4.0,Yes,Intermediate,CBSE,37.45,"Textbooks, Workbooks"
Female,High School,Medium,Beginner,Medium,75,73,4.6,No,Basic,CBSE,38.91,"Textbooks, Workbooks"
Male,High School,High,Intermediate,Low,64,87,8.6,Yes,Basic,State Board,45.84,"Textbooks, Workbooks"
Female,High School,Medium,Beginner,High,52,95,4.1,Yes,Fluent,CBSE,34.48,"Textbooks, Workbooks"
Male,Elementary,Low,Intermediate,High,73,91,7.7,Yes,Intermediate,CBSE,57.17,"Educational Apps, Science Kits"
Female,High School,Medium,Advanced,Low,38,88,1.6,No,Basic,IB,24.76,"Textbooks, Workbooks"
Male,Elementary,Medium,Intermediate,High,61,76,4.1,Yes,Basic,ICSE,35.37,"Textbooks, Workbooks"
Male,Elementary,Low,Advanced,Medium,88,87,1.5,Yes,Fluent,State Board,48.08,"Textbooks, Workbooks"
Male,Elementary,Medium,Intermediate,High,71,80,9.5,Yes,Intermediate,ICSE,40.54,"Textbooks, Workbooks"
Female,Elementary,Medium,Advanced,High,91,83,1.8,Yes,Basic,CBSE,49.72,"Textbooks, Workbooks"
Female,High School,Medium,Beginner,Low,48,94,4.2,Yes,Fluent,IB,45.85,"Textbooks, Workbooks"
Male,High School,High,Intermediate,Low,64,79,0.8,No,Fluent,State Board,30.97,"Textbooks, Workbooks"
Male,High School,Medium,Beginner,Medium,37,81,9.2,No,Fluent,IB,34.21,"Textbooks, Workbooks"
Female,Elementary,Medium,Advanced,High,72,63,6.2,Yes,Intermediate,ICSE,40.33,"Textbooks, Workbooks"
Female,High School,Low,Intermediate,Medium,74,75,9.6,Yes,Fluent,IB,40.0,"Textbooks, Workbooks"
Male,Elementary,Medium,Intermediate,Medium,35,80,0.4,Yes,Basic,CBSE,21.45,"Textbooks, Workbooks"
Female,Elementary,Medium,Intermediate,Low,42,80,1.7,No,Basic,IB,18.92,"Textbooks, Workbooks"
Female,Elementary,Medium,Beginner,High,40,99,3.8,Yes,Intermediate,ICSE,32.36,"Textbooks, Workbooks"
Female,High School,High,Advanced,Medium,99,70,6.2,No,Basic,ICSE,50.6,"Educational Apps, Science Kits"
Female,High School,Medium,Beginner,High,98,96,3.3,Yes,Intermediate,CBSE,52.52,"Educational Apps, Science Kits"
Male,Elementary,Medium,Intermediate,High,36,81,7.1,Yes,Basic,CBSE,34.56,"Textbooks, Workbooks"
Female,High School,Medium,Advanced,Low,84,79,1.7,Yes,Fluent,State Board,47.29,"Textbooks, Workbooks"
Female,High School,Medium,Advanced,Low,84,61,6.0,Yes,Basic,ICSE,42.8,"Textbooks, Workbooks"
Male,Elementary,Medium,Beginner,High,48,70,4.0,Yes,Fluent,CBSE,29.8,"Textbooks, Workbooks"
Male,Elementary,Medium,Beginner,Low,35,80,5.1,Yes,Intermediate,State Board,31.79,"Textbooks, Workbooks"
Female,High School,Low,Intermediate,High,38,92,5.7,Yes,Fluent,State Board,41.27,"Textbooks, Workbooks"
Female,Elementary,Low,Intermediate,High,49,76,0.6,No,Fluent,State Board,22.87,"Textbooks, Workbooks"
Female,Elementary,Medium,Intermediate,Medium,54,95,9.2,Yes,Basic,State Board,35.95,"Textbooks, Workbooks"
Female,High School,High,Intermediate,Low,79,73,7.9,Yes,Intermediate,ICSE,40.38,"Textbooks, Workbooks"
Male,High School,Medium,Advanced,Low,79,96,4.4,No,Basic,ICSE,40.96,"Textbooks, Workbooks"
Male,Elementary,Low,Intermediate,Medium,67,90,5.5,No,Intermediate,CBSE,34.02,"Textbooks, Workbooks"
Male,High School,High,Intermediate,Low,95,63,0.3,Yes,Fluent,IB,41.67,"Textbooks, Workbooks"
Female,Elementary,High,Intermediate,Medium,86,65,5.0,Yes,Intermediate,ICSE,36.75,"Textbooks, Workbooks"
Female,Elementary,High,Beginner,Medium,51,80,4.3,Yes,Intermediate,ICSE,36.3,"Textbooks, Workbooks"
Female,High School,Medium,Beginner,Medium,85,72,3.7,Yes,Intermediate,State Board,48.76,"Textbooks, Workbooks"
Female,Elementary,High,Beginner,Medium,65,97,8.2,No,Basic,ICSE,40.24,"Textbooks, Workbooks"
Male,Elementary,Low,Intermediate,High,80,74,1.8,No,Fluent,CBSE,38.95,"Textbooks, Workbooks"
Male,Elementary,Low,Advanced,Medium,97,64,1.8,No,Fluent,IB,44.69,"Textbooks, Workbooks"
Female,High School,Low,Intermediate,Medium,30,97,5.2,Yes,Basic,CBSE,35.98,"Textbooks, Workbooks"
Male,High School,High,Beginner,High,77,83,6.9,Yes,Intermediate,ICSE,44.41,"Textbooks, Workbooks"
Female,High School,Low,Beginner,Medium,62,77,0.2,Yes,Fluent,State Board,30.61,"Textbooks, Workbooks"
Female,Elementary,Medium,Intermediate,High,53,88,5.5,Yes,Fluent,CBSE,40.01,"Textbooks, Workbooks"
Male,Elementary,Medium,Advanced,Low,78,91,3.0,Yes,Fluent,IB,39.96,"Textbooks, Workbooks"
Female,High School,Medium,Advanced,High,98,66,7.6,Yes,Intermediate,State Board,47.16,"Textbooks, Workbooks"
Female,High School,High,Advanced,Medium,87,89,4.7,Yes,Basic,State Board,49.66,"Textbooks, Workbooks"
Male,High School,Low,Beginner,High,77,97,8.3,Yes,Basic,CBSE,50.23,"Educational Apps, Science Kits"
Female,Elementary,Medium,Beginner,High,86,85,4.0,Yes,Fluent,CBSE,42.12,"Textbooks, Workbooks"
Female,High School,High,Advanced,Low,93,67,8.3,No,Intermediate,State Board,50.75,"Educational Apps, Science Kits"
Male,Elementary,Low,Intermediate,Medium,82,84,7.2,Yes,Fluent,IB,43.06,"Textbooks, Workbooks"
Female,High School,Medium,Advanced,High,89,89,8.3,No,Basic,ICSE,47.49,"Textbooks, Workbooks"
Male,Elementary,High,Intermediate,Low,72,83,8.1,No,Intermediate,ICSE,41.1,"Textbooks, Workbooks"
Female,Elementary,High,Beginner,High,70,89,4.9,Yes,Basic,CBSE,41.53,"Textbooks, Workbooks"
Male,High School,High,Beginner,Low,55,64,3.7,No,Fluent,CBSE,33.08,"Textbooks, Workbooks"
Male,Elementary,Medium,Beginner,High,88,63,7.7,Yes,Basic,CBSE,44.53,"Textbooks, Workbooks"
Male,High School,Medium,Advanced,Low,78,68,3.6,No,Intermediate,CBSE,43.52,"Textbooks, Workbooks"
Female,Elementary,Low,Advanced,Medium,93,92,0.9,No,Intermediate,IB,47.83,"Textbooks, Workbooks"
Male,Elementary,Medium,Beginner,Low,34,88,8.6,No,Intermediate,ICSE,33.84,"Textbooks, Workbooks"
Male,High School,Low,Beginner,Low,73,90,4.0,Yes,Basic,State Board,44.53,"Textbooks, Workbooks"
Male,Elementary,Medium,Beginner,Medium,47,78,1.3,No,Intermediate,ICSE,34.4,"Textbooks, Workbooks"
Male,High School,High,Advanced,Medium,86,61,6.5,No,Basic,CBSE,46.27,"Textbooks, Workbooks"
Male,High School,Medium,Advanced,Low,69,79,8.9,No,Intermediate,State Board,48.46,"Textbooks, Workbooks"
Female,High School,Medium,Beginner,High,75,71,8.6,Yes,Basic,IB,47.25,"Textbooks, Workbooks"
Female,Elementary,Medium,Advanced,Low,87,80,5.5,Yes,Basic,IB,46.52,"Textbooks, Workbooks"
Female,Elementary,Medium,Advanced,High,53,90,0.9,Yes,Basic,CBSE,31.9,"Textbooks, Workbooks"
Female,Elementary,High,Advanced,Medium,57,95,7.0,Yes,Intermediate,CBSE,45.63,"Textbooks, Workbooks"
Female,High School,Medium,Advanced,Medium,75,79,6.1,Yes,Basic,ICSE,46.06,"Textbooks, Workbooks"
Female,High School,Medium,Beginner,Low,97,79,2.1,No,Intermediate,CBSE,44.85,"Textbooks, Workbooks"
Female,Elementary,Medium,Beginner,Medium,83,95,9.0,Yes,Fluent,CBSE,47.82,"Textbooks, Workbooks"
Male,Elementary,Low,Advanced,Medium,62,77,0.9,Yes,Intermediate,State Board,34.0,"Textbooks, Workbooks"
Female,High School,Medium,Beginner,Low,96,65,3.7,Yes,Fluent,State Board,49.94,"Textbooks, Workbooks"
Male,Elementary,High,Beginner,Low,64,92,0.9,Yes,Intermediate,ICSE,32.98,"Textbooks, Workbooks"
Male,High School,Low,Beginner,Low,68,69,9.1,Yes,Fluent,ICSE,38.68,"Textbooks, Workbooks"
Female,Elementary,Low,Intermediate,Low,76,77,0.4,Yes,Basic,IB,37.57,"Textbooks, Workbooks"
Male,High School,Low,Beginner,Low,34,93,4.3,Yes,Fluent,State Board,31.85,"Textbooks, Workbooks"
Male,Elementary,High,Beginner,Low,66,74,8.6,Yes,Fluent,State Board,30.95,"Textbooks, Workbooks"
Male,Elementary,High,Advanced,Medium,30,62,2.5,Yes,Basic,ICSE,19.52,"Textbooks, Workbooks"
Male,High School,Medium,Advanced,Medium,85,67,1.1,Yes,Fluent,CBSE,38.22,"Textbooks, Workbooks"
Female,High School,Medium,Intermediate,Medium,36,70,1.3,Yes,Intermediate,IB,21.04,"Textbooks, Workbooks"
Female,High School,High,Intermediate,Low,93,91,4.0,Yes,Intermediate,CBSE,51.03,"Educational Apps, Science Kits"
Female,Elementary,High,Beginner,Medium,37,76,4.3,Yes,Fluent,State Board,23.01,"Textbooks, Workbooks"
Female,High School,High,Beginner,Medium,93,89,7.2,Yes,Fluent,ICSE,52.67,"Educational Apps, Science Kits"
Female,High School,High,Advanced,Medium,86,67,2.4,Yes,Intermediate,IB,35.02,"Textbooks, Workbooks"
Female,Elementary,Medium,Beginner,High,57,99,7.0,Yes,Intermediate,IB,39.03,"Textbooks, Workbooks"
Female,High School,Medium,Beginner,Medium,55,66,10.0,Yes,Fluent,State Board,33.28,"Textbooks, Workbooks"
Female,High School,High,Beginner,Low,63,79,8.6,Yes,Basic,IB,39.27,"Textbooks, Workbooks"
Female,High School,High,Beginner,Medium,51,71,6.4,Yes,Basic,ICSE,34.26,"Textbooks, Workbooks"
Female,Elementary,Low,Beginner,Low,49,80,9.4,Yes,Intermediate,State Board,38.46,"Textbooks, Workbooks"
Male,Elementary,Low,Beginner,High,43,87,9.9,Yes,Basic,ICSE,35.3,"Textbooks, Workbooks"
Female,Elementary,High,Beginner,High,52,87,5.7,Yes,Fluent,ICSE,38.24,"Textbooks, Workbooks"
Male,High School,Medium,Beginner,Medium,96,75,2.7,Yes,Intermediate,State Board,50.59,"Educational Apps, Science Kits"
Male,Elementary,High,Advanced,High,48,69,9.1,No,Basic,IB,28.81,"Textbooks, Workbooks"
Male,High School,Medium,Intermediate,Medium,68,81,8.4,Yes,Basic,State Board,43.17,"Textbooks, Workbooks"
Male,High School,Low,Beginner,Medium,66,66,0.8,Yes,Basic,ICSE,28.14,"Textbooks, Workbooks"
Female,High School,Low,Advanced,Low,30,63,9.4,No,Intermediate,ICSE,29.36,"Textbooks, Workbooks"
Male,Elementary,Low,Beginner,Medium,48,83,3.7,Yes,Fluent,CBSE,23.73,"Textbooks, Workbooks"
Female,Elementary,Medium,Beginner,High,44,93,3.2,Yes,Fluent,ICSE,26.78,"Textbooks, Workbooks"
Female,High School,Medium,Intermediate,High,30,73,3.4,Yes,Intermediate,ICSE,25.41,"Textbooks, Workbooks"
Male,High School,High,Advanced,Medium,60,76,3.2,No,Basic,ICSE,34.23,"Textbooks, Workbooks"
Female,Elementary,High,Beginner,Medium,81,67,5.2,No,Fluent,State Board,47.27,"Textbooks, Workbooks"
Male,Elementary,Medium,Intermediate,Medium,72,72,5.8,Yes,Basic,ICSE,45.09,"Textbooks, Workbooks"
Male,Elementary,Medium,Intermediate,High,75,66,4.3,Yes,Fluent,State Board,41.27,"Textbooks, Workbooks"
Female,High School,Medium,Beginner,Medium,79,62,4.1,No,Fluent,State Board,43.05,"Textbooks, Workbooks"
Female,Elementary,Medium,Beginner,Medium,49,83,7.4,No,Fluent,CBSE,29.07,"Textbooks, Workbooks"
Male,Elementary,Medium,Advanced,Medium,91,83,0.0,No,Basic,ICSE,45.71,"Textbooks, Workbooks"
Female,Elementary,Low,Advanced,High,72,66,9.5,Yes,Basic,ICSE,39.04,"Textbooks, Workbooks"
Female,High School,Low,Beginner,High,34,89,7.1,Yes,Basic,ICSE,35.59,"Textbooks, Workbooks"
Female,Elementary,Low,Beginner,Low,95,64,7.1,Yes,Basic,ICSE,44.94,"Textbooks, Workbooks"
Male,High School,Low,Intermediate,Low,41,99,4.2,Yes,Basic,IB,36.79,"Textbooks, Workbooks"
Male,High School,High,Advanced,High,86,80,9.7,Yes,Intermediate,ICSE,52.95,"Educational Apps, Science Kits"
Female,High School,Medium,Beginner,High,89,67,0.0,Yes,Fluent,CBSE,41.16,"Textbooks, Workbooks"
Female,Elementary,High,Beginner,Medium,84,66,0.8,Yes,Fluent,State Board,35.07,"Textbooks, Workbooks"
Female,Elementary,High,Advanced,Medium,95,98,8.0,No,Intermediate,IB,49.81,"Textbooks, Workbooks"
Female,Elementary,High,Beginner,High,56,61,7.4,Yes,Fluent,ICSE,39.9,"Textbooks, Workbooks"
Female,High School,High,Intermediate,High,57,71,2.7,Yes,Intermediate,CBSE,36.77,"Textbooks, Workbooks"
Male,Elementary,Medium,Intermediate,High,66,87,5.9,Yes,Intermediate,ICSE,37.36,"Textbooks, Workbooks"
Female,High School,Medium,Beginner,Low,48,78,5.3,Yes,Intermediate,IB,28.16,"Textbooks, Workbooks"
Male,Elementary,Low,Advanced,High,80,87,5.3,Yes,Fluent,IB,42.47,"Textbooks, Workbooks"
Female,Elementary,High,Intermediate,Low,42,94,6.0,Yes,Intermediate,CBSE,43.1,"Textbooks, Workbooks"
Male,Elementary,High,Advanced,High,74,71,9.9,No,Fluent,State Board,49.16,"Textbooks, Workbooks"
Female,Elementary,High,Advanced,Low,35,87,9.9,Yes,Basic,CBSE,36.55,"Textbooks, Workbooks"
Male,High School,Medium,Advanced,Medium,30,85,9.8,Yes,Basic,IB,29.82,"Textbooks, Workbooks"
Female,High School,High,Intermediate,Medium,54,97,5.5,Yes,Intermediate,ICSE,44.52,"Textbooks, Workbooks"
Male,High School,Low,Intermediate,High,55,65,3.2,Yes,Intermediate,IB,32.43,"Textbooks, Workbooks"
Male,High School,Low,Beginner,Medium,42,78,5.6,No,Basic,ICSE,24.31,"Textbooks, Workbooks"
Male,Elementary,High,Advanced,Low,48,86,6.2,Yes,Basic,CBSE,26.18,"Textbooks, Workbooks"
Male,High School,Medium,Intermediate,High,39,68,3.1,Yes,Basic,IB,33.15,"Textbooks, Workbooks"
Male,High School,High,Intermediate,Medium,74,69,6.3,No,Intermediate,ICSE,37.42,"Textbooks, Workbooks"
Male,High School,Low,Beginner,Medium,44,69,6.2,Yes,Basic,State Board,24.14,"Textbooks, Workbooks"
Female,Elementary,High,Intermediate,High,60,92,9.0,Yes,Intermediate,State Board,48.88,"Textbooks, Workbooks"
Male,High School,Medium,Intermediate,Medium,37,77,2.4,Yes,Intermediate,State Board,33.52,"Textbooks, Workbooks"
Female,High School,High,Intermediate,High,59,69,7.0,Yes,Intermediate,ICSE,38.7,"Textbooks, Workbooks"
Female,Elementary,High,Beginner,Medium,30,66,4.5,Yes,Fluent,IB,15.19,"Textbooks, Workbooks"
Female,Elementary,High,Beginner,High,45,99,1.3,No,Intermediate,IB,27.77,"Textbooks, Workbooks"
Female,High School,Medium,Advanced,High,40,91,3.2,Yes,Basic,ICSE,28.85,"Textbooks, Workbooks"
Female,High School,High,Intermediate,Medium,56,65,0.6,No,Basic,ICSE,36.55,"Textbooks, Workbooks"
Male,Elementary,Low,Beginner,High,69,78,3.2,Yes,Intermediate,CBSE,40.76,"Textbooks, Workbooks"
Male,High School,Low,Beginner,Medium,73,93,0.7,No,Fluent,ICSE,36.42,"Textbooks, Workbooks"
Male,Elementary,Medium,Beginner,High,99,64,9.3,No,Fluent,IB,55.14,"Educational Apps, Science Kits"
Female,High School,High,Advanced,High,86,78,1.0,Yes,Intermediate,IB,40.84,"Textbooks, Workbooks"
Male,High School,Medium,Advanced,Medium,77,73,8.2,Yes,Fluent,ICSE,38.74,"Textbooks, Workbooks"
Male,High School,High,Advanced,Medium,69,69,9.1,Yes,Intermediate,ICSE,43.98,"Textbooks, Workbooks"
Male,High School,High,Advanced,High,68,70,4.7,Yes,Basic,ICSE,44.11,"Textbooks, Workbooks"
Male,High School,Medium,Advanced,Low,32,90,0.5,Yes,Fluent,CBSE,22.3,"Textbooks, Workbooks"
Male,Elementary,High,Intermediate,Medium,84,61,6.0,Yes,Intermediate,IB,40.24,"Textbooks, Workbooks"
Female,Elementary,Low,Intermediate,Medium,30,69,2.3,Yes,Fluent,IB,19.93,"Textbooks, Workbooks"
Male,High School,High,Beginner,Low,52,80,1.8,Yes,Fluent,State Board,29.84,"Textbooks, Workbooks"
Female,High School,Medium,Advanced,High,96,60,5.7,Yes,Fluent,ICSE,46.42,"Textbooks, Workbooks"
Female,High School,Medium,Advanced,Low,91,90,3.6,Yes,Basic,CBSE,48.11,"Textbooks, Workbooks"
Female,Elementary,Medium,Beginner,Low,63,70,7.3,Yes,Basic,State Board,38.89,"Textbooks, Workbooks"
Female,Elementary,Low,Intermediate,High,46,69,5.9,Yes,Fluent,CBSE,28.02,"Textbooks, Workbooks"
Female,Elementary,Medium,Advanced,Low,77,79,8.3,Yes,Basic,ICSE,49.56,"Textbooks, Workbooks"
Male,Elementary,Low,Advanced,Medium,82,80,0.6,Yes,Basic,IB,31.46,"Textbooks, Workbooks"
Male,Elementary,Medium,Advanced,High,90,96,2.3,No,Fluent,CBSE,43.58,"Textbooks, Workbooks"
Male,Elementary,Low,Intermediate,High,40,96,5.7,Yes,Fluent,ICSE,30.54,"Textbooks, Workbooks"
Female,Elementary,Medium,Intermediate,High,44,73,8.8,Yes,Fluent,State Board,30.59,"Textbooks, Workbooks"
Male,Elementary,High,Advanced,Low,40,64,8.1,Yes,Intermediate,IB,30.26,"Textbooks, Workbooks"
Male,High School,Medium,Advanced,Low,36,65,6.8,No,Basic,IB,29.62,"Textbooks, Workbooks"
Female,Elementary,High,Beginner,Medium,76,83,5.7,Yes,Intermediate,ICSE,41.53,"Textbooks, Workbooks"
Female,Elementary,Medium,Beginner,Low,37,75,6.3,Yes,Intermediate,IB,27.05,"Textbooks, Workbooks"
Female,Elementary,Medium,Intermediate,Medium,34,82,2.1,No,Intermediate,CBSE,22.22,"Textbooks, Workbooks"
Female,Elementary,Medium,Beginner,Medium,95,97,6.0,Yes,Basic,IB,57.46,"Educational Apps, Science Kits"
Male,High School,Medium,Advanced,Medium,92,75,4.9,Yes,Fluent,CBSE,45.94,"Textbooks, Workbooks"
Female,Elementary,Medium,Intermediate,Low,50,72,3.8,Yes,Basic,State Board,26.81,"Textbooks, Workbooks"
Female,High School,Low,Beginner,Medium,41,67,8.9,Yes,Fluent,CBSE,31.22,"Textbooks, Workbooks"
Male,High School,High,Intermediate,Medium,40,97,8.3,Yes,Intermediate,ICSE,32.52,"Textbooks, Workbooks"
Male,High School,High,Advanced,Low,83,91,0.8,Yes,Intermediate,ICSE,42.08,"Textbooks, Workbooks"
Female,Elementary,Medium,Beginner,Medium,39,81,9.9,Yes,Intermediate,IB,38.79,"Textbooks, Workbooks"
Male,Elementary,High,Beginner,Medium,45,76,2.3,No,Intermediate,CBSE,35.74,"Textbooks, Workbooks"
Female,Elementary,Low,Beginner,High,44,64,2.2,Yes,Intermediate,State Board,27.47,"Textbooks, Workbooks"
Female,High School,Medium,Advanced,High,87,67,9.4,No,Fluent,CBSE,45.38,"Textbooks, Workbooks"
Male,High School,Low,Intermediate,High,33,89,4.4,Yes,Intermediate,CBSE,29.59,"Textbooks, Workbooks"
Male,High School,High,Beginner,Medium,51,78,8.1,Yes,Intermediate,CBSE,37.86,"Textbooks, Workbooks"
Female,High School,High,Intermediate,Low,64,71,2.9,Yes,Fluent,CBSE,34.78,"Textbooks, Workbooks"
Female,Elementary,High,Intermediate,Low,43,84,8.7,Yes,Basic,IB,38.17,"Textbooks, Workbooks"
Female,Elementary,Low,Intermediate,High,60,72,8.3,Yes,Intermediate,CBSE,41.91,"Textbooks, Workbooks"
Male,Elementary,Medium,Advanced,Low,99,63,5.2,Yes,Fluent,State Board,39.23,"Textbooks, Workbooks"
Female,High School,High,Advanced,Medium,40,69,7.1,Yes,Intermediate,ICSE,33.53,"Textbooks, Workbooks"
Female,High School,Low,Beginner,Low,65,87,9.6,Yes,Fluent,ICSE,48.58,"Textbooks, Workbooks"
Female,Elementary,Medium,Beginner,Low,53,64,4.5,No,Basic,CBSE,37.34,"Textbooks, Workbooks"
Female,Elementary,Low,Intermediate,High,69,87,4.9,Yes,Intermediate,IB,41.82,"Textbooks, Workbooks"
Female,High School,Low,Intermediate,Low,71,90,7.2,Yes,Intermediate,ICSE,53.99,"Educational Apps, Science Kits"
Male,Elementary,Medium,Intermediate,Medium,50,75,3.9,No,Basic,IB,30.61,"Textbooks, Workbooks"
Female,Elementary,Medium,Advanced,Low,80,82,9.6,Yes,Basic,ICSE,41.62,"Textbooks, Workbooks"
Female,High School,Low,Advanced,Medium,84,88,0.4,No,Basic,CBSE,36.74,"Textbooks, Workbooks"
Female,High School,Low,Beginner,High,33,80,4.0,No,Fluent,ICSE,27.93,"Textbooks, Workbooks"
Female,High School,Medium,Intermediate,Medium,91,61,7.1,Yes,Intermediate,State Board,49.35,"Textbooks, Workbooks"
Male,Elementary,Medium,Intermediate,High,54,82,4.3,No,Fluent,CBSE,32.54,"Textbooks, Workbooks"
Male,High School,Medium,Advanced,Low,99,75,2.6,No,Basic,CBSE,56.11,"Educational Apps, Science Kits"
Male,Elementary,Medium,Beginner,Medium,43,70,4.1,Yes,Intermediate,State Board,24.48,"Textbooks, Workbooks"
Female,Elementary,Medium,Intermediate,High,70,68,8.8,No,Basic,CBSE,27.28,"Textbooks, Workbooks"
Female,High School,Medium,Intermediate,High,86,61,5.5,Yes,Basic,ICSE,51.85,"Educational Apps, Science Kits"
Male,Elementary,High,Beginner,Low,67,77,3.4,No,Fluent,State Board,32.59,"Textbooks, Workbooks"
Male,High School,High,Intermediate,Low,91,72,6.7,Yes,Fluent,IB,44.02,"Textbooks, Workbooks"
Male,High School,Low,Advanced,Low,70,67,6.1,Yes,Intermediate,State Board,42.13,"Textbooks, Workbooks"
Female,Elementary,Low,Beginner,Low,74,69,5.6,Yes,Fluent,ICSE,39.76,"Textbooks, Workbooks"
Female,Elementary,High,Intermediate,Low,45,86,3.9,Yes,Intermediate,IB,31.86,"Textbooks, Workbooks"
Male,High School,Low,Intermediate,Medium,48,76,0.7,Yes,Basic,CBSE,27.81,"Textbooks, Workbooks"
Male,High School,Low,Advanced,Medium,66,83,6.2,No,Intermediate,IB,37.37,"Textbooks, Workbooks"
Male,High School,Low,Advanced,High,90,80,4.2,Yes,Basic,State Board,50.14,"Educational Apps, Science Kits"
Female,High School,Medium,Advanced,Low,55,60,4.3,No,Fluent,CBSE,29.87,"Textbooks, Workbooks"
Female,High School,Medium,Intermediate,High,93,75,2.3,Yes,Basic,State Board,49.42,"Textbooks, Workbooks"
Female,High School,High,Intermediate,High,42,92,2.5,No,Fluent,State Board,31.63,"Textbooks, Workbooks"
Male,Elementary,High,Intermediate,High,63,65,7.9,Yes,Intermediate,State Board,34.21,"Textbooks, Workbooks"
Male,Elementary,Medium,Beginner,High,52,71,4.8,Yes,Intermediate,State Board,30.79,"Textbooks, Workbooks"
Female,Elementary,Medium,Advanced,High,49,91,1.1,Yes,Intermediate,ICSE,32.48,"Textbooks, Workbooks"
Male,Elementary,Medium,Beginner,High,83,70,0.5,Yes,Basic,IB,36.76,"Textbooks, Workbooks"
Female,High School,Low,Advanced,Medium,87,77,2.2,No,Fluent,State Board,45.48,"Textbooks, Workbooks"
Male,Elementary,Low,Intermediate,Medium,88,61,4.9,Yes,Intermediate,IB,44.88,"Textbooks, Workbooks"
Male,Elementary,Low,Beginner,High,49,91,6.2,Yes,Basic,IB,30.72,"Textbooks, Workbooks"
Male,High School,Low,Beginner,Medium,68,79,1.4,Yes,Basic,ICSE,39.29,"Textbooks, Workbooks"
Male,Elementary,Medium,Advanced,Low,61,80,4.3,No,Basic,State Board,40.15,"Textbooks, Workbooks"
Female,High School,Medium,Beginner,High,70,95,0.7,Yes,Intermediate,State Board,38.08,"Textbooks, Workbooks"
Male,High School,High,Beginner,Medium,98,97,0.4,Yes,Basic,IB,44.72,"Textbooks, Workbooks"
Female,High School,Medium,Intermediate,High,97,86,8.6,Yes,Fluent,State Board,55.17,"Educational Apps, Science Kits"
Female,High School,High,Advanced,Low,50,70,6.6,Yes,Fluent,CBSE,31.63,"Textbooks, Workbooks"
Female,High School,Medium,Beginner,Medium,53,77,7.8,Yes,Intermediate,ICSE,29.47,"Textbooks, Workbooks"
Male,Elementary,Medium,Intermediate,Low,45,76,1.8,No,Basic,CBSE,28.15,"Textbooks, Workbooks"
Female,Elementary,Medium,Beginner,High,61,93,3.2,Yes,Intermediate,CBSE,40.75,"Textbooks, Workbooks"
Female,Elementary,Low,Intermediate,Low,55,85,4.4,No,Basic,ICSE,32.84,"Textbooks, Workbooks"
Female,High School,Low,Beginner,High,32,65,6.6,Yes,Intermediate,State Board,20.58,"Textbooks, Workbooks"
Male,Elementary,High,Intermediate,Low,36,89,5.3,Yes,Intermediate,State Board,29.76,"Textbooks, Workbooks"
Male,Elementary,High,Intermediate,Low,45,98,5.5,Yes,Fluent,CBSE,36.3,"Textbooks, Workbooks"
Female,Elementary,Low,Advanced,Low,82,91,1.6,Yes,Basic,State Board,46.58,"Textbooks, Workbooks"
Male,Elementary,Low,Intermediate,Medium,33,76,4.7,Yes,Fluent,State Board,33.12,"Textbooks, Workbooks"
Female,High School,Medium,Beginner,Medium,74,72,8.2,Yes,Fluent,State Board,39.8,"Textbooks, Workbooks"
Female,Elementary,Low,Intermediate,Low,61,72,5.1,Yes,Basic,IB,35.43,"Textbooks, Workbooks"
Male,High School,Medium,Intermediate,Medium,87,65,2.0,Yes,Intermediate,CBSE,41.49,"Textbooks, Workbooks"
Female,High School,Low,Beginner,Low,42,81,4.1,No,Basic,IB,29.76,"Textbooks, Workbooks"
Male,Elementary,Medium,Beginner,High,51,92,7.5,Yes,Basic,State Board,31.41,"Textbooks, Workbooks"
Male,High School,Medium,Intermediate,Low,73,92,1.3,Yes,Fluent,ICSE,39.88,"Textbooks, Workbooks"
Female,High School,Medium,Beginner,Medium,73,63,5.8,No,Fluent,State Board,46.41,"Textbooks, Workbooks"
Male,High School,Low,Intermediate,Medium,59,73,9.7,Yes,Basic,CBSE,36.6,"Textbooks, Workbooks"
Male,High School,Medium,Intermediate,High,52,94,3.8,Yes,Basic,CBSE,34.72,"Textbooks, Workbooks"
Female,High School,High,Intermediate,High,41,86,0.4,No,Intermediate,IB,40.42,"Textbooks, Workbooks"
Female,High School,Medium,Beginner,High,43,65,6.3,Yes,Fluent,CBSE,33.47,"Textbooks, Workbooks"
Male,High School,High,Advanced,Low,65,60,0.5,Yes,Fluent,State Board,29.09,"Textbooks, Workbooks"
Male,Elementary,High,Advanced,High,74,87,1.9,Yes,Fluent,IB,35.93,"Textbooks, Workbooks"
Female,Elementary,High,Intermediate,High,53,88,0.5,Yes,Basic,State Board,30.15,"Textbooks, Workbooks"
Male,High School,High,Intermediate,High,32,91,1.7,Yes,Basic,State Board,20.03,"Textbooks, Workbooks"
Male,High School,Medium,Beginner,Medium,80,87,8.5,No,Intermediate,CBSE,45.74,"Textbooks, Workbooks"
Male,Elementary,High,Advanced,High,84,86,7.3,Yes,Fluent,ICSE,52.89,"Educational Apps, Science Kits"
Male,Elementary,Low,Advanced,Medium,67,69,3.4,Yes,Fluent,IB,39.77,"Textbooks, Workbooks"
Male,Elementary,Medium,Advanced,Medium,49,77,9.0,Yes,Intermediate,State Board,34.59,"Textbooks, Workbooks"
Male,Elementary,High,Beginner,Medium,31,63,6.7,Yes,Intermediate,CBSE,28.68,"Textbooks, Workbooks"
Male,High School,High,Beginner,Medium,55,97,4.5,Yes,Intermediate,CBSE,40.65,"Textbooks, Workbooks"
Female,High School,High,Beginner,Medium,31,91,0.7,Yes,Fluent,IB,28.17,"Textbooks, Workbooks"
Female,Elementary,High,Intermediate,Medium,96,64,7.3,Yes,Fluent,State Board,50.05,"Educational Apps, Science Kits"
Female,Elementary,High,Beginner,High,71,81,3.8,Yes,Fluent,CBSE,36.9,"Textbooks, Workbooks"
Female,Elementary,High,Intermediate,Medium,69,81,3.0,No,Fluent,CBSE,41.21,"Textbooks, Workbooks"
Female,Elementary,High,Intermediate,Medium,38,61,2.9,Yes,Intermediate,IB,23.17,"Textbooks, Workbooks"
Male,High School,Medium,Intermediate,Low,31,93,0.1,No,Intermediate,State Board,25.29,"Textbooks, Workbooks"
Male,Elementary,High,Intermediate,High,57,61,7.4,Yes,Intermediate,IB,38.27,"Textbooks, Workbooks"
Male,Elementary,High,Beginner,Medium,32,95,1.5,Yes,Fluent,ICSE,33.08,"Textbooks, Workbooks"
Male,Elementary,High,Beginner,Low,45,99,5.2,Yes,Intermediate,ICSE,33.69,"Textbooks, Workbooks"
Female,High School,Medium,Advanced,High,33,67,0.2,Yes,Fluent,IB,23.49,"Textbooks, Workbooks"
Male,High School,Medium,Advanced,Low,52,92,6.3,No,Intermediate,CBSE,35.95,"Textbooks, Workbooks"
Male,High School,Low,Intermediate,Low,35,92,3.7,Yes,Intermediate,IB,21.8,"Textbooks, Workbooks"
Female,Elementary,High,Advanced,Medium,84,63,6.3,Yes,Basic,CBSE,49.03,"Textbooks, Workbooks"
Male,Elementary,Medium,Advanced,Medium,37,77,0.9,Yes,Fluent,ICSE,27.71,"Textbooks, Workbooks"
Male,Elementary,Medium,Advanced,Low,93,78,2.7,Yes,Fluent,State Board,42.41,"Textbooks, Workbooks"
Female,High School,Low,Intermediate,Medium,96,69,1.1,Yes,Basic,IB,45.91,"Textbooks, Workbooks"
Male,High School,High,Advanced,High,70,89,6.5,Yes,Basic,State Board,47.79,"Textbooks, Workbooks"
Male,Elementary,High,Beginner,Low,69,81,1.1,Yes,Fluent,IB,34.32,"Textbooks, Workbooks"
Male,Elementary,High,Intermediate,Low,56,98,6.2,No,Basic,ICSE,40.21,"Textbooks, Workbooks"
Male,High School,Medium,Beginner,High,68,97,1.3,Yes,Fluent,IB,40.77,"Textbooks, Workbooks"
Male,Elementary,Medium,Intermediate,Medium,82,60,9.4,No,Basic,IB,40.24,"Textbooks, Workbooks"
Female,Elementary,Medium,Beginner,Medium,69,89,4.2,Yes,Fluent,IB,38.8,"Textbooks, Workbooks"
Female,Elementary,Low,Advanced,Low,81,64,1.3,Yes,Basic,State Board,39.57,"Textbooks, Workbooks"
Female,High School,High,Intermediate,Medium,66,85,0.4,Yes,Fluent,IB,37.08,"Textbooks, Workbooks"
Female,Elementary,Low,Beginner,Medium,96,90,3.3,Yes,Intermediate,ICSE,49.89,"Textbooks, Workbooks"
Female,Elementary,Medium,Intermediate,High,48,98,8.9,Yes,Basic,CBSE,44.75,"Textbooks, Workbooks"
Female,Elementary,Medium,Beginner,Medium,63,71,1.4,Yes,Intermediate,ICSE,38.85,"Textbooks, Workbooks"
Male,Elementary,Medium,Advanced,Medium,95,76,7.9,Yes,Basic,ICSE,52.2,"Educational Apps, Science Kits"
Female,High School,High,Intermediate,High,39,77,4.2,Yes,Basic,IB,25.3,"Textbooks, Workbooks"
Female,High School,Low,Intermediate,High,81,61,8.0,Yes,Fluent,ICSE,46.32,"Textbooks, Workbooks"
Male,High School,High,Beginner,Low,71,83,8.7,No,Fluent,IB,40.09,"Textbooks, Workbooks"
Male,Elementary,Low,Beginner,High,89,87,10.0,Yes,Fluent,IB,48.77,"Textbooks, Workbooks"
Female,High School,Low,Advanced,Medium,31,98,0.7,Yes,Fluent,CBSE,25.01,"Textbooks, Workbooks"
Male,Elementary,Medium,Beginner,Medium,30,69,8.0,Yes,Basic,ICSE,25.23,"Textbooks, Workbooks"
Female,High School,Low,Beginner,Medium,79,92,0.7,Yes,Fluent,ICSE,43.7,"Textbooks, Workbooks"
Male,Elementary,High,Beginner,Medium,65,83,3.1,Yes,Basic,IB,40.07,"Textbooks, Workbooks"
Female,High School,Medium,Advanced,Low,51,70,6.5,No,Fluent,IB,29.08,"Textbooks, Workbooks"
Male,High School,Low,Advanced,Medium,65,67,4.5,Yes,Basic,CBSE,38.87,"Textbooks, Workbooks"
Male,High School,Low,Intermediate,Medium,32,86,5.7,Yes,Intermediate,State Board,29.71,"Textbooks, Workbooks"
Female,Elementary,Medium,Advanced,Low,73,85,9.7,Yes,Fluent,IB,39.97,"Textbooks, Workbooks"
Female,Elementary,High,Beginner,Medium,45,71,8.2,Yes,Fluent,CBSE,42.86,"Textbooks, Workbooks"
Female,Elementary,Medium,Intermediate,High,40,94,3.6,Yes,Fluent,IB,31.22,"Textbooks, Workbooks"
Female,High School,Medium,Advanced,High,39,74,6.0,Yes,Fluent,IB,28.15,"Textbooks, Workbooks"
Female,Elementary,High,Advanced,Medium,80,80,0.5,Yes,Fluent,IB,37.36,"Textbooks, Workbooks"
Male,Elementary,Medium,Beginner,High,71,96,4.5,Yes,Intermediate,State Board,40.12,"Textbooks, Workbooks"
Female,Elementary,Medium,Beginner,Medium,54,89,6.1,Yes,Basic,State Board,38.93,"Textbooks, Workbooks"
Female,Elementary,Medium,Advanced,Low,35,64,7.1,Yes,Basic,IB,24.28,"Textbooks, Workbooks"
Male,Elementary,Medium,Intermediate,Medium,73,76,9.0,No,Fluent,ICSE,43.87,"Textbooks, Workbooks"
Male,Elementary,High,Beginner,Low,37,85,2.8,Yes,Intermediate,CBSE,24.14,"Textbooks, Workbooks"
Female,High School,Medium,Advanced,High,63,93,9.0,Yes,Fluent,ICSE,49.02,"Textbooks, Workbooks"
Male,High School,High,Advanced,High,70,92,6.6,No,Fluent,ICSE,44.82,"Textbooks, Workbooks"
Male,Elementary,Low,Beginner,Medium,30,77,0.8,Yes,Fluent,CBSE,20.49,"Textbooks, Workbooks"
Female,High School,High,Intermediate,Medium,32,84,3.8,Yes,Fluent,IB,18.63,"Textbooks, Workbooks"
Male,High School,Medium,Intermediate,Medium,81,89,4.8,Yes,Basic,State Board,41.27,"Textbooks, Workbooks"
Male,Elementary,Medium,Intermediate,Low,72,96,3.5,Yes,Fluent,IB,39.06,"Textbooks, Workbooks"
Female,Elementary,Low,Beginner,High,76,79,1.2,No,Fluent,State Board,36.87,"Textbooks, Workbooks"
Female,High School,Medium,Beginner,Medium,48,61,5.5,Yes,Fluent,IB,37.08,"Textbooks, Workbooks"
Male,Elementary,High,Beginner,Low,99,72,1.3,Yes,Fluent,CBSE,47.23,"Textbooks, Workbooks"
Male,High School,High,Intermediate,High,76,99,9.2,Yes,Intermediate,ICSE,48.81,"Textbooks, Workbooks"
Female,High School,Low,Intermediate,Low,34,79,8.7,Yes,Intermediate,ICSE,33.28,"Textbooks, Workbooks"
Male,High School,Medium,Beginner,High,93,65,4.8,No,Basic,ICSE,49.86,"Textbooks, Workbooks"
Male,Elementary,Low,Beginner,Medium,74,70,0.7,Yes,Intermediate,ICSE,39.75,"Textbooks, Workbooks"
Male,High School,High,Beginner,Medium,93,84,5.5,Yes,Intermediate,CBSE,53.02,"Educational Apps, Science Kits"
Female,Elementary,High,Intermediate,Low,74,69,5.9,Yes,Intermediate,ICSE,40.9,"Textbooks, Workbooks"
Male,Elementary,Low,Advanced,Medium,65,90,8.9,Yes,Basic,State Board,47.13,"Textbooks, Workbooks"
Male,Elementary,High,Advanced,High,38,63,0.7,Yes,Intermediate,CBSE,12.13,"Textbooks, Workbooks"
Female,Elementary,High,Intermediate,Medium,52,84,6.9,No,Basic,ICSE,40.74,"Textbooks, Workbooks"
Male,Elementary,Medium,Beginner,High,61,87,5.6,No,Basic,State Board,38.59,"Textbooks, Workbooks"
Male,High School,High,Beginner,Medium,74,83,1.7,Yes,Intermediate,CBSE,37.16,"Textbooks, Workbooks"
Female,Elementary,Medium,Beginner,High,57,94,1.2,Yes,Fluent,ICSE,37.23,"Textbooks, Workbooks"
Female,Elementary,Medium,Beginner,High,81,64,6.9,No,Fluent,ICSE,45.87,"Textbooks, Workbooks"
Female,Elementary,Medium,Intermediate,Medium,40,92,3.4,Yes,Fluent,ICSE,41.84,"Textbooks, Workbooks"
Female,Elementary,Medium,Advanced,Medium,48,70,10.0,Yes,Intermediate,CBSE,36.86,"Textbooks, Workbooks"
Male,Elementary,Medium,Advanced,High,93,67,8.9,Yes,Fluent,CBSE,47.71,"Textbooks, Workbooks"
Male,High School,Low,Intermediate,Low,94,80,5.7,Yes,Intermediate,ICSE,49.21,"Textbooks, Workbooks"
Female,Elementary,High,Beginner,High,86,91,6.4,No,Intermediate,IB,51.42,"Educational Apps, Science Kits"
Female,Elementary,Medium,Advanced,Medium,95,64,1.6,Yes,Intermediate,CBSE,33.69,"Textbooks, Workbooks"
Male,High School,Medium,Intermediate,High,33,93,8.9,Yes,Basic,State Board,35.11,"Textbooks, Workbooks"
Female,Elementary,High,Beginner,Low,58,68,4.6,Yes,Intermediate,State Board,38.22,"Textbooks, Workbooks"
Male,High School,Medium,Advanced,High,33,97,5.2,Yes,Basic,IB,30.52,"Textbooks, Workbooks"
Female,High School,Medium,Intermediate,Medium,30,91,8.7,Yes,Basic,State Board,31.57,"Textbooks, Workbooks"
Male,High School,High,Advanced,High,47,69,0.1,Yes,Intermediate,State Board,21.33,"Textbooks, Workbooks"
Female,High School,High,Advanced,Medium,42,71,4.9,Yes,Basic,State Board,26.53,"Textbooks, Workbooks"
Female,Elementary,Low,Intermediate,Low,99,94,6.3,Yes,Basic,CBSE,50.88,"Educational Apps, Science Kits"
Male,Elementary,Medium,Intermediate,High,78,98,1.6,No,Intermediate,State Board,45.5,"Textbooks, Workbooks"
Female,High School,High,Advanced,High,76,77,0.7,No,Intermediate,IB,41.81,"Textbooks, Workbooks"
Male,High School,Medium,Advanced,High,59,82,5.3,Yes,Fluent,ICSE,43.6,"Textbooks, Workbooks"
Male,Elementary,Medium,Intermediate,Medium,56,71,5.5,Yes,Basic,CBSE,36.57,"Textbooks, Workbooks"
Male,High School,Low,Beginner,Medium,57,90,3.3,Yes,Intermediate,CBSE,29.56,"Textbooks, Workbooks"
Male,High School,Low,Beginner,Medium,31,70,8.8,Yes,Intermediate,IB,34.81,"Textbooks, Workbooks"
Male,High School,High,Beginner,Medium,49,93,3.0,Yes,Intermediate,ICSE,29.53,"Textbooks, Workbooks"
Female,Elementary,High,Beginner,Low,53,86,5.2,Yes,Intermediate,CBSE,36.27,"Textbooks, Workbooks"
Female,High School,High,Intermediate,Low,73,80,1.9,Yes,Intermediate,ICSE,35.84,"Textbooks, Workbooks"
Male,Elementary,High,Beginner,High,50,69,0.1,Yes,Basic,CBSE,27.47,"Textbooks, Workbooks"
Female,Elementary,Medium,Advanced,Medium,51,72,4.3,Yes,Basic,IB,35.29,"Textbooks, Workbooks"
Male,Elementary,Low,Beginner,High,87,84,5.3,Yes,Intermediate,ICSE,48.47,"Textbooks, Workbooks"
Female,High School,High,Intermediate,Low,40,72,7.6,No,Fluent,IB,28.28,"Textbooks, Workbooks"
Female,High School,Medium,Beginner,High,82,65,4.5,Yes,Fluent,ICSE,44.71,"Textbooks, Workbooks"
Female,Elementary,Medium,Beginner,Medium,38,94,2.8,Yes,Basic,CBSE,38.38,"Textbooks, Workbooks"
Female,Elementary,High,Intermediate,High,96,87,6.0,Yes,Intermediate,CBSE,51.76,"Educational Apps, Science Kits"
Male,Elementary,Medium,Beginner,Medium,81,79,3.8,No,Basic,State Board,40.74,"Textbooks, Workbooks"
Male,High School,Medium,Intermediate,High,42,79,2.3,Yes,Intermediate,State Board,32.73,"Textbooks, Workbooks"
Female,High School,High,Beginner,Medium,30,63,9.1,Yes,Intermediate,IB,24.07,"Textbooks, Workbooks"
Female,Elementary,High,Intermediate,Medium,73,79,5.4,Yes,Fluent,State Board,41.77,"Textbooks, Workbooks"
Male,Elementary,Low,Beginner,Low,53,64,2.0,Yes,Intermediate,ICSE,28.0,"Textbooks, Workbooks"
Female,High School,High,Advanced,Medium,34,81,6.7,Yes,Intermediate,IB,37.36,"Textbooks, Workbooks"
Male,Elementary,Medium,Advanced,High,95,83,8.0,Yes,Intermediate,ICSE,52.32,"Educational Apps, Science Kits"
Male,High School,Medium,Intermediate,Low,49,76,7.6,Yes,Intermediate,CBSE,32.91,"Textbooks, Workbooks"
Male,High School,High,Intermediate,High,93,64,6.0,Yes,Basic,State Board,44.71,"Textbooks, Workbooks"
Female,Elementary,High,Intermediate,Low,44,85,5.2,Yes,Intermediate,CBSE,22.72,"Textbooks, Workbooks"
Male,Elementary,Medium,Advanced,High,97,95,7.8,Yes,Fluent,State Board,53.31,"Educational Apps, Science Kits"
Female,High School,Medium,Intermediate,High,83,67,7.1,Yes,Basic,CBSE,45.97,"Textbooks, Workbooks"
Male,High School,Low,Beginner,Medium,40,68,5.7,Yes,Fluent,State Board,27.99,"Textbooks, Workbooks"
Female,High School,Medium,Intermediate,Low,52,76,6.6,Yes,Intermediate,ICSE,31.23,"Textbooks, Workbooks"
Female,High School,Low,Intermediate,Medium,30,67,1.7,Yes,Fluent,CBSE,25.55,"Textbooks, Workbooks"
Female,High School,Medium,Beginner,Low,71,64,0.2,Yes,Basic,State Board,34.47,"Textbooks, Workbooks"
Male,Elementary,Low,Beginner,Medium,76,69,9.3,Yes,Fluent,CBSE,52.78,"Educational Apps, Science Kits"
Male,High School,Medium,Advanced,Low,97,73,9.4,Yes,Intermediate,ICSE,49.52,"Textbooks, Workbooks"
Female,High School,Low,Beginner,Medium,67,86,7.9,Yes,Intermediate,State Board,43.19,"Textbooks, Workbooks"
Female,High School,High,Beginner,Low,31,86,3.7,Yes,Fluent,CBSE,26.83,"Textbooks, Workbooks"
Female,Elementary,Medium,Intermediate,Low,74,64,1.5,Yes,Intermediate,ICSE,34.47,"Textbooks, Workbooks"
Male,Elementary,Medium,Advanced,Low,56,74,3.6,No,Basic,CBSE,37.37,"Textbooks, Workbooks"
Male,High School,High,Beginner,Medium,90,87,7.3,Yes,Basic,ICSE,50.56,"Educational Apps, Science Kits"
Male,High School,High,Advanced,Medium,40,64,3.4,Yes,Basic,State Board,27.5,"Textbooks, Workbooks"
Male,Elementary,Medium,Beginner,Low,98,81,8.0,Yes,Fluent,IB,53.08,"Educational Apps, Science Kits"
Female,Elementary,Low,Advanced,Medium,58,71,6.7,No,Fluent,ICSE,40.34,"Textbooks, Workbooks"
Female,Elementary,High,Beginner,High,54,67,6.3,No,Basic,ICSE,40.95,"Textbooks, Workbooks"
Male,Elementary,Medium,Intermediate,Low,83,60,9.3,No,Fluent,CBSE,42.23,"Textbooks, Workbooks"
Male,High School,High,Advanced,High,77,94,8.9,No,Basic,State Board,48.25,"Textbooks, Workbooks"
Female,Elementary,Medium,Advanced,Medium,75,75,7.1,Yes,Intermediate,State Board,45.25,"Textbooks, Workbooks"
Male,High School,Medium,Beginner,Low,70,89,2.0,Yes,Fluent,CBSE,41.43,"Textbooks, Workbooks"
Male,High School,Medium,Advanced,Medium,70,69,9.4,Yes,Basic,CBSE,46.31,"Textbooks, Workbooks"
Male,Elementary,High,Beginner,Medium,90,93,2.3,Yes,Basic,State Board,45.12,"Textbooks, Workbooks"
Male,Elementary,High,Advanced,High,40,70,3.7,Yes,Basic,CBSE,27.46,"Textbooks, Workbooks"
Male,Elementary,Low,Advanced,Low,73,79,8.3,Yes,Fluent,IB,48.19,"Textbooks, Workbooks"
Male,Elementary,Medium,Intermediate,High,61,66,2.1,No,Intermediate,CBSE,30.94,"Textbooks, Workbooks"
Female,High School,Low,Intermediate,Medium,78,80,6.4,No,Fluent,IB,45.31,"Textbooks, Workbooks"
Male,High School,Medium,Advanced,Medium,35,70,4.6,Yes,Basic,CBSE,23.54,"Textbooks, Workbooks"
Male,High School,High,Intermediate,Low,86,96,6.2,Yes,Fluent,ICSE,58.65,"Educational Apps, Science Kits"
Female,Elementary,Medium,Advanced,Low,35,82,9.6,No,Intermediate,State Board,33.98,"Textbooks, Workbooks"
Female,High School,High,Beginner,Medium,76,90,8.1,Yes,Intermediate,ICSE,52.44,"Educational Apps, Science Kits"
Female,Elementary,Medium,Advanced,Medium,92,77,3.0,Yes,Fluent,ICSE,46.17,"Textbooks, Workbooks"
Male,High School,High,Advanced,High,78,83,0.6,Yes,Intermediate,CBSE,42.89,"Textbooks, Workbooks"
Female,Elementary,High,Intermediate,High,51,81,9.7,Yes,Fluent,State Board,39.89,"Textbooks, Workbooks"
Male,High School,Low,Intermediate,Low,96,96,5.9,Yes,Fluent,IB,56.82,"Educational Apps, Science Kits"
Male,High School,Medium,Beginner,Medium,48,60,1.7,No,Intermediate,ICSE,30.87,"Textbooks, Workbooks"
Male,Elementary,Medium,Beginner,Low,84,65,6.3,Yes,Basic,State Board,42.83,"Textbooks, Workbooks"
Female,High School,Low,Beginner,Medium,63,97,0.4,Yes,Fluent,ICSE,36.27,"Textbooks, Workbooks"
Female,High School,Medium,Advanced,High,70,88,1.9,Yes,Basic,IB,43.04,"Textbooks, Workbooks"
Female,Elementary,Medium,Beginner,Medium,36,70,6.3,Yes,Intermediate,IB,36.7,"Textbooks, Workbooks"
Female,Elementary,High,Beginner,High,86,75,4.0,Yes,Basic,IB,42.85,"Textbooks, Workbooks"
Female,Elementary,Medium,Intermediate,High,45,65,3.3,Yes,Fluent,ICSE,26.07,"Textbooks, Workbooks"
Male,Elementary,High,Intermediate,Medium,88,60,6.6,Yes,Intermediate,State Board,39.92,"Textbooks, Workbooks"
Male,Elementary,High,Beginner,Low,67,94,8.7,No,Fluent,IB,47.63,"Textbooks, Workbooks"
Male,High School,High,Beginner,Medium,38,83,6.8,Yes,Intermediate,CBSE,32.65,"Textbooks, Workbooks"
Male,Elementary,Medium,Advanced,Low,63,97,4.6,No,Fluent,State Board,41.16,"Textbooks, Workbooks"
Female,High School,Medium,Advanced,Medium,75,62,6.6,Yes,Basic,CBSE,42.17,"Textbooks, Workbooks"
Female,High School,Medium,Intermediate,High,66,99,7.0,Yes,Fluent,CBSE,45.96,"Textbooks, Workbooks"
Male,Elementary,Medium,Beginner,Medium,72,61,7.8,Yes,Basic,State Board,41.23,"Textbooks, Workbooks"
Female,High School,Medium,Beginner,High,76,74,3.1,No,Fluent,State Board,42.49,"Textbooks, Workbooks"
Female,High School,High,Beginner,High,35,81,1.1,Yes,Fluent,CBSE,29.14,"Textbooks, Workbooks"
Male,Elementary,Medium,Beginner,High,67,63,6.8,Yes,Fluent,CBSE,41.5,"Textbooks, Workbooks"
Male,High School,Medium,Beginner,Low,90,83,1.2,Yes,Fluent,CBSE,45.03,"Textbooks, Workbooks"
Female,Elementary,High,Advanced,High,33,78,4.6,No,Fluent,State Board,28.47,"Textbooks, Workbooks"
Female,Elementary,Low,Advanced,Medium,34,89,2.3,Yes,Intermediate,CBSE,24.58,"Textbooks, Workbooks"
Male,Elementary,Medium,Beginner,Low,99,81,3.3,No,Basic,ICSE,46.64,"Textbooks, Workbooks"
Male,High School,High,Advanced,High,89,98,4.7,No,Basic,CBSE,54.31,"Educational Apps, Science Kits"
Male,High School,Low,Advanced,High,85,99,9.0,Yes,Intermediate,IB,49.09,"Textbooks, Workbooks"
Female,High School,Medium,Beginner,Medium,88,86,6.8,Yes,Fluent,ICSE,44.5,"Textbooks, Workbooks"
Male,High School,Medium,Advanced,High,36,74,1.7,Yes,Basic,State Board,28.45,"Textbooks, Workbooks"
Male,Elementary,High,Beginner,Low,97,96,8.8,Yes,Intermediate,State Board,58.1,"Educational Apps, Science Kits"
Female,High School,Medium,Advanced,Medium,60,60,5.0,Yes,Intermediate,ICSE,34.88,"Textbooks, Workbooks"
Female,Elementary,Medium,Beginner,Low,77,71,2.0,Yes,Intermediate,CBSE,42.43,"Textbooks, Workbooks"
Female,High School,Medium,Beginner,Medium,71,68,5.3,No,Basic,CBSE,32.27,"Textbooks, Workbooks"
Female,High School,Low,Advanced,Medium,59,78,1.9,Yes,Intermediate,State Board,35.98,"Textbooks, Workbooks"
Female,High School,Medium,Advanced,Low,80,77,3.7,Yes,Intermediate,ICSE,41.34,"Textbooks, Workbooks"
Male,High School,Medium,Intermediate,Medium,64,98,8.1,Yes,Basic,CBSE,43.02,"Textbooks, Workbooks"
Male,High School,Medium,Beginner,Low,91,70,6.6,No,Intermediate,IB,51.32,"Educational Apps, Science Kits"
Female,Elementary,Medium,Beginner,Low,80,70,4.8,Yes,Basic,ICSE,46.75,"Textbooks, Workbooks"
Female,High School,Medium,Beginner,Medium,79,89,2.3,Yes,Fluent,State Board,40.22,"Textbooks, Workbooks"
Female,High School,Medium,Beginner,Medium,59,79,2.8,Yes,Basic,CBSE,38.66,"Textbooks, Workbooks"
Female,High School,Medium,Advanced,Medium,48,74,9.8,Yes,Basic,CBSE,41.94,"Textbooks, Workbooks"
Female,High School,Medium,Advanced,Low,79,84,3.4,Yes,Fluent,CBSE,43.08,"Textbooks, Workbooks"
Male,Elementary,Low,Intermediate,Medium,83,62,6.2,Yes,Intermediate,State Board,43.57,"Textbooks, Workbooks"
Male,High School,High,Beginner,Low,33,85,5.0,No,Intermediate,State Board,30.93,"Textbooks, Workbooks"
Male,Elementary,High,Intermediate,Medium,41,87,0.2,No,Intermediate,ICSE,24.78,"Textbooks, Workbooks"
Male,High School,Medium,Intermediate,High,44,65,9.4,No,Basic,IB,28.93,"Textbooks, Workbooks"
Female,Elementary,Medium,Intermediate,Low,44,91,0.9,Yes,Fluent,IB,41.25,"Textbooks, Workbooks"
Male,Elementary,Medium,Intermediate,Medium,39,70,6.6,Yes,Fluent,State Board,29.5,"Textbooks, Workbooks"
Female,Elementary,Medium,Intermediate,Low,90,72,8.1,Yes,Intermediate,ICSE,41.59,"Textbooks, Workbooks"
Female,Elementary,Medium,Advanced,Medium,48,76,7.5,Yes,Intermediate,ICSE,36.58,"Textbooks, Workbooks"
Female,Elementary,Low,Advanced,Medium,82,95,8.1,No,Intermediate,State Board,52.64,"Educational Apps, Science Kits"
Male,High School,High,Intermediate,High,86,89,7.4,Yes,Fluent,State Board,41.78,"Textbooks, Workbooks"
Female,Elementary,Low,Advanced,Medium,38,63,4.5,No,Intermediate,CBSE,25.03,"Textbooks, Workbooks"
Male,High School,Medium,Advanced,Medium,58,73,9.0,Yes,Fluent,IB,42.43,"Textbooks, Workbooks"
Male,Elementary,High,Intermediate,Medium,36,87,9.1,Yes,Basic,CBSE,36.72,"Textbooks, Workbooks"
Female,Elementary,Medium,Advanced,Low,46,66,4.4,Yes,Intermediate,State Board,28.97,"Textbooks, Workbooks"
Female,High School,Low,Advanced,High,45,75,4.8,No,Basic,ICSE,27.49,"Textbooks, Workbooks"
Female,Elementary,High,Beginner,Medium,67,73,4.9,Yes,Fluent,IB,43.32,"Textbooks, Workbooks"
Male,Elementary,High,Intermediate,Low,76,96,2.8,Yes,Basic,ICSE,38.79,"Textbooks, Workbooks"
Female,Elementary,High,Beginner,Medium,39,98,1.1,Yes,Basic,State Board,38.7,"Textbooks, Workbooks"
Male,Elementary,Medium,Beginner,Medium,53,86,2.6,Yes,Intermediate,IB,36.7,"Textbooks, Workbooks"
Female,High School,Low,Intermediate,Low,79,89,8.4,Yes,Intermediate,State Board,44.66,"Textbooks, Workbooks"
Female,Elementary,High,Beginner,Medium,97,74,5.4,Yes,Fluent,ICSE,48.01,"Textbooks, Workbooks"
Male,Elementary,Medium,Beginner,Medium,72,98,8.5,Yes,Fluent,State Board,45.38,"Textbooks, Workbooks"
Male,High School,High,Advanced,Medium,66,77,7.5,Yes,Fluent,CBSE,41.63,"Textbooks, Workbooks"
Male,High School,Medium,Beginner,Low,74,70,3.5,Yes,Fluent,IB,38.95,"Textbooks, Workbooks"
Male,Elementary,Medium,Intermediate,High,83,81,1.9,Yes,Basic,State Board,46.09,"Textbooks, Workbooks"
Male,Elementary,High,Advanced,Low,72,63,5.7,Yes,Fluent,IB,39.21,"Textbooks, Workbooks"
Male,High School,Medium,Advanced,Medium,97,62,9.4,Yes,Basic,IB,49.98,"Textbooks, Workbooks"
Female,Elementary,Low,Advanced,High,66,83,8.4,Yes,Fluent,ICSE,41.66,"Textbooks, Workbooks"
Female,High School,Medium,Intermediate,Low,70,73,7.6,Yes,Intermediate,CBSE,45.4,"Textbooks, Workbooks"
Male,Elementary,Medium,Intermediate,Low,30,62,7.6,Yes,Fluent,CBSE,31.6,"Textbooks, Workbooks"
Female,High School,Low,Intermediate,Low,45,90,5.3,Yes,Basic,State Board,29.72,"Textbooks, Workbooks"
Male,High School,Medium,Beginner,Low,66,94,1.7,Yes,Basic,IB,43.05,"Textbooks, Workbooks"
Female,High School,Medium,Beginner,Low,66,90,2.9,Yes,Basic,CBSE,45.1,"Textbooks, Workbooks"
Female,Elementary,High,Advanced,Medium,36,71,5.8,Yes,Basic,State Board,26.29,"Textbooks, Workbooks"
Male,Elementary,Medium,Advanced,Medium,69,69,3.2,No,Basic,State Board,36.42,"Textbooks, Workbooks"
Male,Elementary,High,Intermediate,Medium,80,79,7.8,No,Basic,ICSE,45.39,"Textbooks, Workbooks"
Male,Elementary,Low,Intermediate,Low,93,77,3.7,No,Basic,IB,49.1,"Textbooks, Workbooks"
Female,High School,Medium,Beginner,High,51,95,1.1,Yes,Fluent,ICSE,31.35,"Textbooks, Workbooks"
Male,High School,Low,Beginner,Low,72,78,7.8,No,Fluent,State Board,48.29,"Textbooks, Workbooks"
Female,High School,High,Intermediate,Medium,91,76,7.0,Yes,Fluent,ICSE,39.07,"Textbooks, Workbooks"
Male,Elementary,High,Intermediate,Low,83,99,2.5,Yes,Intermediate,CBSE,45.84,"Textbooks, Workbooks"
Female,Elementary,High,Beginner,Low,56,70,9.8,Yes,Basic,IB,37.5,"Textbooks, Workbooks"
Female,Elementary,Medium,Advanced,Medium,58,64,4.0,Yes,Fluent,ICSE,30.88,"Textbooks, Workbooks"
Male,High School,Medium,Advanced,Medium,45,96,6.8,Yes,Intermediate,IB,38.66,"Textbooks, Workbooks"
Female,Elementary,High,Beginner,Medium,40,95,9.1,Yes,Intermediate,IB,36.99,"Textbooks, Workbooks"
Female,Elementary,High,Beginner,Medium,50,73,1.6,Yes,Basic,ICSE,31.16,"Textbooks, Workbooks"
Male,High School,High,Advanced,High,38,87,8.8,Yes,Intermediate,State Board,36.23,"Textbooks, Workbooks"
Female,High School,Medium,Beginner,Medium,56,68,7.0,No,Fluent,State Board,43.51,"Textbooks, Workbooks"
Male,Elementary,High,Advanced,Medium,52,97,1.7,No,Basic,State Board,44.42,"Textbooks, Workbooks"
Male,High School,Low,Advanced,Low,80,88,6.6,Yes,Fluent,CBSE,43.04,"Textbooks, Workbooks"
Male,Elementary,Medium,Beginner,Low,32,84,8.7,No,Fluent,State Board,27.17,"Textbooks, Workbooks"
Male,High School,Low,Intermediate,Medium,45,67,8.0,Yes,Intermediate,CBSE,31.5,"Textbooks, Workbooks"
Female,High School,Medium,Intermediate,Medium,37,78,7.6,Yes,Basic,IB,28.11,"Textbooks, Workbooks"
Female,High School,High,Intermediate,Medium,71,61,1.6,Yes,Intermediate,CBSE,36.92,"Textbooks, Workbooks"
Female,Elementary,High,Intermediate,Low,64,65,1.9,Yes,Intermediate,IB,33.26,"Textbooks, Workbooks"
Male,Elementary,High,Intermediate,High,77,89,5.5,Yes,Fluent,IB,48.07,"Textbooks, Workbooks"
Female,Elementary,Medium,Intermediate,High,83,61,5.8,Yes,Fluent,ICSE,42.27,"Textbooks, Workbooks"
Female,High School,Medium,Intermediate,Medium,65,78,9.4,Yes,Intermediate,IB,45.02,"Textbooks, Workbooks"
Male,High School,High,Beginner,High,35,72,4.7,Yes,Fluent,ICSE,30.88,"Textbooks, Workbooks"
Male,High School,Medium,Beginner,High,41,67,3.0,No,Intermediate,CBSE,24.04,"Textbooks, Workbooks"
Female,High School,High,Intermediate,High,88,68,1.9,Yes,Basic,State Board,34.61,"Textbooks, Workbooks"
Male,Elementary,Medium,Beginner,Medium,94,82,0.5,Yes,Fluent,ICSE,44.89,"Textbooks, Workbooks"
Male,Elementary,Medium,Advanced,High,79,96,0.7,Yes,Fluent,State Board,40.97,"Textbooks, Workbooks"
Male,Elementary,Medium,Intermediate,Low,72,67,5.7,Yes,Intermediate,State Board,41.27,"Textbooks, Workbooks"
Male,High School,High,Advanced,Medium,72,68,1.8,Yes,Intermediate,CBSE,38.62,"Textbooks, Workbooks"
Female,High School,Medium,Beginner,High,78,75,8.5,No,Fluent,State Board,43.18,"Textbooks, Workbooks"
Male,Elementary,Medium,Intermediate,High,84,75,6.0,Yes,Basic,ICSE,48.16,"Textbooks, Workbooks"
Male,High School,High,Advanced,Low,79,71,8.6,Yes,Fluent,State Board,47.94,"Textbooks, Workbooks"
Male,Elementary,Medium,Beginner,High,50,84,4.3,Yes,Intermediate,CBSE,29.62,"Textbooks, Workbooks"
Male,High School,High,Intermediate,Medium,42,70,6.0,Yes,Basic,IB,26.03,"Textbooks, Workbooks"
Male,High School,Medium,Intermediate,Low,71,77,5.3,Yes,Basic,ICSE,43.22,"Textbooks, Workbooks"
Male,Elementary,Medium,Advanced,Medium,44,72,9.9,Yes,Basic,CBSE,31.53,"Textbooks, Workbooks"
Male,Elementary,High,Advanced,High,79,94,8.0,No,Intermediate,ICSE,54.67,"Educational Apps, Science Kits"
Male,High School,Medium,Advanced,High,30,77,6.0,Yes,Fluent,IB,26.6,"Textbooks, Workbooks"
Female,Elementary,Medium,Beginner,High,80,89,6.1,No,Fluent,State Board,50.09,"Educational Apps, Science Kits"
Male,Elementary,Medium,Advanced,Low,63,96,2.5,Yes,Basic,CBSE,36.25,"Textbooks, Workbooks"
Female,High School,Medium,Advanced,Low,71,89,7.3,Yes,Fluent,IB,42.07,"Textbooks, Workbooks"
Male,High School,Medium,Advanced,Low,91,62,9.8,Yes,Intermediate,ICSE,42.54,"Textbooks, Workbooks"
Male,High School,Low,Intermediate,Low,61,88,1.3,Yes,Fluent,State Board,34.28,"Textbooks, Workbooks"
Male,Elementary,High,Advanced,Medium,90,84,6.4,No,Intermediate,IB,46.01,"Textbooks, Workbooks"
Male,High School,High,Advanced,Medium,83,61,5.2,No,Basic,State Board,35.94,"Textbooks, Workbooks"
Female,High School,Low,Beginner,Low,87,64,8.5,Yes,Basic,CBSE,46.37,"Textbooks, Workbooks"
Male,High School,Medium,Beginner,High,53,90,0.0,Yes,Intermediate,IB,38.32,"Textbooks, Workbooks"
Male,High School,Medium,Advanced,Medium,56,64,1.4,No,Basic,IB,27.42,"Textbooks, Workbooks"
Female,High School,Low,Beginner,High,50,80,0.4,Yes,Fluent,State Board,29.31,"Textbooks, Workbooks"
Female,Elementary,Medium,Beginner,Medium,47,85,1.6,Yes,Fluent,State Board,37.91,"Textbooks, Workbooks"
Male,High School,Medium,Beginner,Medium,84,66,7.1,No,Fluent,State Board,46.53,"Textbooks, Workbooks"
Female,High School,Medium,Intermediate,Medium,97,89,1.4,No,Intermediate,CBSE,46.45,"Textbooks, Workbooks"
Female,Elementary,Medium,Advanced,Medium,76,93,6.2,Yes,Fluent,CBSE,40.84,"Textbooks, Workbooks"
Female,High School,Medium,Advanced,Medium,83,87,8.7,Yes,Basic,State Board,47.3,"Textbooks, Workbooks"
Male,High School,High,Advanced,Medium,47,73,0.3,Yes,Fluent,IB,24.43,"Textbooks, Workbooks"
Male,Elementary,High,Beginner,High,93,77,0.3,No,Fluent,ICSE,41.0,"Textbooks, Workbooks"
Male,High School,Medium,Beginner,High,78,76,9.9,Yes,Intermediate,IB,45.29,"Textbooks, Workbooks"
Female,Elementary,High,Beginner,Medium,64,84,6.7,Yes,Basic,IB,38.49,"Textbooks, Workbooks"
Male,High School,Medium,Intermediate,Low,68,65,1.4,No,Fluent,CBSE,27.57,"Textbooks, Workbooks"
Female,Elementary,High,Beginner,High,87,64,3.1,Yes,Basic,CBSE,41.75,"Textbooks, Workbooks"
Male,Elementary,Medium,Intermediate,High,86,80,9.9,Yes,Intermediate,CBSE,47.93,"Textbooks, Workbooks"
Male,High School,High,Advanced,Medium,35,98,2.3,Yes,Intermediate,CBSE,27.48,"Textbooks, Workbooks"
Female,Elementary,Medium,Beginner,High,49,79,7.5,Yes,Fluent,IB,35.73,"Textbooks, Workbooks"
Male,Elementary,Medium,Intermediate,Low,79,70,2.4,Yes,Fluent,CBSE,37.63,"Textbooks, Workbooks"
Female,High School,Medium,Intermediate,Low,38,64,4.0,Yes,Basic,State Board,27.65,"Textbooks, Workbooks"
Female,High School,Medium,Beginner,Low,43,97,8.8,No,Fluent,CBSE,37.45,"Textbooks, Workbooks"
Male,Elementary,Medium,Intermediate,Low,52,98,0.3,Yes,Intermediate,State Board,33.17,"Textbooks, Workbooks"
Female,High School,Medium,Beginner,Medium,77,94,3.1,Yes,Intermediate,State Board,42.56,"Textbooks, Workbooks"
Male,Elementary,High,Intermediate,Low,85,94,4.9,Yes,Intermediate,State Board,44.23,"Textbooks, Workbooks"
Male,Elementary,Medium,Advanced,High,69,84,6.3,Yes,Intermediate,ICSE,44.29,"Textbooks, Workbooks"
Female,High School,Medium,Advanced,Medium,98,89,0.3,Yes,Intermediate,ICSE,51.37,"Educational Apps, Science Kits"
Male,High School,Medium,Advanced,Medium,68,61,4.1,Yes,Fluent,ICSE,33.6,"Textbooks, Workbooks"
Female,Elementary,High,Beginner,Low,72,79,3.4,Yes,Basic,ICSE,41.52,"Textbooks, Workbooks"
Male,High School,High,Advanced,Medium,60,95,0.3,Yes,Fluent,IB,33.12,"Textbooks, Workbooks"
Male,High School,High,Advanced,Low,99,96,3.6,Yes,Fluent,ICSE,46.52,"Textbooks, Workbooks"
Male,Elementary,Medium,Advanced,High,32,61,9.3,No,Basic,ICSE,24.73,"Textbooks, Workbooks"
Male,Elementary,Medium,Beginner,High,33,86,2.7,Yes,Fluent,ICSE,22.65,"Textbooks, Workbooks"
Male,Elementary,Low,Intermediate,Medium,56,91,5.9,Yes,Basic,State Board,44.36,"Textbooks, Workbooks"
Female,Elementary,Medium,Beginner,Low,56,63,3.0,Yes,Intermediate,IB,29.74,"Textbooks, Workbooks"
Female,Elementary,Low,Beginner,High,76,86,1.1,Yes,Intermediate,State Board,40.14,"Textbooks, Workbooks"
Female,Elementary,Medium,Advanced,Medium,89,89,2.9,Yes,Intermediate,State Board,50.1,"Educational Apps, Science Kits"
Female,High School,Medium,Intermediate,Low,65,62,4.7,Yes,Intermediate,State Board,31.59,"Textbooks, Workbooks"
Female,Elementary,Medium,Advanced,Medium,75,86,3.0,Yes,Intermediate,IB,38.49,"Textbooks, Workbooks"
Female,High School,Medium,Advanced,High,90,97,6.2,Yes,Basic,IB,48.12,"Textbooks, Workbooks"
Male,High School,High,Beginner,Low,71,95,9.5,No,Fluent,ICSE,43.25,"Textbooks, Workbooks"
Male,Elementary,Low,Beginner,High,36,60,0.7,Yes,Basic,State Board,23.68,"Textbooks, Workbooks"
Female,High School,High,Beginner,Low,59,94,7.2,Yes,Basic,State Board,47.59,"Textbooks, Workbooks"
Female,Elementary,Low,Advanced,Low,79,71,0.0,Yes,Basic,IB,42.2,"Textbooks, Workbooks"
Male,High School,Low,Intermediate,Medium,76,94,0.0,Yes,Basic,IB,33.99,"Textbooks, Workbooks"
Male,Elementary,Low,Intermediate,Low,69,77,1.3,Yes,Basic,State Board,38.98,"Textbooks, Workbooks"
Male,Elementary,High,Advanced,Medium,34,96,4.8,Yes,Intermediate,ICSE,36.74,"Textbooks, Workbooks"
Female,Elementary,Medium,Intermediate,Low,99,82,0.5,Yes,Fluent,IB,43.39,"Textbooks, Workbooks"
Female,Elementary,High,Advanced,Medium,87,92,7.2,No,Intermediate,IB,44.56,"Textbooks, Workbooks"
Female,High School,Medium,Intermediate,Low,73,73,0.3,No,Basic,IB,40.73,"Textbooks, Workbooks"
Male,High School,Low,Advanced,High,61,60,5.0,Yes,Fluent,State Board,34.2,"Textbooks, Workbooks"
Male,High School,High,Intermediate,High,69,86,6.8,Yes,Basic,State Board,44.27,"Textbooks, Workbooks"
Female,High School,Low,Beginner,High,86,83,2.4,Yes,Intermediate,State Board,44.55,"Textbooks, Workbooks"
Female,High School,High,Beginner,High,40,61,5.8,Yes,Intermediate,ICSE,31.07,"Textbooks, Workbooks"
Male,Elementary,Low,Beginner,Medium,69,71,2.6,Yes,Basic,State Board,38.42,"Textbooks, Workbooks"
Male,Elementary,Medium,Beginner,Medium,76,72,2.1,Yes,Fluent,State Board,38.97,"Textbooks, Workbooks"
Male,Elementary,High,Advanced,High,31,86,8.2,Yes,Basic,State Board,33.42,"Textbooks, Workbooks"
Male,Elementary,High,Intermediate,Low,81,79,3.3,Yes,Fluent,IB,45.88,"Textbooks, Workbooks"
Female,Elementary,Medium,Advanced,Medium,78,96,8.1,Yes,Basic,CBSE,49.7,"Textbooks, Workbooks"
Male,High School,High,Beginner,High,88,93,2.2,No,Fluent,IB,44.1,"Textbooks, Workbooks"
Male,Elementary,Low,Intermediate,Low,67,65,3.6,Yes,Basic,ICSE,36.6,"Textbooks, Workbooks"
Male,Elementary,High,Advanced,High,45,67,1.0,No,Intermediate,CBSE,28.6,"Textbooks, Workbooks"
Female,High School,Medium,Beginner,Medium,56,80,5.0,Yes,Basic,CBSE,36.89,"Textbooks, Workbooks"
Female,High School,Low,Intermediate,Medium,57,98,3.8,Yes,Fluent,ICSE,41.25,"Textbooks, Workbooks"
Male,Elementary,Medium,Intermediate,High,95,80,0.1,Yes,Fluent,State Board,47.74,"Textbooks, Workbooks"
Male,Elementary,Low,Beginner,Medium,74,65,4.6,Yes,Intermediate,IB,40.09,"Textbooks, Workbooks"
Male,High School,Medium,Beginner,High,62,89,0.7,Yes,Fluent,ICSE,34.74,"Textbooks, Workbooks"
Female,Elementary,Medium,Intermediate,High,89,69,8.4,No,Fluent,ICSE,49.76,"Textbooks, Workbooks"
Female,Elementary,Medium,Beginner,Medium,79,70,4.9,Yes,Fluent,ICSE,34.29,"Textbooks, Workbooks"
Female,Elementary,High,Advanced,Low,75,60,6.9,Yes,Intermediate,CBSE,46.99,"Textbooks, Workbooks"
Male,High School,Low,Beginner,Low,64,69,8.2,Yes,Basic,IB,48.32,"Textbooks, Workbooks"
Female,Elementary,Medium,Beginner,Medium,70,84,0.5,Yes,Intermediate,ICSE,38.59,"Textbooks, Workbooks"
Male,Elementary,Medium,Beginner,High,87,75,3.4,Yes,Intermediate,IB,44.18,"Textbooks, Workbooks"
Male,High School,High,Intermediate,Low,84,78,0.3,Yes,Basic,CBSE,42.32,"Textbooks, Workbooks"
Male,High School,Medium,Intermediate,Low,34,69,0.5,Yes,Fluent,IB,26.99,"Textbooks, Workbooks"
Female,High School,Medium,Beginner,Low,34,73,0.4,No,Basic,ICSE,29.38,"Textbooks, Workbooks"
Male,Elementary,Medium,Intermediate,Medium,51,62,4.8,No,Intermediate,CBSE,35.16,"Textbooks, Workbooks"
Female,High School,Medium,Beginner,High,63,63,4.5,No,Basic,CBSE,41.78,"Textbooks, Workbooks"
Female,Elementary,Low,Advanced,Low,94,99,0.6,No,Intermediate,CBSE,51.6,"Educational Apps, Science Kits"
Male,High School,Medium,Intermediate,Low,88,92,2.6,Yes,Basic,CBSE,55.71,"Educational Apps, Science Kits"
Male,Elementary,Low,Beginner,Medium,46,79,2.4,No,Intermediate,ICSE,33.62,"Textbooks, Workbooks"
Female,High School,Medium,Intermediate,High,80,74,3.0,Yes,Fluent,ICSE,40.75,"Textbooks, Workbooks"
Male,Elementary,Medium,Advanced,High,78,66,6.4,Yes,Basic,State Board,35.14,"Textbooks, Workbooks"
Female,Elementary,Medium,Advanced,High,38,62,7.0,Yes,Basic,IB,28.44,"Textbooks, Workbooks"
Male,High School,Low,Beginner,Low,44,86,3.4,No,Basic,CBSE,32.54,"Textbooks, Workbooks"
Female,High School,High,Intermediate,Medium,58,96,7.9,Yes,Fluent,IB,44.45,"Textbooks, Workbooks"
Female,Elementary,High,Advanced,High,82,88,4.2,Yes,Basic,CBSE,44.36,"Textbooks, Workbooks"
Female,High School,Low,Intermediate,High,54,85,5.2,No,Basic,IB,36.44,"Textbooks, Workbooks"
Female,Elementary,Medium,Beginner,Medium,57,86,1.5,Yes,Basic,IB,26.52,"Textbooks, Workbooks"
Male,High School,Medium,Advanced,High,52,84,2.3,Yes,Intermediate,ICSE,38.89,"Textbooks, Workbooks"
Male,High School,Low,Advanced,High,32,99,7.3,Yes,Intermediate,State Board,38.75,"Textbooks, Workbooks"
Female,Elementary,Medium,Intermediate,Medium,62,89,9.8,Yes,Basic,CBSE,47.03,"Textbooks, Workbooks"
Female,High School,Medium,Advanced,Low,98,79,7.0,Yes,Fluent,State Board,53.65,"Educational Apps, Science Kits"
Male,High School,High,Beginner,Medium,46,66,0.5,Yes,Intermediate,IB,28.23,"Textbooks, Workbooks"
Male,Elementary,High,Beginner,High,96,88,1.4,No,Fluent,IB,48.11,"Textbooks, Workbooks"
Male,Elementary,Medium,Advanced,Medium,96,93,4.5,Yes,Fluent,CBSE,57.59,"Educational Apps, Science Kits"
Male,High School,Medium,Beginner,High,63,85,7.3,Yes,Fluent,State Board,39.16,"Textbooks, Workbooks"
Male,Elementary,High,Advanced,Medium,37,86,1.7,Yes,Basic,IB,21.21,"Textbooks, Workbooks"
Male,High School,High,Advanced,Low,74,68,7.5,No,Fluent,CBSE,43.77,"Textbooks, Workbooks"
Female,High School,High,Advanced,Low,89,81,5.6,Yes,Fluent,State Board,52.08,"Educational Apps, Science Kits"
Male,Elementary,Low,Advanced,High,85,71,7.7,Yes,Fluent,IB,46.9,"Textbooks, Workbooks"
Male,Elementary,Low,Intermediate,Medium,99,65,5.6,Yes,Basic,ICSE,53.7,"Educational Apps, Science Kits"
Female,Elementary,Medium,Advanced,Low,51,65,6.0,Yes,Intermediate,ICSE,40.04,"Textbooks, Workbooks"
Male,Elementary,Medium,Beginner,High,62,86,2.5,Yes,Intermediate,State Board,38.47,"Textbooks, Workbooks"
Male,Elementary,Low,Intermediate,Medium,79,78,7.2,Yes,Fluent,IB,53.76,"Educational Apps, Science Kits"
Male,Elementary,Low,Beginner,High,75,65,8.4,Yes,Intermediate,ICSE,34.05,"Textbooks, Workbooks"
Male,High School,High,Advanced,Medium,81,76,8.7,Yes,Basic,IB,43.27,"Textbooks, Workbooks"
Male,High School,High,Beginner,Low,95,88,0.3,No,Basic,ICSE,50.76,"Educational Apps, Science Kits"
Female,Elementary,Medium,Intermediate,Medium,50,82,6.2,Yes,Basic,ICSE,38.53,"Textbooks, Workbooks"
Male,High School,High,Beginner,High,53,76,9.9,Yes,Intermediate,CBSE,36.29,"Textbooks, Workbooks"
Female,High School,Medium,Intermediate,Low,77,80,5.9,Yes,Fluent,CBSE,43.53,"Textbooks, Workbooks"
Female,High School,High,Advanced,High,42,69,1.7,Yes,Fluent,ICSE,36.48,"Textbooks, Workbooks"
Male,High School,Medium,Advanced,Low,93,67,8.8,Yes,Fluent,IB,55.1,"Educational Apps, Science Kits"
Female,Elementary,Low,Beginner,Medium,34,73,2.6,Yes,Intermediate,State Board,16.41,"Textbooks, Workbooks"
Male,High School,Medium,Beginner,Medium,47,90,0.5,Yes,Fluent,IB,29.7,"Textbooks, Workbooks"
Female,High School,Medium,Advanced,High,66,77,4.3,Yes,Intermediate,CBSE,38.23,"Textbooks, Workbooks"
Female,Elementary,Medium,Advanced,Medium,83,89,1.0,Yes,Intermediate,CBSE,47.34,"Textbooks, Workbooks"
Male,Elementary,Low,Beginner,Medium,61,77,1.2,No,Fluent,ICSE,36.42,"Textbooks, Workbooks"
Male,Elementary,High,Advanced,High,57,84,4.6,Yes,Basic,IB,41.73,"Textbooks, Workbooks"
Male,Elementary,Medium,Intermediate,Low,74,96,6.1,Yes,Fluent,IB,47.27,"Textbooks, Workbooks"
Male,High School,Low,Intermediate,Low,57,84,9.1,Yes,Basic,ICSE,41.74,"Textbooks, Workbooks"
Male,Elementary,Medium,Beginner,Low,94,89,7.1,Yes,Basic,State Board,54.88,"Educational Apps, Science Kits"
Female,High School,Medium,Beginner,Medium,99,89,8.4,Yes,Basic,CBSE,52.65,"Educational Apps, Science Kits"
Female,High School,Medium,Advanced,Medium,71,95,4.1,Yes,Intermediate,State Board,44.88,"Textbooks, Workbooks"
Female,Elementary,High,Advanced,High,62,70,3.2,Yes,Intermediate,IB,42.09,"Textbooks, Workbooks"
Female,Elementary,Medium,Intermediate,Medium,45,98,5.9,No,Basic,ICSE,28.36,"Textbooks, Workbooks"
Female,Elementary,Medium,Beginner,Low,42,86,7.0,Yes,Basic,ICSE,36.05,"Textbooks, Workbooks"
Female,Elementary,High,Beginner,High,50,75,5.7,Yes,Basic,IB,24.59,"Textbooks, Workbooks"
Female,Elementary,Low,Beginner,Low,88,97,2.6,Yes,Fluent,ICSE,50.94,"Educational Apps, Science Kits"
Male,Elementary,Medium,Beginner,High,76,91,3.7,Yes,Basic,ICSE,44.41,"Textbooks, Workbooks"
Male,High School,High,Intermediate,Low,68,88,4.5,Yes,Intermediate,CBSE,44.99,"Textbooks, Workbooks"
Female,High School,Low,Intermediate,Low,72,69,0.1,Yes,Basic,CBSE,32.32,"Textbooks, Workbooks"
Female,High School,Medium,Beginner,Medium,56,89,8.8,Yes,Fluent,CBSE,38.99,"Textbooks, Workbooks"
Male,High School,High,Intermediate,Low,66,70,5.1,Yes,Fluent,State Board,42.35,"Textbooks, Workbooks"
Male,Elementary,Medium,Beginner,Low,32,74,7.5,Yes,Basic,CBSE,34.47,"Textbooks, Workbooks"
Male,Elementary,Medium,Intermediate,Medium,36,82,1.7,Yes,Basic,State Board,22.78,"Textbooks, Workbooks"
Male,High School,High,Advanced,Low,87,82,5.6,Yes,Fluent,IB,45.55,"Textbooks, Workbooks"
Female,High School,Low,Intermediate,Low,49,66,9.3,No,Basic,State Board,30.96,"Textbooks, Workbooks"
Male,High School,Low,Beginner,Low,94,73,2.1,Yes,Fluent,CBSE,49.13,"Textbooks, Workbooks"
Female,Elementary,High,Advanced,Medium,43,68,3.5,Yes,Fluent,IB,30.34,"Textbooks, Workbooks"
Female,Elementary,High,Beginner,Medium,78,87,3.9,Yes,Intermediate,IB,46.56,"Textbooks, Workbooks"
Female,Elementary,Medium,Advanced,Low,66,65,3.8,Yes,Basic,IB,36.23,"Textbooks, Workbooks"
Male,High School,Medium,Advanced,Medium,35,81,6.0,Yes,Intermediate,IB,21.25,"Textbooks, Workbooks"
Male,High School,High,Intermediate,High,35,77,3.9,Yes,Intermediate,IB,24.67,"Textbooks, Workbooks"
Female,Elementary,High,Intermediate,Medium,57,97,6.7,Yes,Basic,CBSE,40.05,"Textbooks, Workbooks"
Female,Elementary,Medium,Advanced,Medium,42,81,4.8,Yes,Intermediate,State Board,26.29,"Textbooks, Workbooks"
Female,High School,Low,Advanced,Low,42,68,1.6,Yes,Intermediate,IB,17.85,"Textbooks, Workbooks"
Male,High School,Medium,Advanced,Medium,39,77,9.5,Yes,Intermediate,State Board,37.91,"Textbooks, Workbooks"
Female,Elementary,High,Beginner,High,68,80,2.4,Yes,Fluent,IB,34.66,"Textbooks, Workbooks"
Male,High School,High,Intermediate,Medium,52,74,5.6,Yes,Intermediate,State Board,36.61,"Textbooks, Workbooks"
Female,Elementary,High,Beginner,Low,66,68,0.6,Yes,Fluent,ICSE,39.64,"Textbooks, Workbooks"
Female,Elementary,High,Intermediate,Low,37,61,9.2,Yes,Basic,CBSE,27.95,"Textbooks, Workbooks"
Female,High School,Medium,Beginner,High,89,73,9.3,No,Fluent,ICSE,49.36,"Textbooks, Workbooks"
Male,High School,Medium,Intermediate,High,34,80,3.6,Yes,Basic,CBSE,30.52,"Textbooks, Workbooks"
Male,High School,High,Advanced,Medium,56,93,1.2,Yes,Basic,CBSE,33.94,"Textbooks, Workbooks"
Female,Elementary,High,Advanced,Low,48,66,7.7,Yes,Intermediate,IB,34.26,"Textbooks, Workbooks"
Male,High School,Medium,Intermediate,High,72,74,2.6,Yes,Basic,ICSE,41.94,"Textbooks, Workbooks"
Female,High School,Low,Advanced,Low,72,98,7.0,Yes,Fluent,ICSE,38.83,"Textbooks, Workbooks"
Male,Elementary,High,Advanced,Medium,64,71,9.2,Yes,Fluent,State Board,48.2,"Textbooks, Workbooks"
Male,Elementary,Medium,Beginner,High,84,66,5.9,Yes,Intermediate,IB,45.55,"Textbooks, Workbooks"
Male,High School,Medium,Intermediate,Medium,90,64,8.6,Yes,Intermediate,ICSE,49.01,"Textbooks, Workbooks"
Female,Elementary,Medium,Advanced,Low,76,98,2.2,Yes,Intermediate,CBSE,44.31,"Textbooks, Workbooks"
Male,Elementary,Medium,Intermediate,Low,85,82,9.1,Yes,Basic,State Board,56.9,"Educational Apps, Science Kits"
Male,Elementary,Medium,Beginner,High,47,87,2.3,No,Basic,CBSE,26.91,"Textbooks, Workbooks"
Female,High School,High,Intermediate,Medium,94,93,2.3,No,Basic,CBSE,51.24,"Educational Apps, Science Kits"
Female,High School,Medium,Beginner,High,82,84,8.8,Yes,Basic,State Board,54.09,"Educational Apps, Science Kits"
Female,Elementary,Low,Beginner,Medium,40,61,5.5,Yes,Intermediate,CBSE,33.38,"Textbooks, Workbooks"
Female,Elementary,Medium,Beginner,High,30,68,8.0,Yes,Basic,State Board,31.8,"Textbooks, Workbooks"
Male,Elementary,High,Advanced,High,37,93,8.0,Yes,Fluent,State Board,32.99,"Textbooks, Workbooks"
Male,High School,High,Beginner,Medium,48,91,6.5,Yes,Fluent,IB,39.54,"Textbooks, Workbooks"
Male,Elementary,High,Intermediate,Medium,84,71,1.9,Yes,Intermediate,State Board,45.22,"Textbooks, Workbooks"
Male,Elementary,High,Intermediate,Medium,45,78,6.9,Yes,Intermediate,IB,34.82,"Textbooks, Workbooks"
Male,High School,Low,Advanced,Medium,95,97,0.6,Yes,Fluent,State Board,46.06,"Textbooks, Workbooks"
Female,Elementary,Low,Advanced,Medium,41,69,2.0,Yes,Basic,IB,26.59,"Textbooks, Workbooks"
Male,High School,Medium,Beginner,High,91,69,6.4,No,Basic,ICSE,47.3,"Textbooks, Workbooks"
Male,High School,Medium,Beginner,Low,87,94,9.1,Yes,Intermediate,State Board,49.18,"Textbooks, Workbooks"
Male,High School,High,Beginner,Medium,50,96,7.7,No,Intermediate,ICSE,42.3,"Textbooks, Workbooks"
Female,Elementary,Medium,Advanced,Medium,66,91,3.3,Yes,Fluent,ICSE,40.86,"Textbooks, Workbooks"
Female,Elementary,High,Advanced,Low,34,66,8.2,Yes,Fluent,State Board,36.47,"Textbooks, Workbooks"
Male,High School,Medium,Intermediate,Medium,99,69,9.7,Yes,Intermediate,State Board,49.13,"Textbooks, Workbooks"
Female,Elementary,Medium,Beginner,High,61,97,3.3,Yes,Basic,ICSE,39.99,"Textbooks, Workbooks"
Female,High School,Medium,Beginner,Medium,96,86,1.9,Yes,Fluent,State Board,53.55,"Educational Apps, Science Kits"
Female,Elementary,Medium,Intermediate,High,39,91,2.0,Yes,Basic,IB,27.35,"Textbooks, Workbooks"
Female,High School,Medium,Intermediate,High,98,66,4.0,No,Basic,ICSE,41.54,"Textbooks, Workbooks"
Female,High School,Medium,Intermediate,High,91,85,0.5,Yes,Intermediate,State Board,47.26,"Textbooks, Workbooks"
Female,Elementary,Medium,Intermediate,Medium,66,81,4.9,Yes,Basic,ICSE,32.15,"Textbooks, Workbooks"
Female,Elementary,Medium,Beginner,Low,76,71,7.3,Yes,Intermediate,ICSE,45.95,"Textbooks, Workbooks"
Male,Elementary,Low,Advanced,Medium,78,83,5.3,Yes,Intermediate,CBSE,36.01,"Textbooks, Workbooks"
Male,Elementary,Medium,Beginner,Low,53,88,9.7,Yes,Basic,State Board,41.65,"Textbooks, Workbooks"
Female,High School,Medium,Intermediate,High,55,91,4.6,No,Fluent,IB,42.47,"Textbooks, Workbooks"
Male,High School,Low,Advanced,Low,84,75,0.1,No,Basic,IB,40.53,"Textbooks, Workbooks"
Male,Elementary,Medium,Beginner,Low,36,85,4.7,Yes,Intermediate,IB,31.08,"Textbooks, Workbooks"
Female,Elementary,Medium,Intermediate,Medium,70,65,9.3,Yes,Basic,CBSE,40.91,"Textbooks, Workbooks"
Male,High School,Medium,Advanced,Medium,31,60,1.0,Yes,Fluent,IB,27.62,"Textbooks, Workbooks"
Female,Elementary,Low,Advanced,Low,59,72,2.2,Yes,Basic,IB,31.21,"Textbooks, Workbooks"
Female,Elementary,Medium,Advanced,Low,49,97,7.2,No,Basic,IB,45.49,"Textbooks, Workbooks"
Female,Elementary,Medium,Beginner,High,85,65,2.9,No,Intermediate,State Board,43.77,"Textbooks, Workbooks"
Male,Elementary,Medium,Intermediate,Medium,53,97,7.7,Yes,Basic,ICSE,42.71,"Textbooks, Workbooks"
Male,High School,High,Beginner,Low,41,71,4.2,Yes,Basic,ICSE,33.96,"Textbooks, Workbooks"
Male,High School,Medium,Beginner,Medium,44,68,8.0,Yes,Basic,IB,29.93,"Textbooks, Workbooks"
Male,Elementary,Medium,Beginner,Low,77,79,5.5,Yes,Fluent,State Board,45.52,"Textbooks, Workbooks"
Female,High School,High,Advanced,Low,90,98,0.8,Yes,Basic,State Board,43.35,"Textbooks, Workbooks"
Female,Elementary,Medium,Intermediate,High,57,86,3.9,No,Basic,State Board,44.31,"Textbooks, Workbooks"
Male,Elementary,High,Beginner,Medium,32,62,3.3,No,Basic,CBSE,24.61,"Textbooks, Workbooks"
Female,Elementary,Medium,Intermediate,Low,45,83,8.1,Yes,Fluent,State Board,38.69,"Textbooks, Workbooks"
Female,High School,Medium,Advanced,High,65,74,6.2,Yes,Basic,ICSE,48.84,"Textbooks, Workbooks"
Male,High School,High,Beginner,High,33,93,7.8,Yes,Basic,CBSE,38.15,"Textbooks, Workbooks"
Female,High School,Low,Intermediate,Low,38,91,3.7,Yes,Basic,State Board,31.27,"Textbooks, Workbooks"
Male,High School,Medium,Advanced,Medium,41,80,6.9,Yes,Fluent,CBSE,43.92,"Textbooks, Workbooks"
Female,High School,Medium,Beginner,High,73,60,0.7,Yes,Intermediate,CBSE,31.06,"Textbooks, Workbooks"
Male,Elementary,Medium,Beginner,Medium,95,92,0.4,Yes,Intermediate,IB,45.99,"Textbooks, Workbooks"
Female,Elementary,Medium,Intermediate,Medium,48,70,2.9,Yes,Intermediate,State Board,31.59,"Textbooks, Workbooks"
Female,High School,Medium,Intermediate,Medium,42,62,7.7,Yes,Basic,ICSE,28.41,"Textbooks, Workbooks"
Male,High School,High,Beginner,Medium,84,81,5.3,Yes,Fluent,State Board,47.33,"Textbooks, Workbooks"
Male,High School,High,Beginner,Medium,94,69,4.1,Yes,Intermediate,IB,43.33,"Textbooks, Workbooks"
Male,Elementary,Medium,Advanced,Medium,99,97,9.0,No,Fluent,IB,56.99,"Educational Apps, Science Kits"
Male,High School,High,Advanced,Low,32,83,5.0,Yes,Fluent,State Board,25.37,"Textbooks, Workbooks"
Female,Elementary,Medium,Beginner,High,54,66,6.1,Yes,Basic,ICSE,30.22,"Textbooks, Workbooks"
Female,Elementary,Medium,Intermediate,Low,81,95,9.9,Yes,Basic,State Board,55.7,"Educational Apps, Science Kits"
Male,High School,High,Intermediate,Medium,45,60,5.2,Yes,Fluent,CBSE,32.66,"Textbooks, Workbooks"
Female,Elementary,High,Beginner,Medium,72,60,7.8,Yes,Intermediate,IB,37.59,"Textbooks, Workbooks"
Male,Elementary,High,Advanced,High,85,85,4.1,Yes,Fluent,CBSE,45.57,"Textbooks, Workbooks"
Male,High School,Low,Beginner,Medium,97,76,0.4,Yes,Intermediate,State Board,52.05,"Educational Apps, Science Kits"
Female,Elementary,Medium,Intermediate,High,37,70,8.3,Yes,Fluent,CBSE,31.98,"Textbooks, Workbooks"
Female,High School,High,Beginner,Low,73,62,9.4,Yes,Intermediate,CBSE,39.94,"Textbooks, Workbooks"
Male,Elementary,Medium,Beginner,Medium,67,69,4.3,Yes,Intermediate,State Board,36.73,"Textbooks, Workbooks"
Male,High School,Medium,Advanced,High,52,61,5.0,Yes,Fluent,ICSE,31.79,"Textbooks, Workbooks"
Male,High School,Medium,Intermediate,High,35,91,4.2,Yes,Fluent,State Board,26.55,"Textbooks, Workbooks"
Female,Elementary,High,Intermediate,Medium,72,75,10.0,Yes,Fluent,CBSE,46.3,"Textbooks, Workbooks"
Female,High School,Medium,Beginner,Medium,73,85,9.0,Yes,Fluent,ICSE,48.16,"Textbooks, Workbooks"
Female,Elementary,Medium,Intermediate,Low,52,99,0.4,Yes,Fluent,ICSE,38.22,"Textbooks, Workbooks"
Female,Elementary,Low,Intermediate,Medium,45,98,7.8,Yes,Intermediate,IB,38.03,"Textbooks, Workbooks"
Male,High School,Medium,Intermediate,Medium,38,69,6.0,Yes,Intermediate,CBSE,26.45,"Textbooks, Workbooks"
Male,Elementary,High,Intermediate,Low,38,95,0.3,Yes,Fluent,State Board,30.74,"Textbooks, Workbooks"
Male,High School,Low,Advanced,High,87,89,4.4,No,Intermediate,State Board,49.34,"Textbooks, Workbooks"
Male,Elementary,Medium,Advanced,High,94,68,1.5,No,Intermediate,IB,40.93,"Textbooks, Workbooks"
Male,Elementary,Medium,Advanced,Low,88,64,8.7,Yes,Intermediate,State Board,50.33,"Educational Apps, Science Kits"
Male,High School,Low,Advanced,Medium,52,66,0.1,Yes,Intermediate,IB,35.46,"Textbooks, Workbooks"
Female,Elementary,Medium,Advanced,High,98,95,8.7,Yes,Intermediate,ICSE,61.83,"Educational Apps, Science Kits"
Female,Elementary,Low,Intermediate,Low,48,60,9.4,No,Intermediate,IB,27.74,"Textbooks, Workbooks"
Male,Elementary,Medium,Beginner,Medium,64,86,0.7,No,Fluent,CBSE,41.13,"Textbooks, Workbooks"
Male,Elementary,Medium,Beginner,Medium,84,71,7.2,Yes,Intermediate,State Board,46.02,"Textbooks, Workbooks"
Female,Elementary,High,Advanced,Low,69,75,5.5,Yes,Fluent,CBSE,37.74,"Textbooks, Workbooks"
Female,Elementary,High,Intermediate,Medium,43,67,9.5,Yes,Basic,ICSE,21.95,"Textbooks, Workbooks"
Female,Elementary,Medium,Advanced,High,42,84,8.0,Yes,Intermediate,CBSE,37.24,"Textbooks, Workbooks"
Female,Elementary,Low,Beginner,Medium,82,72,6.9,Yes,Fluent,ICSE,48.25,"Textbooks, Workbooks"
Male,High School,High,Intermediate,Medium,68,69,9.3,Yes,Intermediate,ICSE,39.88,"Textbooks, Workbooks"
Male,Elementary,Medium,Intermediate,Medium,94,99,1.6,Yes,Basic,ICSE,45.35,"Textbooks, Workbooks"
Male,Elementary,Low,Intermediate,High,85,92,3.8,No,Fluent,CBSE,45.5,"Textbooks, Workbooks"
Male,High School,High,Beginner,High,69,94,8.4,No,Basic,IB,48.52,"Textbooks, Workbooks"
Male,High School,Medium,Beginner,Low,75,96,1.0,Yes,Basic,State Board,47.24,"Textbooks, Workbooks"
Female,High School,Medium,Advanced,High,36,98,9.4,No,Basic,ICSE,32.67,"Textbooks, Workbooks"
Male,Elementary,Medium,Advanced,Low,74,87,7.5,No,Intermediate,ICSE,43.5,"Textbooks, Workbooks"
Female,High School,Medium,Beginner,Low,51,75,4.4,Yes,Fluent,IB,30.17,"Textbooks, Workbooks"
Male,High School,High,Advanced,Medium,36,67,3.4,Yes,Intermediate,ICSE,25.58,"Textbooks, Workbooks"
Male,Elementary,Medium,Beginner,Medium,81,92,1.5,No,Intermediate,IB,41.64,"Textbooks, Workbooks"
Male,Elementary,Low,Intermediate,Medium,97,94,0.9,Yes,Basic,ICSE,45.74,"Textbooks, Workbooks"
Male,High School,High,Advanced,Medium,99,97,4.2,No,Intermediate,IB,58.82,"Educational Apps, Science Kits"
Male,High School,High,Beginner,Low,96,71,8.4,Yes,Fluent,State Board,43.52,"Textbooks, Workbooks"
Female,Elementary,Medium,Beginner,Low,32,74,5.3,Yes,Fluent,ICSE,22.79,"Textbooks, Workbooks"
Female,Elementary,Medium,Beginner,Medium,87,76,4.5,Yes,Basic,ICSE,44.94,"Textbooks, Workbooks"
Female,Elementary,Low,Advanced,Low,96,86,3.2,Yes,Intermediate,ICSE,51.73,"Educational Apps, Science Kits"
Male,Elementary,High,Advanced,Low,83,80,1.6,No,Intermediate,ICSE,46.58,"Textbooks, Workbooks"
Male,Elementary,Low,Intermediate,Low,38,80,9.9,Yes,Basic,CBSE,33.54,"Textbooks, Workbooks"
Female,High School,Low,Advanced,High,83,76,0.3,Yes,Intermediate,CBSE,42.71,"Textbooks, Workbooks"
Male,Elementary,Medium,Advanced,High,80,86,3.1,No,Basic,ICSE,35.63,"Textbooks, Workbooks"
Male,Elementary,Low,Advanced,Low,45,71,7.7,No,Intermediate,IB,29.57,"Textbooks, Workbooks"
Female,Elementary,Low,Intermediate,Low,41,95,5.2,No,Fluent,ICSE,30.53,"Textbooks, Workbooks"
Male,Elementary,Medium,Intermediate,Medium,49,87,3.1,Yes,Basic,IB,37.43,"Textbooks, Workbooks"
Female,Elementary,Low,Intermediate,High,82,84,9.9,Yes,Basic,IB,51.3,"Educational Apps, Science Kits"
Male,High School,Low,Advanced,Low,60,68,6.2,Yes,Intermediate,CBSE,36.45,"Textbooks, Workbooks"
Female,Elementary,Low,Beginner,High,50,96,3.0,Yes,Fluent,State Board,35.22,"Textbooks, Workbooks"
Male,High School,Medium,Advanced,Medium,32,82,8.5,Yes,Fluent,IB,29.85,"Textbooks, Workbooks"
Male,Elementary,High,Intermediate,High,50,70,1.5,Yes,Basic,ICSE,29.98,"Textbooks, Workbooks"
Female,High School,High,Advanced,Low,57,60,4.6,Yes,Basic,State Board,32.85,"Textbooks, Workbooks"
Male,High School,Medium,Advanced,High,34,75,8.4,Yes,Fluent,CBSE,28.4,"Textbooks, Workbooks"
Male,Elementary,Medium,Beginner,Medium,98,72,9.8,Yes,Intermediate,CBSE,50.27,"Educational Apps, Science Kits"
Female,Elementary,Low,Beginner,High,76,79,3.8,Yes,Basic,State Board,41.91,"Textbooks, Workbooks"
Male,Elementary,Low,Advanced,Medium,49,75,1.4,Yes,Intermediate,CBSE,26.32,"Textbooks, Workbooks"
Female,Elementary,Medium,Intermediate,Medium,67,75,5.7,Yes,Intermediate,ICSE,42.15,"Textbooks, Workbooks"
Male,Elementary,Medium,Advanced,High,66,94,9.4,No,Intermediate,IB,42.81,"Textbooks, Workbooks"
Male,High School,High,Advanced,High,87,91,6.7,Yes,Fluent,IB,42.53,"Textbooks, Workbooks"
Male,Elementary,Medium,Advanced,Medium,46,82,6.0,Yes,Intermediate,ICSE,33.02,"Textbooks, Workbooks"
Male,Elementary,Medium,Intermediate,Medium,71,84,3.1,Yes,Intermediate,ICSE,43.57,"Textbooks, Workbooks"
Female,High School,Low,Intermediate,High,61,87,6.1,Yes,Basic,CBSE,42.79,"Textbooks, Workbooks"
Male,Elementary,High,Intermediate,High,91,61,8.8,Yes,Basic,ICSE,43.71,"Textbooks, Workbooks"
Female,High School,Medium,Intermediate,Low,50,62,3.8,Yes,Fluent,IB,27.13,"Textbooks, Workbooks"
Male,Elementary,High,Intermediate,Medium,62,90,2.4,No,Basic,ICSE,40.74,"Textbooks, Workbooks"
Male,High School,Medium,Advanced,High,96,92,4.8,No,Basic,IB,52.7,"Educational Apps, Science Kits"
Male,Elementary,High,Intermediate,Medium,35,92,3.8,No,Intermediate,ICSE,27.92,"Textbooks, Workbooks"
Male,High School,High,Advanced,High,95,94,4.7,Yes,Fluent,State Board,46.65,"Textbooks, Workbooks"
Female,High School,High,Advanced,High,61,95,1.0,No,Fluent,State Board,38.98,"Textbooks, Workbooks"
Female,Elementary,Medium,Advanced,High,93,85,3.4,Yes,Basic,IB,41.07,"Textbooks, Workbooks"
Female,Elementary,Medium,Beginner,High,55,71,8.3,Yes,Fluent,ICSE,27.68,"Textbooks, Workbooks"
Female,Elementary,Medium,Intermediate,High,91,70,4.0,No,Fluent,ICSE,50.48,"Educational Apps, Science Kits"
Male,High School,High,Intermediate,High,34,65,9.7,Yes,Basic,CBSE,28.82,"Textbooks, Workbooks"
Female,High School,Medium,Advanced,High,40,84,7.1,Yes,Fluent,CBSE,32.85,"Textbooks, Workbooks"
Female,High School,Low,Beginner,Low,78,93,3.7,Yes,Fluent,ICSE,45.49,"Textbooks, Workbooks"
Male,Elementary,Medium,Intermediate,Low,91,94,2.5,Yes,Fluent,IB,51.14,"Educational Apps, Science Kits"
Male,Elementary,Low,Advanced,Medium,89,80,6.9,Yes,Basic,IB,46.38,"Textbooks, Workbooks"
Male,High School,Medium,Beginner,High,31,77,3.0,Yes,Fluent,ICSE,26.13,"Textbooks, Workbooks"
Male,Elementary,Medium,Advanced,Medium,88,67,9.3,Yes,Intermediate,CBSE,48.74,"Textbooks, Workbooks"
Female,High School,Medium,Beginner,Low,54,93,1.2,No,Intermediate,IB,33.83,"Textbooks, Workbooks"
Female,Elementary,Low,Advanced,Medium,97,73,0.3,No,Basic,CBSE,38.97,"Textbooks, Workbooks"
Male,Elementary,High,Intermediate,High,71,78,2.2,Yes,Basic,State Board,39.45,"Textbooks, Workbooks"
Male,High School,High,Advanced,High,84,79,6.1,Yes,Intermediate,CBSE,48.28,"Textbooks, Workbooks"
Male,Elementary,High,Advanced,High,67,63,8.3,No,Fluent,CBSE,39.97,"Textbooks, Workbooks"
Female,Elementary,Medium,Beginner,Medium,72,97,1.7,Yes,Basic,ICSE,39.44,"Textbooks, Workbooks"
Female,Elementary,High,Beginner,Medium,99,91,5.8,Yes,Basic,State Board,54.66,"Educational Apps, Science Kits"
Male,Elementary,Medium,Intermediate,Medium,82,85,1.4,No,Fluent,IB,45.1,"Textbooks, Workbooks"
Male,Elementary,Medium,Advanced,Medium,50,87,5.6,Yes,Basic,ICSE,38.98,"Textbooks, Workbooks"
Female,High School,Low,Beginner,Medium,49,71,0.2,Yes,Fluent,CBSE,34.38,"Textbooks, Workbooks"
Male,Elementary,Medium,Intermediate,Medium,48,69,5.6,Yes,Basic,State Board,33.8,"Textbooks, Workbooks"
Male,High School,Low,Intermediate,Low,62,94,5.2,No,Intermediate,IB,42.47,"Textbooks, Workbooks"
Female,Elementary,High,Beginner,Medium,92,92,0.4,Yes,Intermediate,IB,43.41,"Textbooks, Workbooks"
Male,Elementary,Low,Beginner,Low,97,73,6.9,Yes,Basic,State Board,44.57,"Textbooks, Workbooks"
Female,High School,Medium,Advanced,Low,89,99,5.7,No,Fluent,ICSE,54.64,"Educational Apps, Science Kits"
Male,High School,Medium,Intermediate,Medium,48,82,6.2,Yes,Intermediate,State Board,39.43,"Textbooks, Workbooks"
Male,Elementary,Medium,Beginner,Low,57,77,5.3,Yes,Intermediate,IB,41.14,"Textbooks, Workbooks"
Female,Elementary,Medium,Intermediate,Medium,51,71,7.2,Yes,Basic,IB,32.41,"Textbooks, Workbooks"
Female,High School,Low,Advanced,Low,80,95,5.3,Yes,Intermediate,State Board,45.12,"Textbooks, Workbooks"
Male,High School,High,Beginner,Medium,92,84,9.2,Yes,Fluent,ICSE,47.23,"Textbooks, Workbooks"
Female,High School,Medium,Intermediate,High,91,96,9.4,Yes,Fluent,State Board,47.2,"Textbooks, Workbooks"
Male,High School,Medium,Beginner,Medium,58,99,7.3,Yes,Intermediate,CBSE,40.88,"Textbooks, Workbooks"
Male,Elementary,High,Advanced,Medium,61,81,9.1,Yes,Basic,CBSE,46.68,"Textbooks, Workbooks"
Female,Elementary,High,Advanced,High,54,65,9.2,Yes,Fluent,IB,35.39,"Textbooks, Workbooks"
Male,Elementary,High,Advanced,Medium,45,75,2.6,Yes,Fluent,CBSE,36.73,"Textbooks, Workbooks"
Male,Elementary,Medium,Advanced,Low,44,82,9.9,Yes,Fluent,CBSE,37.39,"Textbooks, Workbooks"
Female,Elementary,Medium,Beginner,Low,88,68,2.7,Yes,Intermediate,State Board,40.62,"Textbooks, Workbooks"
Female,High School,Medium,Beginner,Medium,77,94,0.2,No,Fluent,ICSE,41.69,"Textbooks, Workbooks"
Male,High School,High,Intermediate,Medium,47,88,9.6,Yes,Fluent,CBSE,42.36,"Textbooks, Workbooks"
Female,High School,High,Intermediate,Low,52,73,2.2,Yes,Intermediate,ICSE,35.45,"Textbooks, Workbooks"
Female,Elementary,Low,Beginner,High,84,64,5.8,Yes,Intermediate,State Board,46.49,"Textbooks, Workbooks"
Female,High School,Medium,Beginner,Low,71,80,9.7,Yes,Intermediate,State Board,38.25,"Textbooks, Workbooks"
Female,Elementary,High,Intermediate,High,32,65,0.5,Yes,Basic,ICSE,21.03,"Textbooks, Workbooks"
Male,Elementary,Medium,Beginner,High,81,60,2.7,Yes,Basic,CBSE,40.14,"Textbooks, Workbooks"
Male,Elementary,Medium,Advanced,High,40,90,6.1,Yes,Intermediate,ICSE,34.39,"Textbooks, Workbooks"
Male,High School,Medium,Advanced,High,84,87,7.6,No,Basic,IB,49.81,"Textbooks, Workbooks"
Female,Elementary,Medium,Advanced,Low,54,62,8.1,Yes,Fluent,ICSE,36.16,"Textbooks, Workbooks"
Female,Elementary,High,Intermediate,High,70,97,8.8,Yes,Basic,ICSE,45.83,"Textbooks, Workbooks"
Female,High School,Medium,Beginner,Low,66,82,1.7,Yes,Basic,ICSE,32.76,"Textbooks, Workbooks"
Female,Elementary,Medium,Intermediate,High,84,99,3.7,Yes,Fluent,State Board,45.85,"Textbooks, Workbooks"
Female,High School,Low,Intermediate,Medium,38,63,7.1,No,Intermediate,CBSE,27.54,"Textbooks, Workbooks"
Female,Elementary,Low,Beginner,Medium,65,65,7.2,Yes,Fluent,State Board,38.08,"Textbooks, Workbooks"
Female,High School,Medium,Intermediate,High,86,71,3.1,Yes,Fluent,ICSE,49.37,"Textbooks, Workbooks"
Male,Elementary,Medium,Advanced,Low,92,71,3.0,No,Fluent,State Board,44.22,"Textbooks, Workbooks"
Male,Elementary,Medium,Beginner,Low,49,66,3.2,Yes,Intermediate,IB,26.61,"Textbooks, Workbooks"
Female,High School,Medium,Advanced,Medium,76,87,8.9,Yes,Basic,CBSE,53.62,"Educational Apps, Science Kits"
Female,Elementary,High,Advanced,High,49,85,9.1,Yes,Fluent,CBSE,31.15,"Textbooks, Workbooks"
Female,High School,Medium,Beginner,Medium,35,66,0.1,Yes,Fluent,State Board,17.46,"Textbooks, Workbooks"
Male,Elementary,Medium,Advanced,Medium,58,62,3.3,No,Basic,CBSE,35.05,"Textbooks, Workbooks"
Male,High School,High,Advanced,High,78,72,3.9,Yes,Basic,State Board,32.69,"Textbooks, Workbooks"
Female,Elementary,Medium,Advanced,Low,35,70,9.8,Yes,Fluent,IB,28.21,"Textbooks, Workbooks"
Female,Elementary,High,Beginner,Medium,68,98,9.4,Yes,Fluent,ICSE,45.29,"Textbooks, Workbooks"
Male,Elementary,Medium,Beginner,High,61,82,6.3,No,Fluent,ICSE,36.54,"Textbooks, Workbooks"
Male,High School,High,Beginner,Medium,78,60,0.5,Yes,Basic,IB,32.86,"Textbooks, Workbooks"
Male,High School,High,Intermediate,Medium,72,93,1.9,Yes,Fluent,IB,41.55,"Textbooks, Workbooks"
Male,High School,Medium,Advanced,Low,57,90,4.3,Yes,Intermediate,CBSE,37.82,"Textbooks, Workbooks"
Female,High School,High,Intermediate,Low,74,92,9.6,Yes,Basic,State Board,45.41,"Textbooks, Workbooks"
Male,High School,High,Intermediate,Low,94,95,0.9,Yes,Intermediate,IB,42.44,"Textbooks, Workbooks"
Male,Elementary,Medium,Advanced,Medium,79,95,7.9,Yes,Basic,State Board,47.59,"Textbooks, Workbooks"
Female,Elementary,Medium,Beginner,Low,83,73,1.9,Yes,Fluent,ICSE,39.39,"Textbooks, Workbooks"
Male,Elementary,Medium,Intermediate,Medium,80,96,5.1,Yes,Basic,CBSE,47.96,"Textbooks, Workbooks"
Male,Elementary,High,Beginner,Low,72,91,7.7,Yes,Basic,State Board,43.5,"Textbooks, Workbooks"
Male,Elementary,Medium,Beginner,High,93,87,6.9,Yes,Fluent,IB,50.05,"Educational Apps, Science Kits"
Female,High School,Low,Advanced,High,59,60,7.8,Yes,Basic,CBSE,39.53,"Textbooks, Workbooks"
Male,Elementary,Low,Intermediate,Medium,71,66,8.1,Yes,Fluent,IB,47.18,"Textbooks, Workbooks"
Female,High School,Medium,Intermediate,Medium,67,75,3.1,No,Fluent,ICSE,38.44,"Textbooks, Workbooks"
Female,Elementary,Medium,Beginner,High,95,91,3.6,Yes,Basic,IB,44.3,"Textbooks, Workbooks"
Male,High School,Medium,Advanced,Medium,98,83,8.2,Yes,Intermediate,ICSE,48.08,"Textbooks, Workbooks"
Male,High School,High,Intermediate,High,44,73,0.4,No,Fluent,IB,31.72,"Textbooks, Workbooks"
Male,High School,Medium,Beginner,Low,90,74,5.1,No,Fluent,IB,47.51,"Textbooks, Workbooks"
Male,Elementary,Low,Beginner,High,35,60,9.2,Yes,Fluent,CBSE,28.28,"Textbooks, Workbooks"
Female,Elementary,Low,Beginner,Medium,53,87,8.9,Yes,Fluent,ICSE,43.63,"Textbooks, Workbooks"
Male,Elementary,Medium,Advanced,Low,43,78,8.0,Yes,Intermediate,IB,43.23,"Textbooks, Workbooks"
Male,Elementary,Medium,Advanced,High,41,66,0.2,Yes,Fluent,IB,22.71,"Textbooks, Workbooks"
Male,High School,Medium,Beginner,High,84,77,8.9,No,Intermediate,State Board,51.29,"Educational Apps, Science Kits"
Female,High School,Medium,Beginner,Medium,97,72,9.1,Yes,Intermediate,IB,55.1,"Educational Apps, Science Kits"
Male,High School,Medium,Advanced,High,73,77,6.6,Yes,Fluent,CBSE,37.0,"Textbooks, Workbooks"
Male,High School,Low,Beginner,Low,80,63,3.0,Yes,Basic,State Board,39.74,"Textbooks, Workbooks"
Female,Elementary,Low,Beginner,Medium,67,63,4.9,No,Intermediate,ICSE,37.81,"Textbooks, Workbooks"
Female,High School,High,Advanced,Low,70,86,7.6,Yes,Basic,CBSE,46.83,"Textbooks, Workbooks"
Male,Elementary,Medium,Beginner,Low,73,75,8.1,Yes,Fluent,CBSE,43.78,"Textbooks, Workbooks"
Male,High School,High,Beginner,High,45,73,3.4,Yes,Basic,State Board,27.99,"Textbooks, Workbooks"
Male,High School,High,Beginner,Medium,79,73,3.3,Yes,Basic,CBSE,38.17,"Textbooks, Workbooks"
Male,High School,Medium,Advanced,Low,67,66,7.4,Yes,Fluent,IB,37.13,"Textbooks, Workbooks"
Male,Elementary,High,Advanced,Medium,34,73,6.9,No,Basic,State Board,27.77,"Textbooks, Workbooks"
Female,Elementary,Low,Advanced,Low,38,65,5.1,No,Fluent,State Board,28.02,"Textbooks, Workbooks"
Female,High School,Medium,Intermediate,Medium,68,97,4.2,Yes,Basic,CBSE,48.34,"Textbooks, Workbooks"
Male,High School,Medium,Intermediate,Low,56,86,6.6,Yes,Intermediate,ICSE,45.7,"Textbooks, Workbooks"
Male,High School,High,Intermediate,High,61,70,0.3,Yes,Fluent,ICSE,38.31,"Textbooks, Workbooks"
Female,Elementary,Low,Intermediate,Low,93,90,0.8,Yes,Basic,ICSE,42.95,"Textbooks, Workbooks"
Male,Elementary,High,Advanced,Medium,62,62,5.7,Yes,Intermediate,ICSE,44.93,"Textbooks, Workbooks"
Male,Elementary,Low,Beginner,Low,47,60,2.1,Yes,Intermediate,CBSE,29.4,"Textbooks, Workbooks"
Male,High School,High,Advanced,Medium,96,75,7.7,Yes,Basic,IB,46.02,"Textbooks, Workbooks"
Male,Elementary,Medium,Intermediate,Low,34,86,7.7,Yes,Basic,IB,30.9,"Textbooks, Workbooks"
Male,High School,Medium,Advanced,Medium,88,62,7.1,No,Basic,State Board,48.98,"Textbooks, Workbooks"
Female,Elementary,Medium,Beginner,Medium,33,67,9.0,Yes,Intermediate,IB,29.95,"Textbooks, Workbooks"
Male,High School,Medium,Intermediate,High,45,75,1.4,Yes,Fluent,ICSE,25.35,"Textbooks, Workbooks"
Male,High School,Medium,Beginner,Low,77,61,2.6,No,Basic,State Board,37.87,"Textbooks, Workbooks"
Male,Elementary,High,Beginner,High,95,88,2.5,Yes,Intermediate,ICSE,48.98,"Textbooks, Workbooks"
Female,High School,Low,Beginner,Low,37,75,7.8,Yes,Basic,State Board,31.34,"Textbooks, Workbooks"
Female,High School,High,Intermediate,Low,73,88,5.2,Yes,Intermediate,State Board,41.65,"Textbooks, Workbooks"
Female,High School,Medium,Advanced,Low,50,90,2.5,Yes,Basic,State Board,31.1,"Textbooks, Workbooks"
Female,Elementary,High,Intermediate,Low,55,70,1.4,Yes,Basic,CBSE,30.46,"Textbooks, Workbooks"
Male,High School,Medium,Intermediate,Medium,64,91,8.9,Yes,Basic,ICSE,45.15,"Textbooks, Workbooks"
Female,Elementary,Medium,Advanced,High,44,83,6.9,Yes,Basic,CBSE,38.14,"Textbooks, Workbooks"
Male,Elementary,High,Advanced,Low,69,78,5.3,Yes,Basic,CBSE,47.74,"Textbooks, Workbooks"
Male,High School,Medium,Advanced,Medium,59,91,9.7,No,Fluent,State Board,45.87,"Textbooks, Workbooks"
Female,Elementary,Medium,Advanced,Medium,95,69,8.5,No,Intermediate,ICSE,51.65,"Educational Apps, Science Kits"
Female,High School,Low,Beginner,Medium,42,91,1.8,Yes,Basic,IB,30.91,"Textbooks, Workbooks"
Female,Elementary,Low,Intermediate,Medium,30,82,5.1,Yes,Basic,ICSE,27.88,"Textbooks, Workbooks"
Female,High School,Medium,Intermediate,High,72,92,4.9,Yes,Basic,State Board,41.99,"Textbooks, Workbooks"
Female,Elementary,High,Intermediate,Low,57,89,8.4,Yes,Intermediate,State Board,42.51,"Textbooks, Workbooks"
Male,High School,Medium,Advanced,High,30,89,1.5,Yes,Intermediate,State Board,18.06,"Textbooks, Workbooks"
Female,High School,Low,Intermediate,Low,69,66,4.5,Yes,Fluent,ICSE,41.14,"Textbooks, Workbooks"
Female,High School,Medium,Beginner,Medium,63,75,6.4,Yes,Intermediate,State Board,37.39,"Textbooks, Workbooks"
Female,High School,Medium,Intermediate,Medium,42,60,9.5,No,Basic,State Board,28.18,"Textbooks, Workbooks"
Male,Elementary,Medium,Intermediate,Medium,90,89,9.0,Yes,Intermediate,ICSE,50.71,"Educational Apps, Science Kits"
Female,Elementary,High,Beginner,Low,95,93,5.3,Yes,Basic,IB,48.5,"Textbooks, Workbooks"
Male,High School,High,Beginner,Low,33,93,6.1,Yes,Fluent,CBSE,41.85,"Textbooks, Workbooks"
Female,Elementary,Low,Intermediate,Low,42,97,8.5,Yes,Fluent,CBSE,35.56,"Textbooks, Workbooks"
Female,High School,High,Advanced,High,65,90,7.4,Yes,Fluent,CBSE,43.66,"Textbooks, Workbooks"
Male,High School,Medium,Advanced,Low,90,67,8.8,Yes,Fluent,IB,45.07,"Textbooks, Workbooks"
Female,Elementary,High,Intermediate,High,87,79,9.0,Yes,Basic,IB,53.58,"Educational Apps, Science Kits"
Male,Elementary,Low,Intermediate,Low,44,88,8.3,Yes,Intermediate,State Board,31.2,"Textbooks, Workbooks"
Male,High School,Medium,Intermediate,High,41,90,0.1,Yes,Basic,IB,32.89,"Textbooks, Workbooks"
Male,Elementary,Medium,Intermediate,Medium,98,80,3.1,Yes,Fluent,State Board,49.99,"Textbooks, Workbooks"
Female,High School,Medium,Advanced,Low,90,85,4.0,Yes,Basic,CBSE,48.91,"Textbooks, Workbooks"
Female,Elementary,Low,Intermediate,High,71,90,6.8,Yes,Fluent,CBSE,46.7,"Textbooks, Workbooks"
Female,Elementary,Low,Beginner,Low,61,79,3.1,Yes,Intermediate,IB,34.96,"Textbooks, Workbooks"
Male,Elementary,Low,Advanced,Medium,31,81,3.2,Yes,Intermediate,CBSE,29.35,"Textbooks, Workbooks"
Female,Elementary,Medium,Advanced,Medium,37,99,4.0,Yes,Fluent,IB,30.88,"Textbooks, Workbooks"
Male,Elementary,Low,Beginner,Medium,83,85,9.6,Yes,Intermediate,CBSE,47.27,"Textbooks, Workbooks"
Female,High School,Medium,Intermediate,High,37,76,4.4,Yes,Intermediate,ICSE,24.96,"Textbooks, Workbooks"
Male,Elementary,Low,Intermediate,High,42,84,1.4,No,Intermediate,IB,33.52,"Textbooks, Workbooks"
Male,Elementary,Medium,Intermediate,High,58,96,0.1,No,Intermediate,ICSE,40.25,"Textbooks, Workbooks"
Male,High School,Low,Intermediate,High,42,86,2.4,Yes,Basic,State Board,39.17,"Textbooks, Workbooks"
Female,High School,High,Intermediate,Medium,87,62,9.4,Yes,Intermediate,IB,46.08,"Textbooks, Workbooks"
Male,High School,High,Beginner,Low,92,83,9.5,Yes,Basic,State Board,50.56,"Educational Apps, Science Kits"
Male,Elementary,Medium,Intermediate,High,76,84,5.3,Yes,Fluent,State Board,41.42,"Textbooks, Workbooks"
Male,Elementary,Medium,Beginner,Medium,67,69,6.5,No,Basic,State Board,32.84,"Textbooks, Workbooks"
Male,High School,Low,Beginner,Low,98,95,8.0,Yes,Intermediate,CBSE,56.59,"Educational Apps, Science Kits"
Male,High School,High,Beginner,Medium,98,77,0.6,Yes,Basic,ICSE,46.82,"Textbooks, Workbooks"
Male,High School,Medium,Intermediate,High,69,76,3.7,Yes,Fluent,CBSE,37.1,"Textbooks, Workbooks"
Female,High School,Low,Intermediate,Low,30,73,6.4,Yes,Basic,IB,32.73,"Textbooks, Workbooks"
Female,Elementary,Medium,Advanced,High,31,78,9.0,Yes,Basic,CBSE,27.15,"Textbooks, Workbooks"
Male,Elementary,Low,Advanced,Medium,58,77,7.3,Yes,Intermediate,CBSE,33.94,"Textbooks, Workbooks"
Female,Elementary,Medium,Beginner,Low,36,82,3.5,Yes,Basic,ICSE,32.0,"Textbooks, Workbooks"
Female,Elementary,Medium,Advanced,High,86,67,9.1,Yes,Fluent,CBSE,51.54,"Educational Apps, Science Kits"
Male,Elementary,Medium,Beginner,High,84,75,6.6,Yes,Intermediate,CBSE,43.78,"Textbooks, Workbooks"
Male,High School,Medium,Advanced,Low,65,84,8.3,No,Intermediate,IB,29.5,"Textbooks, Workbooks"
Male,Elementary,Low,Intermediate,Medium,36,91,3.9,Yes,Basic,CBSE,29.41,"Textbooks, Workbooks"
Female,High School,Medium,Intermediate,Medium,39,78,0.0,Yes,Basic,ICSE,23.11,"Textbooks, Workbooks"
Male,High School,Low,Beginner,High,68,77,1.7,No,Basic,IB,45.86,"Textbooks, Workbooks"
Female,High School,High,Beginner,Low,87,91,9.3,Yes,Intermediate,IB,57.62,"Educational Apps, Science Kits"
Male,Elementary,Low,Intermediate,Low,69,99,0.3,Yes,Basic,State Board,38.49,"Textbooks, Workbooks"
Female,High School,Medium,Intermediate,High,43,74,6.0,No,Intermediate,State Board,32.02,"Textbooks, Workbooks"
Male,Elementary,Medium,Intermediate,Medium,30,80,4.1,Yes,Fluent,State Board,29.86,"Textbooks, Workbooks"
Male,High School,Medium,Advanced,Medium,46,70,4.3,Yes,Intermediate,CBSE,31.21,"Textbooks, Workbooks"
Female,Elementary,Medium,Advanced,High,78,88,4.0,Yes,Intermediate,ICSE,43.71,"Textbooks, Workbooks"
Female,High School,Medium,Advanced,High,45,91,0.7,No,Intermediate,ICSE,34.91,"Textbooks, Workbooks"
Female,Elementary,Medium,Advanced,High,36,65,1.2,Yes,Fluent,State Board,29.28,"Textbooks, Workbooks"
Female,High School,Medium,Beginner,Low,44,78,0.6,Yes,Intermediate,CBSE,34.27,"Textbooks, Workbooks"
Female,High School,Medium,Beginner,High,50,75,0.5,Yes,Basic,ICSE,32.29,"Textbooks, Workbooks"
Female,High School,Medium,Advanced,High,95,71,0.9,Yes,Basic,CBSE,47.09,"Textbooks, Workbooks"
Male,High School,Medium,Beginner,Low,88,74,7.0,No,Intermediate,State Board,50.19,"Educational Apps, Science Kits"
Female,Elementary,Medium,Advanced,Medium,77,70,1.1,Yes,Basic,CBSE,37.97,"Textbooks, Workbooks"
Male,Elementary,Low,Advanced,Low,79,98,2.6,Yes,Basic,IB,46.31,"Textbooks, Workbooks"
Male,Elementary,Medium,Intermediate,High,39,69,6.6,No,Fluent,State Board,27.57,"Textbooks, Workbooks"
Female,High School,Low,Advanced,High,81,96,1.1,No,Basic,CBSE,38.02,"Textbooks, Workbooks"
Male,High School,Low,Beginner,High,97,83,9.1,Yes,Fluent,ICSE,54.74,"Educational Apps, Science Kits"
Female,High School,Medium,Advanced,Low,59,95,4.8,No,Basic,IB,45.97,"Textbooks, Workbooks"
Female,High School,High,Intermediate,Medium,63,60,9.6,Yes,Intermediate,CBSE,37.42,"Textbooks, Workbooks"
Male,High School,High,Beginner,Low,94,76,1.9,Yes,Intermediate,ICSE,47.77,"Textbooks, Workbooks"
Male,High School,Low,Intermediate,High,89,73,0.3,Yes,Fluent,IB,38.39,"Textbooks, Workbooks"
Female,Elementary,Medium,Advanced,Medium,37,97,5.9,Yes,Fluent,IB,36.9,"Textbooks, Workbooks"
Female,Elementary,Medium,Advanced,Low,94,84,3.3,No,Fluent,IB,46.9,"Textbooks, Workbooks"
Male,Elementary,Low,Advanced,Low,98,96,5.7,Yes,Fluent,IB,59.15,"Educational Apps, Science Kits"
Male,Elementary,High,Advanced,Medium,86,94,4.7,Yes,Intermediate,CBSE,45.44,"Textbooks, Workbooks"
Male,Elementary,High,Beginner,Medium,74,81,4.6,Yes,Basic,State Board,49.04,"Textbooks, Workbooks"
Male,Elementary,High,Advanced,High,78,66,8.5,Yes,Intermediate,State Board,48.45,"Textbooks, Workbooks"
Female,Elementary,Low,Intermediate,Low,91,70,1.9,Yes,Fluent,CBSE,40.97,"Textbooks, Workbooks"
Female,Elementary,Medium,Beginner,Medium,68,69,5.0,Yes,Basic,State Board,35.65,"Textbooks, Workbooks"
Female,High School,High,Beginner,Low,50,73,4.2,Yes,Intermediate,ICSE,30.05,"Textbooks, Workbooks"
Female,High School,Medium,Beginner,Medium,82,94,6.7,Yes,Basic,ICSE,53.99,"Educational Apps, Science Kits"
Male,High School,High,Intermediate,High,74,95,0.5,Yes,Intermediate,CBSE,34.87,"Textbooks, Workbooks"
Male,High School,Low,Intermediate,Medium,57,65,5.3,Yes,Basic,CBSE,35.88,"Textbooks, Workbooks"
Female,High School,Medium,Intermediate,Low,82,64,4.8,Yes,Fluent,State Board,35.25,"Textbooks, Workbooks"
Female,High School,Medium,Intermediate,High,38,66,9.7,Yes,Basic,IB,25.72,"Textbooks, Workbooks"
Female,High School,Low,Advanced,Low,90,74,7.6,Yes,Fluent,IB,41.95,"Textbooks, Workbooks"
Female,Elementary,Medium,Advanced,High,56,80,1.5,Yes,Intermediate,State Board,30.65,"Textbooks, Workbooks"
Female,Elementary,Medium,Intermediate,Medium,51,77,5.1,Yes,Intermediate,IB,29.75,"Textbooks, Workbooks"
Female,High School,Low,Intermediate,Low,59,60,7.8,Yes,Basic,State Board,32.31,"Textbooks, Workbooks"
Female,Elementary,Medium,Advanced,Low,44,63,5.2,No,Basic,State Board,26.1,"Textbooks, Workbooks"
Female,Elementary,Medium,Advanced,Low,44,70,3.6,Yes,Fluent,IB,28.8,"Textbooks, Workbooks"
Female,Elementary,Medium,Intermediate,High,82,69,3.8,No,Basic,ICSE,38.67,"Textbooks, Workbooks"
Male,Elementary,High,Beginner,High,52,78,3.7,No,Basic,ICSE,29.81,"Textbooks, Workbooks"
Female,Elementary,Medium,Beginner,Medium,99,89,0.2,Yes,Basic,ICSE,57.65,"Educational Apps, Science Kits"
Male,High School,Medium,Intermediate,Low,45,79,7.3,Yes,Basic,CBSE,32.19,"Textbooks, Workbooks"
Male,Elementary,High,Beginner,High,94,86,6.1,Yes,Basic,IB,42.26,"Textbooks, Workbooks"
Female,High School,High,Advanced,Medium,74,71,2.7,No,Basic,CBSE,42.54,"Textbooks, Workbooks"
Female,High School,Low,Beginner,Medium,36,73,6.3,Yes,Basic,State Board,27.73,"Textbooks, Workbooks"
Male,High School,High,Intermediate,Medium,74,93,3.1,Yes,Fluent,IB,39.14,"Textbooks, Workbooks"
Male,Elementary,Low,Beginner,Medium,68,97,2.4,No,Fluent,CBSE,36.82,"Textbooks, Workbooks"
Female,High School,Low,Beginner,Medium,79,61,7.4,Yes,Basic,IB,45.0,"Textbooks, Workbooks"
Male,High School,Medium,Beginner,Medium,78,91,8.1,Yes,Intermediate,CBSE,49.14,"Textbooks, Workbooks"
Female,High School,Medium,Advanced,Medium,77,77,6.3,No,Intermediate,State Board,41.34,"Textbooks, Workbooks"
Female,High School,High,Advanced,High,78,80,7.8,Yes,Basic,ICSE,46.88,"Textbooks, Workbooks"
Female,Elementary,High,Advanced,Medium,69,70,3.7,Yes,Basic,CBSE,38.66,"Textbooks, Workbooks"
Male,High School,High,Intermediate,Medium,68,89,0.7,Yes,Basic,CBSE,39.43,"Textbooks, Workbooks"
Male,High School,High,Beginner,Low,86,78,6.0,Yes,Fluent,CBSE,42.71,"Textbooks, Workbooks"
Female,High School,Medium,Advanced,High,92,99,2.6,Yes,Basic,State Board,52.57,"Educational Apps, Science Kits"
Male,High School,Medium,Advanced,Low,85,89,7.8,Yes,Fluent,State Board,45.99,"Textbooks, Workbooks"
Male,Elementary,High,Beginner,Low,31,94,3.6,Yes,Intermediate,CBSE,29.21,"Textbooks, Workbooks"
Male,High School,High,Intermediate,High,55,63,6.7,Yes,Fluent,CBSE,32.9,"Textbooks, Workbooks"
Male,High School,High,Beginner,Low,52,80,5.5,Yes,Fluent,ICSE,35.47,"Textbooks, Workbooks"
Male,High School,High,Intermediate,Medium,47,64,8.2,No,Intermediate,ICSE,38.4,"Textbooks, Workbooks"
Male,High School,Low,Beginner,High,97,95,8.3,Yes,Fluent,ICSE,55.62,"Educational Apps, Science Kits"
Male,High School,High,Advanced,Medium,89,86,0.7,Yes,Fluent,IB,48.58,"Textbooks, Workbooks"
Female,High School,High,Advanced,Low,31,66,3.0,Yes,Basic,CBSE,24.67,"Textbooks, Workbooks"
Male,Elementary,High,Advanced,Medium,78,90,8.7,Yes,Intermediate,IB,56.1,"Educational Apps, Science Kits"
Male,High School,Medium,Intermediate,High,67,79,4.0,Yes,Fluent,State Board,40.88,"Textbooks, Workbooks"
Male,Elementary,Medium,Beginner,Medium,60,84,5.1,Yes,Basic,IB,32.34,"Textbooks, Workbooks"
Male,Elementary,Medium,Intermediate,High,69,97,1.8,Yes,Intermediate,State Board,36.78,"Textbooks, Workbooks"
Male,High School,Medium,Advanced,High,82,84,5.5,Yes,Intermediate,IB,42.92,"Textbooks, Workbooks"
Male,Elementary,Medium,Intermediate,Medium,93,76,2.6,Yes,Intermediate,ICSE,44.6,"Textbooks, Workbooks"
Male,High School,Medium,Intermediate,High,62,96,8.3,Yes,Intermediate,CBSE,40.85,"Textbooks, Workbooks"
Male,Elementary,Medium,Intermediate,Medium,87,74,2.0,No,Fluent,ICSE,37.06,"Textbooks, Workbooks"
Female,High School,Medium,Beginner,Medium,79,69,3.6,Yes,Intermediate,State Board,40.58,"Textbooks, Workbooks"
Male,Elementary,Medium,Intermediate,Medium,93,93,1.0,No,Intermediate,IB,38.41,"Textbooks, Workbooks"
Male,Elementary,Medium,Intermediate,Low,32,66,5.9,No,Intermediate,CBSE,33.8,"Textbooks, Workbooks"
Male,High School,Medium,Intermediate,Low,90,98,9.4,Yes,Fluent,IB,53.81,"Educational Apps, Science Kits"
Male,Elementary,Medium,Advanced,Medium,39,84,1.7,Yes,Basic,IB,35.19,"Textbooks, Workbooks"
Female,Elementary,Low,Advanced,Medium,95,98,0.2,No,Fluent,ICSE,44.18,"Textbooks, Workbooks"
Female,Elementary,Low,Beginner,Medium,80,87,4.2,Yes,Fluent,ICSE,44.21,"Textbooks, Workbooks"
Female,Elementary,Low,Advanced,High,59,86,7.5,Yes,Fluent,ICSE,44.31,"Textbooks, Workbooks"
Female,Elementary,Medium,Beginner,Medium,54,96,9.8,Yes,Intermediate,State Board,50.12,"Educational Apps, Science Kits"
Female,High School,High,Advanced,High,72,98,0.5,Yes,Basic,ICSE,43.15,"Textbooks, Workbooks"
Female,Elementary,Low,Beginner,High,93,97,7.9,Yes,Intermediate,CBSE,48.51,"Textbooks, Workbooks"
Female,Elementary,Low,Beginner,Medium,88,87,3.7,Yes,Basic,IB,46.83,"Textbooks, Workbooks"
Female,High School,High,Beginner,Medium,91,93,1.5,Yes,Basic,State Board,42.31,"Textbooks, Workbooks"
Female,High School,Medium,Advanced,Medium,39,88,1.9,Yes,Fluent,CBSE,33.23,"Textbooks, Workbooks"
Female,High School,High,Intermediate,High,93,67,9.2,Yes,Fluent,State Board,51.91,"Educational Apps, Science Kits"
Female,Elementary,High,Advanced,Low,89,72,8.1,Yes,Fluent,CBSE,52.73,"Educational Apps, Science Kits"
Female,Elementary,Medium,Intermediate,Medium,49,96,3.1,Yes,Basic,State Board,37.23,"Textbooks, Workbooks"
Female,Elementary,Medium,Advanced,Low,78,62,9.4,Yes,Basic,IB,45.6,"Textbooks, Workbooks"
Female,Elementary,Medium,Intermediate,Low,56,73,1.1,Yes,Fluent,State Board,26.34,"Textbooks, Workbooks"
Female,High School,Low,Advanced,Medium,80,91,3.2,Yes,Fluent,IB,43.21,"Textbooks, Workbooks"
Female,High School,Low,Beginner,Low,86,82,6.5,No,Fluent,State Board,50.71,"Educational Apps, Science Kits"
Male,Elementary,Low,Beginner,Medium,66,82,10.0,Yes,Basic,State Board,40.54,"Textbooks, Workbooks"
Female,Elementary,High,Beginner,High,32,72,4.7,Yes,Basic,CBSE,21.76,"Textbooks, Workbooks"
Male,Elementary,Medium,Intermediate,High,58,98,8.1,Yes,Fluent,IB,45.87,"Textbooks, Workbooks"
Female,Elementary,Low,Intermediate,Low,97,80,9.2,Yes,Basic,CBSE,53.5,"Educational Apps, Science Kits"
Female,High School,Medium,Beginner,High,76,90,0.1,Yes,Basic,State Board,45.03,"Textbooks, Workbooks"
Male,High School,Medium,Intermediate,High,98,66,2.9,Yes,Intermediate,State Board,44.96,"Textbooks, Workbooks"
Female,Elementary,Medium,Beginner,Low,50,95,1.0,Yes,Fluent,IB,34.13,"Textbooks, Workbooks"
Male,High School,Medium,Advanced,Medium,71,78,7.8,No,Intermediate,IB,42.28,"Textbooks, Workbooks"
Male,Elementary,Medium,Intermediate,High,50,81,5.7,No,Fluent,ICSE,35.99,"Textbooks, Workbooks"
Male,Elementary,High,Intermediate,Low,31,83,1.0,Yes,Basic,IB,33.23,"Textbooks, Workbooks"
Female,High School,Low,Advanced,High,98,83,4.2,No,Basic,CBSE,55.12,"Educational Apps, Science Kits"
Female,Elementary,Medium,Intermediate,Medium,36,80,5.1,Yes,Basic,IB,34.08,"Textbooks, Workbooks"
Female,High School,Medium,Intermediate,Low,64,72,7.0,Yes,Fluent,State Board,35.01,"Textbooks, Workbooks"
Male,Elementary,Medium,Intermediate,Medium,59,65,7.8,Yes,Basic,IB,35.61,"Textbooks, Workbooks"
Male,High School,Medium,Advanced,Medium,73,87,0.9,Yes,Basic,ICSE,39.98,"Textbooks, Workbooks"
Female,Elementary,High,Beginner,Low,75,91,4.9,No,Basic,State Board,42.51,"Textbooks, Workbooks"
Female,High School,High,Beginner,Medium,84,72,1.6,Yes,Intermediate,IB,44.56,"Textbooks, Workbooks"
Female,Elementary,Medium,Advanced,Medium,30,93,7.5,Yes,Basic,State Board,34.53,"Textbooks, Workbooks"
Female,Elementary,Medium,Advanced,Medium,83,91,6.6,No,Intermediate,State Board,42.56,"Textbooks, Workbooks"
Female,High School,Medium,Advanced,Low,30,73,7.2,Yes,Basic,IB,27.51,"Textbooks, Workbooks"
Male,Elementary,Medium,Beginner,High,92,91,0.7,Yes,Basic,ICSE,40.52,"Textbooks, Workbooks"
Male,High School,Medium,Advanced,Medium,84,64,5.1,Yes,Basic,ICSE,39.0,"Textbooks, Workbooks"
Male,High School,Low,Beginner,High,56,94,8.4,Yes,Fluent,ICSE,43.91,"Textbooks, Workbooks"
Female,Elementary,Medium,Advanced,High,44,63,7.1,Yes,Basic,ICSE,35.16,"Textbooks, Workbooks"
Male,Elementary,Medium,Intermediate,Medium,38,73,8.6,Yes,Basic,IB,23.19,"Textbooks, Workbooks"
Male,Elementary,High,Beginner,Low,98,77,2.1,Yes,Intermediate,State Board,47.82,"Textbooks, Workbooks"
Male,Elementary,High,Beginner,High,88,70,2.9,No,Basic,State Board,47.86,"Textbooks, Workbooks"
Male,High School,Low,Advanced,High,52,78,4.4,Yes,Fluent,ICSE,26.87,"Textbooks, Workbooks"
Male,Elementary,Low,Intermediate,Low,40,61,5.2,Yes,Basic,CBSE,27.58,"Textbooks, Workbooks"
Female,Elementary,High,Beginner,High,53,93,2.5,Yes,Fluent,ICSE,26.86,"Textbooks, Workbooks"
Male,Elementary,Medium,Advanced,Low,83,62,3.8,Yes,Intermediate,State Board,41.15,"Textbooks, Workbooks"
Female,High School,High,Intermediate,Low,60,88,6.9,Yes,Intermediate,State Board,45.95,"Textbooks, Workbooks"
Female,Elementary,Low,Beginner,Medium,51,82,6.5,Yes,Fluent,State Board,37.24,"Textbooks, Workbooks"
Female,High School,Medium,Advanced,Low,43,60,1.1,Yes,Fluent,CBSE,23.34,"Textbooks, Workbooks"
Female,Elementary,Medium,Intermediate,High,34,65,9.9,Yes,Fluent,IB,34.84,"Textbooks, Workbooks"
Female,High School,High,Beginner,High,46,76,5.6,No,Fluent,IB,28.97,"Textbooks, Workbooks"
Male,Elementary,Low,Beginner,Medium,73,78,4.8,Yes,Fluent,State Board,47.79,"Textbooks, Workbooks"
Male,Elementary,Medium,Intermediate,Low,78,61,9.7,Yes,Fluent,ICSE,44.95,"Textbooks, Workbooks"
Female,High School,Medium,Advanced,Medium,94,74,1.4,Yes,Basic,IB,43.09,"Textbooks, Workbooks"
Female,Elementary,High,Advanced,Medium,33,82,5.4,Yes,Fluent,State Board,30.68,"Textbooks, Workbooks"
Female,Elementary,High,Intermediate,Medium,38,78,8.1,Yes,Basic,CBSE,34.22,"Textbooks, Workbooks"
Male,Elementary,High,Beginner,Low,65,92,4.0,No,Intermediate,State Board,45.56,"Textbooks, Workbooks"
Female,High School,High,Intermediate,Medium,80,65,7.4,Yes,Fluent,State Board,45.97,"Textbooks, Workbooks"
Male,Elementary,Low,Intermediate,Medium,61,78,9.0,Yes,Intermediate,ICSE,44.55,"Textbooks, Workbooks"
Female,High School,Low,Intermediate,High,47,89,2.6,Yes,Basic,CBSE,32.27,"Textbooks, Workbooks"
Male,High School,Low,Beginner,High,44,81,2.4,Yes,Fluent,CBSE,28.23,"Textbooks, Workbooks"
Female,High School,Medium,Intermediate,Medium,49,62,3.6,No,Basic,ICSE,29.5,"Textbooks, Workbooks"
Male,Elementary,High,Intermediate,Medium,87,64,4.2,Yes,Fluent,ICSE,46.75,"Textbooks, Workbooks"
Female,High School,High,Beginner,Low,69,89,1.1,Yes,Fluent,State Board,40.94,"Textbooks, Workbooks"
Male,High School,Low,Beginner,Low,95,62,2.3,Yes,Fluent,CBSE,40.96,"Textbooks, Workbooks"
Male,Elementary,Medium,Intermediate,High,42,98,8.7,No,Fluent,State Board,33.11,"Textbooks, Workbooks"
Male,High School,High,Advanced,Medium,42,98,5.7,Yes,Basic,State Board,37.84,"Textbooks, Workbooks"
Male,High School,Medium,Intermediate,Low,91,87,2.7,Yes,Basic,ICSE,54.37,"Educational Apps, Science Kits"
Male,Elementary,Low,Beginner,Medium,57,60,9.4,Yes,Intermediate,State Board,36.6,"Textbooks, Workbooks"
Male,Elementary,Medium,Beginner,High,75,81,7.7,Yes,Fluent,State Board,49.05,"Textbooks, Workbooks"
Male,High School,Medium,Beginner,Medium,44,98,3.6,Yes,Intermediate,ICSE,29.03,"Textbooks, Workbooks"
Female,Elementary,Medium,Advanced,Low,73,76,7.7,Yes,Intermediate,IB,47.17,"Textbooks, Workbooks"
Female,Elementary,Medium,Beginner,High,52,87,6.0,Yes,Intermediate,IB,36.04,"Textbooks, Workbooks"
Female,Elementary,Low,Advanced,Medium,96,89,6.8,Yes,Basic,ICSE,55.12,"Educational Apps, Science Kits"
Female,High School,High,Beginner,Medium,95,99,3.2,Yes,Intermediate,CBSE,60.18,"Educational Apps, Science Kits"
Female,High School,Medium,Beginner,Low,79,67,2.1,Yes,Fluent,ICSE,42.42,"Textbooks, Workbooks"
Male,Elementary,Medium,Intermediate,High,42,86,2.5,No,Fluent,State Board,26.93,"Textbooks, Workbooks"
Male,High School,High,Advanced,High,31,84,0.8,Yes,Fluent,IB,20.33,"Textbooks, Workbooks"
Male,Elementary,Low,Intermediate,Medium,63,72,4.7,Yes,Intermediate,ICSE,29.56,"Textbooks, Workbooks"
Male,Elementary,Low,Advanced,Low,69,93,4.1,Yes,Intermediate,IB,41.99,"Textbooks, Workbooks"
Male,Elementary,High,Beginner,Medium,98,98,0.0,Yes,Intermediate,State Board,45.5,"Textbooks, Workbooks"
Female,Elementary,Medium,Beginner,Low,90,66,8.6,No,Fluent,IB,40.86,"Textbooks, Workbooks"
Female,Elementary,High,Advanced,Low,54,81,6.8,Yes,Basic,CBSE,42.18,"Textbooks, Workbooks"
Female,High School,Medium,Intermediate,Medium,92,92,4.5,Yes,Intermediate,ICSE,50.44,"Educational Apps, Science Kits"
Female,High School,Low,Advanced,Low,57,97,9.7,Yes,Basic,IB,44.69,"Textbooks, Workbooks"
Male,High School,Medium,Advanced,High,85,90,9.4,Yes,Intermediate,State Board,47.07,"Textbooks, Workbooks"
Male,High School,Low,Advanced,Low,55,92,1.0,Yes,Basic,ICSE,38.18,"Textbooks, Workbooks"
Male,Elementary,High,Beginner,Medium,56,81,6.2,Yes,Fluent,State Board,35.85,"Textbooks, Workbooks"
Female,Elementary,Medium,Advanced,Low,55,86,8.2,Yes,Fluent,CBSE,35.71,"Textbooks, Workbooks"
Male,High School,High,Beginner,Medium,44,86,1.7,Yes,Intermediate,CBSE,32.14,"Textbooks, Workbooks"
Female,High School,High,Intermediate,Low,79,80,1.3,Yes,Intermediate,CBSE,38.83,"Textbooks, Workbooks"
Male,Elementary,Low,Beginner,Medium,35,94,2.6,Yes,Fluent,CBSE,35.46,"Textbooks, Workbooks"
Male,Elementary,High,Intermediate,High,97,69,2.8,No,Basic,ICSE,47.04,"Textbooks, Workbooks"
Female,Elementary,Medium,Intermediate,High,33,87,9.6,Yes,Basic,State Board,24.8,"Textbooks, Workbooks"
Male,High School,Medium,Intermediate,Medium,59,99,7.8,Yes,Fluent,State Board,44.91,"Textbooks, Workbooks"
Male,Elementary,High,Beginner,Low,38,96,0.6,Yes,Intermediate,State Board,40.32,"Textbooks, Workbooks"
Female,Elementary,Medium,Advanced,Low,71,92,7.9,Yes,Intermediate,IB,41.85,"Textbooks, Workbooks"
Male,High School,Medium,Beginner,High,43,67,1.7,Yes,Intermediate,ICSE,20.37,"Textbooks, Workbooks"
Female,High School,Medium,Intermediate,Low,69,96,3.6,Yes,Fluent,ICSE,49.9,"Textbooks, Workbooks"
Male,High School,Medium,Advanced,Medium,32,92,3.2,Yes,Intermediate,IB,25.38,"Textbooks, Workbooks"
Male,Elementary,Low,Beginner,High,70,78,2.7,Yes,Intermediate,CBSE,39.17,"Textbooks, Workbooks"
Male,Elementary,Medium,Intermediate,High,62,89,3.1,Yes,Basic,State Board,32.56,"Textbooks, Workbooks"
Male,High School,Medium,Intermediate,High,89,73,7.5,Yes,Fluent,ICSE,44.89,"Textbooks, Workbooks"
Male,Elementary,Low,Advanced,High,93,73,2.7,Yes,Intermediate,CBSE,43.94,"Textbooks, Workbooks"
Male,Elementary,Low,Beginner,Medium,91,95,8.0,Yes,Fluent,IB,54.08,"Educational Apps, Science Kits"
Male,Elementary,Medium,Advanced,High,36,66,0.9,Yes,Basic,State Board,19.8,"Textbooks, Workbooks"
Male,High School,Medium,Advanced,Medium,79,93,6.0,Yes,Fluent,State Board,47.42,"Textbooks, Workbooks"
Female,High School,High,Advanced,High,68,91,8.6,Yes,Fluent,IB,40.8,"Textbooks, Workbooks"
Female,Elementary,Medium,Advanced,Low,76,92,0.8,Yes,Basic,IB,42.64,"Textbooks, Workbooks"
Male,Elementary,Medium,Beginner,Medium,99,73,6.3,Yes,Fluent,CBSE,49.31,"Textbooks, Workbooks"
Male,Elementary,Medium,Advanced,Low,55,84,5.1,No,Intermediate,CBSE,36.03,"Textbooks, Workbooks"
Female,Elementary,Medium,Intermediate,Low,87,87,3.3,Yes,Fluent,IB,44.04,"Textbooks, Workbooks"
Male,High School,Medium,Intermediate,Medium,80,98,1.0,Yes,Intermediate,CBSE,47.11,"Textbooks, Workbooks"
Male,High School,High,Intermediate,Medium,81,89,6.8,No,Basic,CBSE,50.94,"Educational Apps, Science Kits"
Female,Elementary,High,Advanced,Medium,45,90,3.1,Yes,Intermediate,IB,31.17,"Textbooks, Workbooks"
Male,Elementary,High,Intermediate,Medium,77,83,3.4,Yes,Intermediate,CBSE,40.68,"Textbooks, Workbooks"
Male,High School,High,Beginner,Medium,56,63,7.2,Yes,Basic,ICSE,43.12,"Textbooks, Workbooks"
Female,Elementary,Medium,Advanced,Low,62,73,9.5,No,Intermediate,IB,42.75,"Textbooks, Workbooks"
Male,High School,Medium,Advanced,Medium,52,68,3.3,Yes,Intermediate,State Board,34.16,"Textbooks, Workbooks"
Male,Elementary,High,Advanced,High,74,95,7.5,Yes,Fluent,IB,52.48,"Educational Apps, Science Kits"
Female,High School,Medium,Beginner,Medium,51,65,9.6,Yes,Intermediate,IB,34.55,"Textbooks, Workbooks"
Male,Elementary,High,Advanced,Medium,71,83,1.0,Yes,Basic,CBSE,44.36,"Textbooks, Workbooks"
Female,Elementary,High,Advanced,Medium,62,85,5.3,Yes,Fluent,IB,31.17,"Textbooks, Workbooks"
Male,High School,High,Intermediate,High,39,93,0.1,No,Fluent,CBSE,35.91,"Textbooks, Workbooks"
Male,High School,Medium,Intermediate,Medium,76,60,8.3,Yes,Intermediate,CBSE,39.48,"Textbooks, Workbooks"
Female,Elementary,High,Advanced,Low,68,82,2.9,Yes,Fluent,ICSE,40.97,"Textbooks, Workbooks"
Female,Elementary,Medium,Beginner,High,75,76,3.3,No,Basic,CBSE,43.26,"Textbooks, Workbooks"
Male,High School,Medium,Intermediate,High,80,95,6.9,Yes,Basic,State Board,46.16,"Textbooks, Workbooks"
Female,High School,Medium,Advanced,High,54,96,7.9,Yes,Intermediate,State Board,44.72,"Textbooks, Workbooks"
Female,Elementary,High,Intermediate,Medium,44,79,4.0,Yes,Intermediate,ICSE,34.94,"Textbooks, Workbooks"
Male,Elementary,High,Intermediate,High,87,85,6.7,No,Basic,ICSE,48.6,"Textbooks, Workbooks"
Male,High School,Medium,Beginner,Medium,88,70,9.6,Yes,Basic,ICSE,45.09,"Textbooks, Workbooks"
Male,High School,Medium,Advanced,High,55,79,8.9,Yes,Basic,ICSE,44.96,"Textbooks, Workbooks"
Female,High School,Medium,Intermediate,High,70,60,7.0,Yes,Fluent,ICSE,40.56,"Textbooks, Workbooks"
Female,High School,High,Advanced,High,73,72,9.4,Yes,Intermediate,State Board,49.26,"Textbooks, Workbooks"
Female,High School,Medium,Beginner,Medium,51,95,8.8,No,Intermediate,CBSE,30.43,"Textbooks, Workbooks"
Female,Elementary,Medium,Beginner,High,66,97,7.3,No,Basic,CBSE,46.93,"Textbooks, Workbooks"
Male,Elementary,Medium,Intermediate,Low,43,72,9.2,No,Basic,ICSE,31.89,"Textbooks, Workbooks"
Female,High School,Medium,Beginner,Low,33,73,8.2,Yes,Intermediate,CBSE,29.69,"Textbooks, Workbooks"
Male,Elementary,Low,Intermediate,Medium,53,71,5.0,Yes,Fluent,CBSE,37.24,"Textbooks, Workbooks"
Female,Elementary,Medium,Advanced,Medium,95,93,5.0,Yes,Intermediate,ICSE,43.48,"Textbooks, Workbooks"
Male,High School,High,Intermediate,Low,92,86,0.1,Yes,Intermediate,IB,42.21,"Textbooks, Workbooks"
Male,Elementary,High,Intermediate,Medium,94,71,0.3,No,Intermediate,State Board,45.01,"Textbooks, Workbooks"
Male,Elementary,Low,Beginner,Low,95,97,7.5,No,Basic,CBSE,47.11,"Textbooks, Workbooks"
Female,Elementary,High,Advanced,Medium,42,95,5.5,Yes,Intermediate,CBSE,35.75,"Textbooks, Workbooks"
Male,High School,Medium,Advanced,High,56,60,7.6,No,Intermediate,State Board,30.06,"Textbooks, Workbooks"
Male,High School,Low,Intermediate,High,46,85,9.5,No,Intermediate,State Board,44.95,"Textbooks, Workbooks"
Female,Elementary,Low,Advanced,Medium,98,99,4.5,Yes,Intermediate,IB,55.3,"Educational Apps, Science Kits"
Male,Elementary,Low,Advanced,High,86,99,0.9,No,Fluent,CBSE,48.98,"Textbooks, Workbooks"
Female,Elementary,High,Intermediate,Medium,47,80,6.3,Yes,Fluent,CBSE,30.09,"Textbooks, Workbooks"
Female,Elementary,Low,Intermediate,High,45,91,1.0,Yes,Basic,IB,31.11,"Textbooks, Workbooks"
Male,Elementary,Medium,Advanced,Medium,80,84,6.2,Yes,Intermediate,State Board,44.35,"Textbooks, Workbooks"
Male,Elementary,High,Intermediate,High,69,71,5.3,Yes,Basic,ICSE,41.27,"Textbooks, Workbooks"
Female,High School,Medium,Beginner,High,68,84,7.1,Yes,Intermediate,ICSE,45.63,"Textbooks, Workbooks"
Male,Elementary,High,Advanced,Medium,85,85,3.5,No,Basic,CBSE,44.94,"Textbooks, Workbooks"
Female,Elementary,High,Intermediate,Medium,83,95,1.4,No,Intermediate,State Board,45.14,"Textbooks, Workbooks"
Female,High School,Low,Advanced,Medium,73,75,2.4,No,Fluent,CBSE,37.78,"Textbooks, Workbooks"
Female,Elementary,High,Advanced,Medium,75,73,6.8,Yes,Fluent,State Board,50.29,"Educational Apps, Science Kits"
Male,Elementary,Medium,Beginner,Medium,61,93,4.8,Yes,Intermediate,State Board,35.17,"Textbooks, Workbooks"
Female,Elementary,Medium,Beginner,Medium,77,83,5.4,Yes,Basic,ICSE,38.28,"Textbooks, Workbooks"
Male,Elementary,Medium,Advanced,Medium,90,67,3.2,No,Intermediate,ICSE,45.11,"Textbooks, Workbooks"
Male,High School,Low,Beginner,Medium,95,86,8.4,Yes,Intermediate,CBSE,50.43,"Educational Apps, Science Kits"
Male,Elementary,High,Intermediate,High,67,98,10.0,Yes,Intermediate,IB,42.76,"Textbooks, Workbooks"
Male,High School,Medium,Advanced,High,72,72,3.1,Yes,Fluent,IB,40.2,"Textbooks, Workbooks"
Female,Elementary,Low,Beginner,Low,33,88,7.2,Yes,Basic,ICSE,27.19,"Textbooks, Workbooks"
Male,Elementary,High,Advanced,Low,34,90,1.7,Yes,Fluent,ICSE,28.28,"Textbooks, Workbooks"
Female,High School,Medium,Advanced,Low,87,78,7.4,Yes,Intermediate,CBSE,47.23,"Textbooks, Workbooks"
Female,Elementary,Medium,Intermediate,Low,66,69,4.3,Yes,Basic,IB,36.7,"Textbooks, Workbooks"
Male,High School,Medium,Intermediate,Low,55,99,6.1,Yes,Basic,State Board,36.22,"Textbooks, Workbooks"
Female,High School,High,Intermediate,High,38,93,2.4,Yes,Fluent,IB,26.38,"Textbooks, Workbooks"
Female,High School,Low,Beginner,High,44,60,8.5,Yes,Intermediate,State Board,30.41,"Textbooks, Workbooks"
Male,Elementary,Medium,Beginner,Medium,55,78,1.7,Yes,Intermediate,CBSE,39.49,"Textbooks, Workbooks"
Female,Elementary,Medium,Beginner,Medium,92,60,9.3,Yes,Basic,State Board,41.97,"Textbooks, Workbooks"
Female,Elementary,Low,Intermediate,High,99,83,0.6,Yes,Fluent,State Board,49.21,"Textbooks, Workbooks"
Female,Elementary,High,Advanced,High,56,84,2.9,Yes,Fluent,IB,30.23,"Textbooks, Workbooks"
Female,High School,Medium,Intermediate,High,83,63,5.6,Yes,Intermediate,IB,43.49,"Textbooks, Workbooks"
Male,Elementary,Medium,Beginner,Low,60,83,8.6,Yes,Fluent,IB,41.03,"Textbooks, Workbooks"
Female,Elementary,Low,Beginner,Low,61,98,5.8,Yes,Basic,IB,42.51,"Textbooks, Workbooks"
Female,High School,High,Beginner,Low,31,79,2.2,Yes,Intermediate,State Board,32.51,"Textbooks, Workbooks"
Female,High School,High,Intermediate,Medium,47,92,8.6,Yes,Basic,IB,41.96,"Textbooks, Workbooks"
Female,Elementary,Medium,Beginner,High,57,87,6.0,Yes,Fluent,State Board,38.2,"Textbooks, Workbooks"
Male,High School,Medium,Intermediate,Medium,54,94,2.3,No,Intermediate,ICSE,41.74,"Textbooks, Workbooks"
Female,High School,Medium,Advanced,High,68,83,5.6,No,Basic,CBSE,37.18,"Textbooks, Workbooks"
Male,High School,Medium,Intermediate,Medium,78,99,6.8,No,Intermediate,ICSE,43.35,"Textbooks, Workbooks"
Female,High School,Low,Beginner,High,33,61,6.8,Yes,Intermediate,ICSE,34.0,"Textbooks, Workbooks"
Male,High School,Medium,Advanced,Low,81,82,7.2,Yes,Basic,State Board,47.26,"Textbooks, Workbooks"
Male,Elementary,Medium,Beginner,Low,97,92,9.0,Yes,Intermediate,IB,58.27,"Educational Apps, Science Kits"
Male,Elementary,High,Advanced,Medium,86,73,8.2,Yes,Intermediate,CBSE,43.34,"Textbooks, Workbooks"
Male,Elementary,Medium,Beginner,Low,42,74,6.1,Yes,Intermediate,ICSE,28.91,"Textbooks, Workbooks"
Male,Elementary,High,Intermediate,High,94,91,0.3,Yes,Basic,IB,53.27,"Educational Apps, Science Kits"
Female,Elementary,Medium,Beginner,Low,92,82,7.5,Yes,Basic,IB,42.41,"Textbooks, Workbooks"
Female,Elementary,High,Intermediate,High,54,63,9.7,No,Intermediate,State Board,37.68,"Textbooks, Workbooks"
Female,Elementary,Medium,Intermediate,Low,52,79,3.1,No,Basic,State Board,38.35,"Textbooks, Workbooks"
Male,High School,Medium,Advanced,Low,59,90,6.1,No,Intermediate,IB,32.38,"Textbooks, Workbooks"
Female,Elementary,High,Intermediate,High,90,66,7.7,Yes,Fluent,CBSE,47.49,"Textbooks, Workbooks"
Male,Elementary,Low,Intermediate,High,36,60,6.4,No,Fluent,ICSE,17.88,"Textbooks, Workbooks"
Male,Elementary,Low,Intermediate,Medium,83,64,9.2,Yes,Fluent,ICSE,45.24,"Textbooks, Workbooks"
Female,High School,Low,Advanced,High,46,73,4.7,Yes,Basic,State Board,32.62,"Textbooks, Workbooks"
Female,Elementary,High,Beginner,Medium,89,89,5.3,Yes,Intermediate,CBSE,49.9,"Textbooks, Workbooks"
Male,Elementary,Low,Beginner,Medium,95,97,0.4,Yes,Basic,CBSE,52.57,"Educational Apps, Science Kits"
Male,High School,High,Intermediate,High,67,82,9.0,Yes,Fluent,IB,44.21,"Textbooks, Workbooks"
Female,Elementary,Medium,Intermediate,Low,42,66,2.6,Yes,Fluent,IB,28.01,"Textbooks, Workbooks"
Female,Elementary,Low,Beginner,Low,81,98,9.8,Yes,Intermediate,State Board,53.26,"Educational Apps, Science Kits"
Female,High School,Medium,Intermediate,Medium,81,75,2.0,Yes,Intermediate,State Board,39.74,"Textbooks, Workbooks"
Female,Elementary,Low,Beginner,Medium,61,68,2.5,Yes,Intermediate,ICSE,33.95,"Textbooks, Workbooks"
Male,High School,Medium,Advanced,Low,38,98,4.8,Yes,Basic,IB,27.72,"Textbooks, Workbooks"
Female,Elementary,Medium,Intermediate,Low,46,93,6.6,Yes,Basic,State Board,51.3,"Educational Apps, Science Kits"
Female,Elementary,Medium,Intermediate,High,69,90,4.4,Yes,Intermediate,IB,43.54,"Textbooks, Workbooks"
Female,Elementary,Low,Beginner,Medium,83,66,3.5,Yes,Basic,CBSE,38.62,"Textbooks, Workbooks"
Male,High School,Medium,Beginner,Medium,83,61,5.4,Yes,Basic,ICSE,48.69,"Textbooks, Workbooks"
Male,High School,High,Advanced,High,57,65,9.6,No,Fluent,IB,46.3,"Textbooks, Workbooks"
Male,High School,High,Intermediate,Medium,79,93,9.6,Yes,Fluent,IB,47.52,"Textbooks, Workbooks"
Male,Elementary,High,Beginner,High,47,76,3.3,Yes,Intermediate,IB,28.45,"Textbooks, Workbooks"
Female,Elementary,Medium,Advanced,High,42,85,6.8,Yes,Intermediate,CBSE,41.53,"Textbooks, Workbooks"
Male,High School,High,Beginner,High,62,71,7.2,Yes,Intermediate,ICSE,33.98,"Textbooks, Workbooks"
Female,High School,Medium,Beginner,Medium,44,79,6.5,Yes,Fluent,CBSE,35.4,"Textbooks, Workbooks"
Female,Elementary,Low,Advanced,Medium,67,94,1.1,No,Basic,IB,37.8,"Textbooks, Workbooks"
Female,Elementary,High,Advanced,Medium,35,94,5.4,Yes,Basic,ICSE,35.9,"Textbooks, Workbooks"
Female,Elementary,High,Advanced,Medium,74,88,7.6,Yes,Fluent,IB,48.66,"Textbooks, Workbooks"
Male,Elementary,Medium,Advanced,Low,88,97,2.0,Yes,Intermediate,ICSE,48.1,"Textbooks, Workbooks"
Male,High School,Medium,Advanced,Medium,77,90,3.5,Yes,Intermediate,State Board,45.07,"Textbooks, Workbooks"
Male,Elementary,Medium,Advanced,Low,70,99,2.0,Yes,Intermediate,CBSE,37.55,"Textbooks, Workbooks"
Female,Elementary,Medium,Intermediate,Low,84,72,8.9,Yes,Intermediate,CBSE,47.61,"Textbooks, Workbooks"
Female,Elementary,High,Advanced,Medium,90,85,8.6,Yes,Basic,IB,51.24,"Educational Apps, Science Kits"
Female,Elementary,Low,Intermediate,High,31,81,1.7,No,Intermediate,IB,22.75,"Textbooks, Workbooks"
Female,Elementary,High,Beginner,Low,31,67,7.6,No,Fluent,IB,25.28,"Textbooks, Workbooks"
Female,Elementary,Medium,Beginner,Low,39,99,3.6,Yes,Intermediate,CBSE,29.19,"Textbooks, Workbooks"
Male,Elementary,High,Advanced,Medium,68,66,6.9,Yes,Basic,State Board,43.28,"Textbooks, Workbooks"
Female,High School,High,Beginner,Medium,31,64,4.9,Yes,Intermediate,State Board,25.44,"Textbooks, Workbooks"
Male,High School,Medium,Advanced,Low,94,60,4.7,Yes,Intermediate,CBSE,41.0,"Textbooks, Workbooks"
Female,High School,Medium,Advanced,Low,95,99,8.8,Yes,Basic,ICSE,59.1,"Educational Apps, Science Kits"
Female,Elementary,High,Intermediate,Medium,81,70,6.4,Yes,Fluent,State Board,48.72,"Textbooks, Workbooks"
Male,High School,Medium,Beginner,High,73,91,2.4,Yes,Basic,State Board,40.22,"Textbooks, Workbooks"
Male,Elementary,Medium,Advanced,Low,63,66,1.1,Yes,Basic,ICSE,30.07,"Textbooks, Workbooks"
Female,Elementary,Medium,Beginner,Medium,74,88,9.3,Yes,Intermediate,ICSE,52.74,"Educational Apps, Science Kits"
Female,Elementary,Low,Intermediate,Medium,61,89,1.5,Yes,Basic,CBSE,43.92,"Textbooks, Workbooks"
Female,Elementary,High,Beginner,Low,34,80,7.3,No,Intermediate,ICSE,35.73,"Textbooks, Workbooks"
Female,High School,Low,Intermediate,Low,92,98,5.0,No,Basic,IB,50.89,"Educational Apps, Science Kits"
Male,Elementary,High,Intermediate,Medium,98,98,1.4,Yes,Basic,IB,47.1,"Textbooks, Workbooks"
Female,Elementary,Medium,Intermediate,High,83,79,7.8,Yes,Intermediate,State Board,38.99,"Textbooks, Workbooks"
Male,High School,High,Advanced,Low,67,81,9.0,Yes,Basic,CBSE,48.37,"Textbooks, Workbooks"
Female,High School,Medium,Advanced,Medium,38,88,1.2,Yes,Basic,CBSE,22.1,"Textbooks, Workbooks"
Male,High School,Medium,Beginner,Medium,90,63,0.7,Yes,Intermediate,ICSE,37.47,"Textbooks, Workbooks"
Male,Elementary,Medium,Advanced,High,50,62,8.5,No,Basic,State Board,32.21,"Textbooks, Workbooks"
Female,High School,High,Advanced,Low,65,68,5.0,Yes,Basic,State Board,39.58,"Textbooks, Workbooks"
Male,Elementary,Medium,Beginner,Medium,30,64,6.7,No,Intermediate,State Board,14.74,"Textbooks, Workbooks"
Female,Elementary,High,Intermediate,High,51,62,4.4,Yes,Basic,CBSE,31.36,"Textbooks, Workbooks"
Male,High School,Medium,Intermediate,High,44,84,4.1,Yes,Fluent,CBSE,39.26,"Textbooks, Workbooks"
Female,High School,Medium,Beginner,Medium,75,91,3.0,Yes,Basic,IB,39.98,"Textbooks, Workbooks"
Male,High School,High,Advanced,Medium,94,92,5.6,Yes,Basic,ICSE,54.3,"Educational Apps, Science Kits"
Female,Elementary,Low,Beginner,Medium,35,77,1.6,No,Basic,CBSE,23.85,"Textbooks, Workbooks"
Female,Elementary,Medium,Beginner,Medium,69,95,7.2,Yes,Intermediate,State Board,46.01,"Textbooks, Workbooks"
Male,Elementary,Medium,Advanced,Medium,64,88,5.5,Yes,Intermediate,ICSE,39.97,"Textbooks, Workbooks"
Male,Elementary,Medium,Beginner,High,90,98,8.5,Yes,Fluent,CBSE,49.21,"Textbooks, Workbooks"
Male,Elementary,Medium,Advanced,High,52,61,9.2,Yes,Intermediate,State Board,37.23,"Textbooks, Workbooks"
Male,Elementary,Medium,Advanced,Medium,49,70,9.0,Yes,Fluent,State Board,36.5,"Textbooks, Workbooks"
Female,High School,Medium,Beginner,High,57,90,6.0,Yes,Basic,ICSE,39.23,"Textbooks, Workbooks"
Male,Elementary,High,Intermediate,High,66,63,3.2,No,Basic,IB,41.44,"Textbooks, Workbooks"
Female,High School,High,Advanced,High,36,88,3.6,No,Basic,State Board,29.32,"Textbooks, Workbooks"
Male,High School,Medium,Intermediate,High,78,62,6.5,Yes,Basic,State Board,43.27,"Textbooks, Workbooks"
Female,High School,Medium,Advanced,Medium,53,61,7.1,Yes,Fluent,State Board,30.77,"Textbooks, Workbooks"
Female,High School,Low,Intermediate,Medium,42,95,1.6,Yes,Fluent,State Board,34.06,"Textbooks, Workbooks"
Female,High School,High,Beginner,Low,36,73,10.0,Yes,Basic,IB,27.52,"Textbooks, Workbooks"
Female,Elementary,Medium,Advanced,Low,44,63,1.1,Yes,Basic,IB,26.55,"Textbooks, Workbooks"
Male,Elementary,Medium,Beginner,Medium,52,89,6.1,Yes,Intermediate,IB,35.34,"Textbooks, Workbooks"
Male,Elementary,High,Beginner,Low,98,78,5.3,Yes,Basic,State Board,51.86,"Educational Apps, Science Kits"
Female,Elementary,Medium,Beginner,Medium,89,78,5.9,No,Fluent,IB,44.29,"Textbooks, Workbooks"
Male,High School,High,Advanced,Medium,39,90,5.3,Yes,Fluent,ICSE,34.36,"Textbooks, Workbooks"
Male,High School,Medium,Beginner,Medium,80,74,0.6,Yes,Intermediate,State Board,39.55,"Textbooks, Workbooks"
Female,High School,Low,Beginner,Low,93,88,10.0,Yes,Basic,State Board,59.59,"Educational Apps, Science Kits"
Male,Elementary,High,Advanced,Low,85,62,9.8,No,Intermediate,State Board,39.52,"Textbooks, Workbooks"
Male,Elementary,Low,Beginner,Low,61,78,5.2,Yes,Fluent,State Board,33.74,"Textbooks, Workbooks"
Male,Elementary,High,Advanced,Low,52,81,2.1,No,Intermediate,CBSE,30.19,"Textbooks, Workbooks"
Female,Elementary,Low,Beginner,High,83,79,1.8,Yes,Intermediate,IB,43.42,"Textbooks, Workbooks"
Male,High School,High,Intermediate,Medium,99,66,0.6,Yes,Fluent,CBSE,46.23,"Textbooks, Workbooks"
Female,High School,Low,Beginner,Low,90,63,6.1,Yes,Basic,ICSE,47.95,"Textbooks, Workbooks"
Male,Elementary,Medium,Intermediate,Low,49,60,4.8,Yes,Intermediate,CBSE,31.2,"Textbooks, Workbooks"
Male,Elementary,Medium,Advanced,Medium,82,66,4.2,No,Intermediate,CBSE,41.6,"Textbooks, Workbooks"
Male,High School,Medium,Intermediate,Medium,44,81,5.3,Yes,Fluent,CBSE,30.39,"Textbooks, Workbooks"
Female,High School,Medium,Advanced,Low,58,96,8.7,No,Fluent,CBSE,45.76,"Textbooks, Workbooks"
Female,High School,Medium,Beginner,High,99,89,0.7,Yes,Intermediate,IB,45.21,"Textbooks, Workbooks"
Male,High School,Medium,Intermediate,High,94,68,5.4,Yes,Fluent,IB,48.82,"Textbooks, Workbooks"
Female,Elementary,Medium,Beginner,Low,91,86,7.0,Yes,Basic,CBSE,51.24,"Educational Apps, Science Kits"
Male,High School,Medium,Intermediate,Medium,99,97,9.7,Yes,Intermediate,CBSE,50.73,"Educational Apps, Science Kits"
Female,High School,Medium,Advanced,Medium,45,82,7.4,No,Basic,ICSE,36.52,"Textbooks, Workbooks"
Female,High School,Medium,Advanced,Medium,83,71,5.5,Yes,Fluent,ICSE,55.05,"Educational Apps, Science Kits"
Male,High School,High,Advanced,High,36,72,7.7,Yes,Basic,State Board,38.84,"Textbooks, Workbooks"
Male,Elementary,Medium,Advanced,Low,89,92,10.0,Yes,Basic,CBSE,58.01,"Educational Apps, Science Kits"
Male,Elementary,Low,Beginner,Medium,39,74,8.9,Yes,Intermediate,State Board,35.31,"Textbooks, Workbooks"
Male,Elementary,Medium,Beginner,Medium,82,75,0.9,Yes,Fluent,IB,35.9,"Textbooks, Workbooks"
Female,Elementary,High,Beginner,Medium,37,93,5.7,Yes,Fluent,IB,34.31,"Textbooks, Workbooks"
Female,Elementary,Low,Beginner,High,66,68,7.9,Yes,Basic,IB,48.72,"Textbooks, Workbooks"
Female,Elementary,Medium,Beginner,Low,33,86,6.7,Yes,Intermediate,IB,28.68,"Textbooks, Workbooks"
Male,High School,Medium,Advanced,Low,52,74,4.2,Yes,Intermediate,State Board,26.7,"Textbooks, Workbooks"
Male,High School,Low,Beginner,Medium,38,94,3.2,Yes,Basic,CBSE,34.76,"Textbooks, Workbooks"
Female,High School,High,Beginner,Low,67,93,6.3,Yes,Intermediate,IB,39.91,"Textbooks, Workbooks"
Male,High School,Medium,Beginner,Low,74,99,4.1,Yes,Intermediate,ICSE,40.22,"Textbooks, Workbooks"
Female,Elementary,Medium,Advanced,Medium,74,89,3.9,Yes,Fluent,State Board,44.23,"Textbooks, Workbooks"
Female,High School,High,Advanced,Low,47,82,8.4,Yes,Fluent,State Board,40.02,"Textbooks, Workbooks"
Female,Elementary,Medium,Advanced,Medium,75,68,3.2,Yes,Fluent,IB,39.62,"Textbooks, Workbooks"
Female,High School,High,Advanced,Low,31,91,6.4,No,Fluent,CBSE,34.5,"Textbooks, Workbooks"
Female,High School,Medium,Beginner,Low,77,94,8.7,Yes,Intermediate,ICSE,54.17,"Educational Apps, Science Kits"
Male,High School,High,Beginner,Medium,46,91,6.2,Yes,Basic,State Board,37.69,"Textbooks, Workbooks"
Male,Elementary,High,Intermediate,Low,45,75,4.9,No,Intermediate,ICSE,34.11,"Textbooks, Workbooks"
Male,High School,Low,Beginner,High,74,91,0.4,Yes,Basic,ICSE,38.96,"Textbooks, Workbooks"
Female,Elementary,High,Advanced,Medium,77,84,6.8,Yes,Basic,State Board,53.24,"Educational Apps, Science Kits"
Female,Elementary,Medium,Advanced,Medium,53,89,10.0,No,Basic,CBSE,43.08,"Textbooks, Workbooks"
Female,High School,Low,Beginner,High,94,96,8.1,Yes,Intermediate,IB,56.18,"Educational Apps, Science Kits"
Female,Elementary,Medium,Intermediate,Low,62,96,6.3,Yes,Basic,ICSE,40.72,"Textbooks, Workbooks"
Male,Elementary,Low,Advanced,High,33,94,4.7,Yes,Fluent,CBSE,27.73,"Textbooks, Workbooks"
Male,High School,High,Intermediate,High,30,67,2.2,Yes,Intermediate,IB,19.83,"Textbooks, Workbooks"
Female,High School,Medium,Advanced,Low,62,99,6.9,Yes,Basic,ICSE,41.37,"Textbooks, Workbooks"
Female,High School,High,Advanced,High,91,95,1.8,Yes,Basic,IB,47.93,"Textbooks, Workbooks"
Female,High School,Low,Beginner,Low,32,84,8.9,Yes,Basic,State Board,33.61,"Textbooks, Workbooks"
Male,High School,Medium,Advanced,Low,74,77,3.5,Yes,Fluent,CBSE,33.11,"Textbooks, Workbooks"
Male,High School,Medium,Intermediate,High,50,98,4.0,Yes,Fluent,CBSE,41.92,"Textbooks, Workbooks"
Male,Elementary,Medium,Intermediate,Low,93,69,2.2,Yes,Fluent,CBSE,43.74,"Textbooks, Workbooks"
Female,High School,High,Beginner,Medium,86,60,4.8,No,Fluent,ICSE,49.19,"Textbooks, Workbooks"
Female,High School,High,Advanced,High,69,63,6.8,Yes,Fluent,CBSE,41.47,"Textbooks, Workbooks"
Male,Elementary,High,Intermediate,High,91,85,3.0,Yes,Intermediate,IB,48.48,"Textbooks, Workbooks"
Female,High School,High,Beginner,Medium,72,70,7.0,Yes,Intermediate,ICSE,46.43,"Textbooks, Workbooks"
Male,Elementary,Low,Intermediate,High,75,74,6.2,Yes,Fluent,State Board,48.78,"Textbooks, Workbooks"
Female,High School,Medium,Beginner,Medium,53,91,3.7,No,Basic,State Board,35.98,"Textbooks, Workbooks"
Male,High School,Medium,Intermediate,Low,53,74,3.1,Yes,Intermediate,IB,38.79,"Textbooks, Workbooks"
Female,Elementary,Medium,Advanced,Medium,39,87,8.6,No,Fluent,CBSE,35.23,"Textbooks, Workbooks"
Male,High School,Low,Intermediate,Medium,97,82,0.1,Yes,Fluent,State Board,45.74,"Textbooks, Workbooks"
Male,Elementary,Medium,Intermediate,Medium,86,62,7.2,Yes,Fluent,State Board,44.25,"Textbooks, Workbooks"
Male,High School,Medium,Beginner,Medium,73,91,4.2,Yes,Basic,CBSE,37.72,"Textbooks, Workbooks"
Male,High School,Medium,Beginner,Medium,77,79,7.2,Yes,Intermediate,State Board,34.02,"Textbooks, Workbooks"
Male,Elementary,High,Beginner,Medium,56,73,5.1,Yes,Intermediate,State Board,32.56,"Textbooks, Workbooks"
Male,High School,Medium,Intermediate,High,59,94,0.8,Yes,Fluent,State Board,37.62,"Textbooks, Workbooks"
Female,High School,Low,Beginner,Medium,75,99,9.8,No,Intermediate,State Board,52.04,"Educational Apps, Science Kits"
Female,Elementary,Low,Advanced,Low,41,68,0.9,Yes,Basic,IB,18.36,"Textbooks, Workbooks"
Female,High School,High,Beginner,High,89,83,1.6,Yes,Basic,ICSE,47.27,"Textbooks, Workbooks"
Male,Elementary,High,Beginner,Medium,48,63,4.2,Yes,Intermediate,CBSE,25.57,"Textbooks, Workbooks"
Male,High School,Medium,Advanced,High,97,71,9.4,No,Basic,State Board,56.02,"Educational Apps, Science Kits"
Female,Elementary,Medium,Beginner,Low,83,83,2.9,No,Fluent,State Board,46.19,"Textbooks, Workbooks"
Male,High School,High,Beginner,Medium,63,60,5.7,Yes,Fluent,State Board,30.86,"Textbooks, Workbooks"
Male,Elementary,Medium,Intermediate,Low,36,73,5.2,Yes,Fluent,State Board,26.34,"Textbooks, Workbooks"
Male,Elementary,High,Intermediate,Low,71,90,3.3,Yes,Basic,ICSE,35.74,"Textbooks, Workbooks"
Male,High School,High,Beginner,Medium,97,69,7.0,Yes,Fluent,CBSE,52.83,"Educational Apps, Science Kits"
Male,High School,Medium,Advanced,Medium,82,92,5.0,No,Intermediate,State Board,46.78,"Textbooks, Workbooks"
Female,Elementary,Medium,Beginner,High,37,95,5.8,No,Basic,IB,31.55,"Textbooks, Workbooks"
Female,High School,Low,Beginner,Medium,51,94,2.1,Yes,Intermediate,IB,32.48,"Textbooks, Workbooks"
Female,Elementary,Medium,Beginner,Low,55,77,9.3,Yes,Fluent,ICSE,45.18,"Textbooks, Workbooks"
Female,High School,High,Intermediate,High,92,84,1.1,Yes,Basic,ICSE,46.0,"Textbooks, Workbooks"
Female,High School,High,Advanced,Medium,75,71,6.9,Yes,Basic,State Board,45.72,"Textbooks, Workbooks"
Male,Elementary,High,Advanced,High,73,87,8.9,Yes,Intermediate,ICSE,46.41,"Textbooks, Workbooks"
Male,Elementary,Medium,Advanced,Medium,91,68,0.8,Yes,Intermediate,CBSE,41.22,"Textbooks, Workbooks"
Male,High School,Low,Intermediate,Low,65,83,0.3,Yes,Intermediate,IB,45.13,"Textbooks, Workbooks"
Male,High School,Low,Intermediate,Medium,70,79,3.3,Yes,Intermediate,CBSE,34.15,"Textbooks, Workbooks"
Female,High School,Medium,Beginner,Medium,56,85,7.9,Yes,Basic,ICSE,35.64,"Textbooks, Workbooks"
Female,High School,Medium,Intermediate,Medium,99,64,7.2,Yes,Fluent,CBSE,50.43,"Educational Apps, Science Kits"
Female,High School,Medium,Beginner,High,70,86,8.2,Yes,Intermediate,ICSE,38.37,"Textbooks, Workbooks"
Male,Elementary,Low,Intermediate,Medium,34,87,4.0,No,Basic,CBSE,22.38,"Textbooks, Workbooks"
Female,High School,High,Beginner,Medium,86,96,9.9,Yes,Intermediate,State Board,52.06,"Educational Apps, Science Kits"
Male,High School,Medium,Intermediate,Medium,58,99,3.7,Yes,Fluent,State Board,34.9,"Textbooks, Workbooks"
Female,Elementary,High,Advanced,Low,41,66,8.1,No,Fluent,CBSE,35.81,"Textbooks, Workbooks"
Female,Elementary,Medium,Beginner,Medium,54,78,3.5,Yes,Intermediate,State Board,36.59,"Textbooks, Workbooks"
Male,Elementary,Low,Intermediate,Medium,63,81,2.2,Yes,Intermediate,ICSE,38.36,"Textbooks, Workbooks"
Male,High School,High,Intermediate,Medium,53,77,3.4,No,Basic,CBSE,34.33,"Textbooks, Workbooks"
Female,Elementary,High,Beginner,Medium,92,74,1.9,Yes,Basic,ICSE,36.57,"Textbooks, Workbooks"
Female,Elementary,Medium,Intermediate,High,92,92,1.3,No,Basic,IB,45.77,"Textbooks, Workbooks"
Male,Elementary,Medium,Advanced,Low,39,98,3.6,Yes,Intermediate,State Board,36.94,"Textbooks, Workbooks"
Female,Elementary,Low,Beginner,Low,34,64,1.5,Yes,Intermediate,State Board,20.86,"Textbooks, Workbooks"
Female,High School,Medium,Beginner,High,82,99,5.0,No,Intermediate,ICSE,56.41,"Educational Apps, Science Kits"
Male,High School,High,Beginner,High,57,96,0.4,Yes,Fluent,ICSE,38.72,"Textbooks, Workbooks"
Female,High School,Low,Beginner,Medium,94,64,4.3,Yes,Fluent,IB,49.36,"Textbooks, Workbooks"
Male,Elementary,Medium,Beginner,High,74,96,9.6,Yes,Intermediate,CBSE,49.62,"Textbooks, Workbooks"
Female,Elementary,High,Advanced,Low,95,66,3.6,Yes,Basic,ICSE,49.6,"Textbooks, Workbooks"
Male,Elementary,Medium,Beginner,Low,78,61,1.4,Yes,Basic,CBSE,35.41,"Textbooks, Workbooks"
Female,Elementary,Medium,Advanced,High,69,89,3.1,Yes,Intermediate,CBSE,46.47,"Textbooks, Workbooks"
Male,Elementary,Medium,Advanced,High,95,70,7.9,Yes,Basic,ICSE,44.41,"Textbooks, Workbooks"
Female,Elementary,Medium,Advanced,Low,37,96,3.1,Yes,Intermediate,State Board,25.74,"Textbooks, Workbooks"
Male,High School,Medium,Beginner,Low,56,98,3.8,Yes,Fluent,ICSE,37.26,"Textbooks, Workbooks"
Female,High School,Medium,Advanced,Low,46,92,7.9,No,Basic,ICSE,32.29,"Textbooks, Workbooks"
Female,Elementary,Low,Beginner,Low,97,68,2.6,Yes,Fluent,ICSE,40.7,"Textbooks, Workbooks"
Female,High School,High,Advanced,High,73,70,4.8,No,Fluent,State Board,41.17,"Textbooks, Workbooks"
Female,Elementary,High,Beginner,Medium,60,71,0.6,Yes,Intermediate,IB,29.76,"Textbooks, Workbooks"
Female,Elementary,Medium,Intermediate,Medium,34,69,1.7,No,Fluent,State Board,26.0,"Textbooks, Workbooks"
Female,High School,Medium,Intermediate,Medium,89,70,2.1,No,Basic,ICSE,51.41,"Educational Apps, Science Kits"
Female,Elementary,Medium,Advanced,High,48,92,4.6,Yes,Intermediate,IB,31.93,"Textbooks, Workbooks"
Female,High School,Low,Intermediate,Low,71,79,8.2,Yes,Intermediate,ICSE,49.09,"Textbooks, Workbooks"
Female,Elementary,High,Advanced,Medium,52,64,3.5,Yes,Basic,CBSE,30.29,"Textbooks, Workbooks"
Male,Elementary,Medium,Advanced,High,46,83,3.8,No,Fluent,ICSE,33.5,"Textbooks, Workbooks"
Male,High School,Medium,Advanced,Low,87,91,3.0,Yes,Intermediate,CBSE,52.36,"Educational Apps, Science Kits"
Female,Elementary,Low,Intermediate,High,78,90,3.2,Yes,Intermediate,IB,52.59,"Educational Apps, Science Kits"
Male,Elementary,Low,Advanced,Medium,32,73,4.0,Yes,Intermediate,CBSE,27.75,"Textbooks, Workbooks"
Female,Elementary,Medium,Intermediate,Low,74,78,9.0,No,Basic,IB,48.58,"Textbooks, Workbooks"
Female,High School,High,Intermediate,Low,64,83,0.2,Yes,Basic,ICSE,37.7,"Textbooks, Workbooks"
Male,Elementary,High,Beginner,Medium,31,91,6.2,Yes,Intermediate,ICSE,37.17,"Textbooks, Workbooks"
Female,Elementary,High,Intermediate,Medium,76,71,8.9,Yes,Intermediate,CBSE,46.55,"Textbooks, Workbooks"
Female,Elementary,High,Beginner,Medium,32,80,4.2,No,Basic,State Board,29.94,"Textbooks, Workbooks"
Male,High School,High,Advanced,Low,58,95,6.5,Yes,Fluent,State Board,37.47,"Textbooks, Workbooks"
Male,High School,Medium,Advanced,Medium,49,84,5.9,No,Intermediate,State Board,35.96,"Textbooks, Workbooks"
Female,High School,Medium,Beginner,Low,63,73,3.4,Yes,Basic,CBSE,34.03,"Textbooks, Workbooks"
Male,High School,High,Advanced,Medium,69,67,1.4,Yes,Fluent,CBSE,31.34,"Textbooks, Workbooks"
Male,High School,Medium,Beginner,Medium,94,88,2.2,Yes,Fluent,State Board,47.02,"Textbooks, Workbooks"
Female,Elementary,Medium,Beginner,Medium,92,84,0.6,Yes,Basic,CBSE,41.51,"Textbooks, Workbooks"
Male,High School,Medium,Advanced,Low,85,82,7.6,Yes,Intermediate,State Board,40.85,"Textbooks, Workbooks"
Male,High School,Medium,Beginner,Low,61,95,5.3,No,Basic,IB,37.84,"Textbooks, Workbooks"
Female,Elementary,Medium,Beginner,Low,95,71,7.9,Yes,Basic,IB,52.45,"Educational Apps, Science Kits"
Male,High School,Low,Beginner,Low,70,71,2.9,No,Fluent,CBSE,35.54,"Textbooks, Workbooks"
Male,Elementary,Medium,Advanced,Low,58,77,8.0,Yes,Intermediate,ICSE,36.42,"Textbooks, Workbooks"
Female,High School,High,Advanced,Medium,80,95,3.1,No,Fluent,CBSE,43.85,"Textbooks, Workbooks"
Female,Elementary,Medium,Advanced,High,41,78,1.2,Yes,Basic,IB,22.86,"Textbooks, Workbooks"
Female,Elementary,High,Advanced,Medium,73,94,5.3,No,Basic,IB,40.29,"Textbooks, Workbooks"
Male,High School,Low,Advanced,Medium,39,86,9.5,Yes,Intermediate,State Board,34.18,"Textbooks, Workbooks"
Female,High School,Low,Intermediate,Low,38,62,4.1,Yes,Basic,State Board,27.61,"Textbooks, Workbooks"
Female,Elementary,Medium,Intermediate,High,58,72,5.2,Yes,Basic,ICSE,27.44,"Textbooks, Workbooks"
Male,Elementary,Medium,Beginner,Low,58,97,4.5,No,Fluent,State Board,36.58,"Textbooks, Workbooks"
Female,Elementary,Medium,Intermediate,Medium,90,78,4.6,Yes,Intermediate,State Board,40.8,"Textbooks, Workbooks"
Female,Elementary,High,Advanced,High,93,94,2.1,Yes,Basic,IB,47.93,"Textbooks, Workbooks"
Female,Elementary,High,Advanced,Medium,32,74,4.2,No,Intermediate,State Board,32.53,"Textbooks, Workbooks"
Female,Elementary,High,Advanced,Low,33,75,5.0,No,Intermediate,CBSE,24.85,"Textbooks, Workbooks"
Male,Elementary,Medium,Beginner,Medium,84,94,7.4,Yes,Fluent,IB,47.49,"Textbooks, Workbooks"
Female,High School,Medium,Beginner,Low,43,64,1.4,No,Fluent,CBSE,28.74,"Textbooks, Workbooks"
Female,Elementary,Medium,Beginner,Medium,57,66,5.7,Yes,Basic,ICSE,39.29,"Textbooks, Workbooks"
Male,High School,Low,Beginner,Medium,92,80,6.6,No,Basic,IB,48.33,"Textbooks, Workbooks"
Female,High School,Medium,Beginner,High,68,60,3.8,Yes,Intermediate,ICSE,40.71,"Textbooks, Workbooks"
Male,Elementary,Medium,Beginner,Low,93,84,5.5,Yes,Fluent,CBSE,42.54,"Textbooks, Workbooks"
Male,Elementary,Medium,Intermediate,High,89,89,7.1,Yes,Basic,ICSE,57.55,"Educational Apps, Science Kits"
Male,High School,Low,Advanced,High,49,78,4.7,Yes,Intermediate,CBSE,35.72,"Textbooks, Workbooks"
Female,Elementary,Low,Intermediate,Low,57,83,3.3,Yes,Intermediate,CBSE,30.33,"Textbooks, Workbooks"
Male,Elementary,Medium,Beginner,Medium,43,74,8.2,Yes,Fluent,IB,27.6,"Textbooks, Workbooks"
Male,High School,Medium,Advanced,Medium,87,94,9.9,Yes,Basic,IB,50.29,"Educational Apps, Science Kits"
Male,High School,High,Advanced,Medium,68,83,2.2,Yes,Basic,IB,39.45,"Textbooks, Workbooks"
Female,High School,Medium,Advanced,Low,87,95,8.9,Yes,Basic,CBSE,58.47,"Educational Apps, Science Kits"
Female,Elementary,Low,Intermediate,Low,44,73,5.5,Yes,Fluent,State Board,30.29,"Textbooks, Workbooks"
Female,Elementary,Medium,Advanced,High,32,81,4.5,Yes,Intermediate,CBSE,28.64,"Textbooks, Workbooks"
Female,High School,Low,Beginner,Low,34,98,8.9,No,Basic,CBSE,40.38,"Textbooks, Workbooks"
Female,Elementary,High,Beginner,Low,71,67,9.1,No,Fluent,State Board,40.45,"Textbooks, Workbooks"
Female,High School,High,Intermediate,High,44,75,2.7,Yes,Basic,State Board,31.65,"Textbooks, Workbooks"
Female,Elementary,Medium,Intermediate,Medium,32,76,3.6,No,Basic,ICSE,28.76,"Textbooks, Workbooks"
Male,High School,Medium,Beginner,Medium,64,64,8.5,Yes,Fluent,CBSE,36.17,"Textbooks, Workbooks"
Male,Elementary,High,Intermediate,Medium,36,94,4.9,Yes,Basic,IB,37.52,"Textbooks, Workbooks"
Male,High School,Medium,Advanced,Medium,53,96,2.9,Yes,Basic,State Board,33.63,"Textbooks, Workbooks"
Male,Elementary,High,Intermediate,Medium,60,77,9.6,Yes,Intermediate,IB,42.19,"Textbooks, Workbooks"
Female,Elementary,Medium,Advanced,High,33,80,2.2,Yes,Fluent,ICSE,26.78,"Textbooks, Workbooks"
Male,High School,Medium,Advanced,Low,32,60,6.1,No,Basic,IB,20.61,"Textbooks, Workbooks"
Male,Elementary,High,Advanced,Low,38,76,4.3,No,Intermediate,CBSE,22.85,"Textbooks, Workbooks"
Male,Elementary,Medium,Advanced,Low,97,67,4.5,No,Basic,CBSE,57.92,"Educational Apps, Science Kits"
Male,High School,Medium,Advanced,Medium,89,88,1.1,Yes,Basic,IB,47.1,"Textbooks, Workbooks"
Female,Elementary,Medium,Beginner,Medium,40,79,2.6,No,Intermediate,IB,35.49,"Textbooks, Workbooks"
Female,Elementary,Medium,Beginner,Low,65,96,1.7,Yes,Basic,CBSE,42.49,"Textbooks, Workbooks"
Female,Elementary,High,Beginner,Medium,31,98,7.5,Yes,Intermediate,State Board,34.02,"Textbooks, Workbooks"
Male,High School,Medium,Advanced,Low,79,64,7.0,No,Intermediate,CBSE,44.42,"Textbooks, Workbooks"
Female,High School,Medium,Intermediate,Medium,32,69,7.9,Yes,Intermediate,State Board,35.08,"Textbooks, Workbooks"
Male,High School,High,Intermediate,High,96,65,7.0,Yes,Basic,CBSE,48.88,"Textbooks, Workbooks"
Female,High School,Medium,Advanced,Medium,91,66,1.3,Yes,Fluent,IB,41.02,"Textbooks, Workbooks"
Female,High School,Medium,Intermediate,Low,43,94,9.8,Yes,Fluent,IB,41.92,"Textbooks, Workbooks"
Female,Elementary,High,Advanced,Low,52,86,1.9,No,Basic,CBSE,27.76,"Textbooks, Workbooks"
Female,Elementary,High,Intermediate,Low,45,80,3.5,No,Intermediate,State Board,33.25,"Textbooks, Workbooks"
Female,High School,Medium,Advanced,High,47,83,7.1,Yes,Fluent,State Board,39.95,"Textbooks, Workbooks"
Male,Elementary,Medium,Intermediate,Medium,42,88,1.4,Yes,Intermediate,State Board,24.82,"Textbooks, Workbooks"
Female,Elementary,High,Intermediate,High,85,86,1.7,Yes,Fluent,IB,49.05,"Textbooks, Workbooks"
Male,Elementary,High,Beginner,High,74,97,8.8,Yes,Basic,ICSE,41.24,"Textbooks, Workbooks"
Male,Elementary,High,Intermediate,Medium,69,61,3.3,Yes,Fluent,IB,31.13,"Textbooks, Workbooks"
Male,High School,Medium,Intermediate,High,60,84,6.7,Yes,Basic,State Board,40.88,"Textbooks, Workbooks"
Male,High School,Medium,Advanced,High,61,61,8.6,No,Intermediate,IB,47.74,"Textbooks, Workbooks"
Male,Elementary,Medium,Intermediate,Low,30,97,9.7,Yes,Intermediate,CBSE,28.28,"Textbooks, Workbooks"
Female,Elementary,High,Intermediate,Medium,64,77,2.1,No,Basic,IB,36.24,"Textbooks, Workbooks"
Female,High School,High,Intermediate,Medium,65,66,1.2,Yes,Fluent,CBSE,30.44,"Textbooks, Workbooks"
Female,Elementary,Low,Intermediate,Medium,95,63,7.4,Yes,Intermediate,IB,50.57,"Educational Apps, Science Kits"
Female,Elementary,Medium,Intermediate,Low,58,99,1.9,Yes,Basic,IB,40.09,"Textbooks, Workbooks"
Male,Elementary,Medium,Beginner,Low,72,69,5.8,Yes,Basic,IB,35.87,"Textbooks, Workbooks"
Female,High School,High,Intermediate,Low,58,87,5.3,Yes,Fluent,State Board,39.82,"Textbooks, Workbooks"
Female,High School,Medium,Advanced,Low,72,89,5.6,Yes,Fluent,CBSE,46.99,"Textbooks, Workbooks"
Male,Elementary,Medium,Advanced,High,48,83,6.5,Yes,Basic,IB,43.23,"Textbooks, Workbooks"
Male,Elementary,Low,Intermediate,Medium,93,95,8.5,Yes,Fluent,State Board,52.89,"Educational Apps, Science Kits"
Female,Elementary,Medium,Intermediate,Medium,60,75,2.7,No,Basic,IB,43.27,"Textbooks, Workbooks"
Female,Elementary,Low,Intermediate,Medium,48,92,5.6,Yes,Intermediate,ICSE,33.51,"Textbooks, Workbooks"
Male,Elementary,High,Beginner,Medium,58,69,3.4,Yes,Basic,CBSE,36.62,"Textbooks, Workbooks"
Female,Elementary,High,Advanced,High,36,80,3.2,No,Fluent,State Board,23.91,"Textbooks, Workbooks"
Female,High School,Medium,Beginner,Medium,87,86,0.2,No,Fluent,CBSE,45.81,"Textbooks, Workbooks"
Female,High School,Medium,Beginner,High,89,80,6.0,Yes,Fluent,State Board,37.72,"Textbooks, Workbooks"
Female,Elementary,High,Intermediate,Medium,80,86,9.7,No,Fluent,State Board,50.26,"Educational Apps, Science Kits"
Male,High School,Medium,Intermediate,High,79,91,7.6,Yes,Basic,IB,56.02,"Educational Apps, Science Kits"
Male,Elementary,Medium,Advanced,High,50,64,2.4,Yes,Basic,IB,27.71,"Textbooks, Workbooks"
Male,Elementary,High,Intermediate,High,38,94,7.2,Yes,Basic,ICSE,38.87,"Textbooks, Workbooks"
Female,High School,High,Advanced,Low,63,81,3.0,No,Basic,State Board,34.15,"Textbooks, Workbooks"
Female,High School,High,Beginner,Low,63,95,7.5,Yes,Fluent,CBSE,50.4,"Educational Apps, Science Kits"
Female,Elementary,Low,Advanced,Low,76,69,8.5,No,Intermediate,State Board,39.72,"Textbooks, Workbooks"
Female,Elementary,Low,Advanced,Medium,53,93,3.3,Yes,Intermediate,ICSE,36.24,"Textbooks, Workbooks"
Female,High School,Low,Advanced,Medium,57,65,0.0,Yes,Fluent,CBSE,27.72,"Textbooks, Workbooks"
Male,High School,Medium,Beginner,Low,75,73,3.1,Yes,Intermediate,ICSE,43.64,"Textbooks, Workbooks"
Female,Elementary,High,Beginner,High,80,96,2.1,Yes,Basic,IB,42.16,"Textbooks, Workbooks"
Female,Elementary,Medium,Intermediate,Low,35,78,6.2,Yes,Intermediate,CBSE,28.74,"Textbooks, Workbooks"
Male,Elementary,High,Intermediate,High,92,91,2.9,Yes,Basic,State Board,37.09,"Textbooks, Workbooks"
Female,High School,Medium,Advanced,Low,82,79,0.4,Yes,Basic,CBSE,41.7,"Textbooks, Workbooks"
Male,Elementary,Medium,Advanced,Medium,93,80,5.3,No,Basic,IB,49.78,"Textbooks, Workbooks"
Male,High School,High,Beginner,Medium,81,74,8.7,Yes,Fluent,CBSE,44.93,"Textbooks, Workbooks"
Male,Elementary,Medium,Beginner,Medium,89,76,4.5,Yes,Basic,IB,37.21,"Textbooks, Workbooks"
Male,High School,Medium,Beginner,Low,70,83,3.8,Yes,Fluent,IB,37.88,"Textbooks, Workbooks"
Male,High School,Medium,Advanced,High,40,80,1.8,Yes,Fluent,ICSE,30.16,"Textbooks, Workbooks"
Female,High School,Low,Advanced,Medium,33,74,3.9,Yes,Intermediate,IB,19.59,"Textbooks, Workbooks"
Male,High School,Medium,Beginner,High,43,70,3.3,Yes,Intermediate,State Board,17.83,"Textbooks, Workbooks"
Male,Elementary,Medium,Advanced,High,42,96,9.9,Yes,Intermediate,CBSE,42.18,"Textbooks, Workbooks"
Female,High School,Medium,Beginner,Medium,44,89,0.3,No,Fluent,CBSE,29.71,"Textbooks, Workbooks"
Female,High School,High,Intermediate,High,37,77,2.4,Yes,Fluent,State Board,33.59,"Textbooks, Workbooks"
Male,High School,Medium,Beginner,High,40,87,0.7,No,Basic,CBSE,27.12,"Textbooks, Workbooks"
Female,Elementary,Low,Advanced,High,52,72,8.6,No,Fluent,IB,34.25,"Textbooks, Workbooks"
Female,Elementary,Medium,Advanced,High,36,69,4.2,Yes,Basic,IB,18.62,"Textbooks, Workbooks"
Male,Elementary,Low,Advanced,High,98,98,8.0,Yes,Intermediate,CBSE,65.33,"Educational Apps, Science Kits"
Male,Elementary,Medium,Advanced,Medium,61,71,6.9,Yes,Fluent,ICSE,38.08,"Textbooks, Workbooks"
Female,Elementary,Medium,Beginner,Low,73,97,9.3,Yes,Basic,IB,45.66,"Textbooks, Workbooks"
Male,Elementary,Low,Beginner,High,32,99,0.2,Yes,Basic,CBSE,23.98,"Textbooks, Workbooks"
Male,High School,High,Intermediate,High,73,85,2.1,Yes,Fluent,CBSE,49.89,"Textbooks, Workbooks"
Female,High School,High,Beginner,Low,98,78,7.0,Yes,Intermediate,CBSE,52.2,"Educational Apps, Science Kits"
Male,High School,High,Intermediate,Medium,80,82,5.9,Yes,Basic,State Board,49.76,"Textbooks, Workbooks"
Male,Elementary,Medium,Beginner,Medium,90,95,6.9,Yes,Fluent,CBSE,53.31,"Educational Apps, Science Kits"
Male,High School,Medium,Beginner,Medium,80,86,5.8,No,Fluent,CBSE,51.55,"Educational Apps, Science Kits"
Male,High School,High,Advanced,Low,62,75,5.8,Yes,Basic,CBSE,37.81,"Textbooks, Workbooks"
Male,Elementary,Medium,Intermediate,Low,49,66,9.3,Yes,Basic,CBSE,35.35,"Textbooks, Workbooks"
Female,High School,High,Advanced,High,59,72,9.2,Yes,Basic,ICSE,38.52,"Textbooks, Workbooks"
Female,Elementary,Low,Advanced,Medium,73,71,0.4,Yes,Fluent,State Board,41.7,"Textbooks, Workbooks"
Male,High School,Low,Beginner,Medium,58,86,4.1,Yes,Fluent,CBSE,39.56,"Textbooks, Workbooks"
Female,Elementary,High,Beginner,High,50,92,5.1,Yes,Fluent,State Board,43.64,"Textbooks, Workbooks"
Male,Elementary,High,Intermediate,High,82,90,3.6,Yes,Intermediate,CBSE,44.69,"Textbooks, Workbooks"
Male,Elementary,High,Intermediate,Low,40,70,0.5,Yes,Intermediate,IB,21.45,"Textbooks, Workbooks"
Male,High School,High,Beginner,Low,39,76,4.7,Yes,Fluent,CBSE,32.44,"Textbooks, Workbooks"
Male,High School,Low,Intermediate,Medium,64,97,9.8,Yes,Basic,CBSE,46.91,"Textbooks, Workbooks"
Male,Elementary,Medium,Beginner,High,55,61,0.7,Yes,Fluent,ICSE,26.51,"Textbooks, Workbooks"
Female,Elementary,High,Beginner,Low,73,62,8.2,Yes,Fluent,ICSE,36.49,"Textbooks, Workbooks"
Female,High School,Low,Beginner,Medium,33,93,2.0,Yes,Intermediate,ICSE,29.78,"Textbooks, Workbooks"
Male,High School,Medium,Intermediate,High,86,91,5.8,Yes,Fluent,State Board,39.44,"Textbooks, Workbooks"
Female,Elementary,Medium,Advanced,High,68,83,3.9,No,Basic,State Board,38.53,"Textbooks, Workbooks"
Male,High School,Low,Intermediate,Medium,70,83,3.5,Yes,Intermediate,ICSE,44.32,"Textbooks, Workbooks"
Female,High School,Medium,Advanced,Low,96,72,8.7,Yes,Fluent,State Board,51.34,"Educational Apps, Science Kits"
Male,High School,Medium,Intermediate,Low,65,81,9.7,Yes,Intermediate,CBSE,38.34,"Textbooks, Workbooks"
Female,Elementary,High,Advanced,Low,33,78,3.9,Yes,Basic,ICSE,26.83,"Textbooks, Workbooks"
Male,Elementary,High,Advanced,Low,42,89,6.4,Yes,Basic,CBSE,32.93,"Textbooks, Workbooks"
Male,High School,Medium,Intermediate,Medium,99,98,5.6,Yes,Fluent,CBSE,65.42,"Educational Apps, Science Kits"
Female,Elementary,Medium,Intermediate,Medium,36,80,0.8,Yes,Fluent,ICSE,35.19,"Textbooks, Workbooks"
Female,High School,Medium,Advanced,Low,57,82,0.4,Yes,Intermediate,ICSE,35.06,"Textbooks, Workbooks"
Male,High School,Low,Beginner,High,88,75,7.7,Yes,Basic,ICSE,50.44,"Educational Apps, Science Kits"
Female,Elementary,Medium,Advanced,Medium,66,66,3.9,Yes,Fluent,CBSE,32.16,"Textbooks, Workbooks"
Male,Elementary,Low,Advanced,Medium,44,79,3.1,No,Basic,CBSE,25.95,"Textbooks, Workbooks"
Female,Elementary,Medium,Beginner,High,59,73,9.9,Yes,Fluent,IB,39.88,"Textbooks, Workbooks"
Female,High School,Medium,Advanced,Medium,41,85,0.9,Yes,Fluent,CBSE,29.5,"Textbooks, Workbooks"
Male,High School,Medium,Beginner,High,59,81,2.7,Yes,Basic,ICSE,37.09,"Textbooks, Workbooks"
Female,Elementary,Low,Beginner,Low,30,95,8.6,Yes,Fluent,State Board,29.2,"Textbooks, Workbooks"
Female,Elementary,Medium,Intermediate,Low,65,85,4.1,Yes,Fluent,CBSE,41.65,"Textbooks, Workbooks"
Male,Elementary,Medium,Advanced,Medium,50,71,5.8,Yes,Fluent,ICSE,27.39,"Textbooks, Workbooks"
Female,High School,Low,Advanced,Medium,61,90,0.5,No,Fluent,ICSE,33.99,"Textbooks, Workbooks"
Male,High School,High,Beginner,Low,92,99,9.2,Yes,Fluent,ICSE,56.57,"Educational Apps, Science Kits"
Male,High School,Low,Advanced,Medium,42,63,1.4,Yes,Fluent,State Board,16.64,"Textbooks, Workbooks"
Male,Elementary,High,Beginner,Low,66,99,2.1,No,Fluent,State Board,36.52,"Textbooks, Workbooks"
Male,Elementary,Low,Advanced,Medium,73,86,1.6,No,Fluent,IB,39.72,"Textbooks, Workbooks"
Male,High School,High,Advanced,Medium,50,68,5.0,Yes,Intermediate,CBSE,31.73,"Textbooks, Workbooks"
Female,Elementary,Low,Beginner,Medium,47,71,8.2,No,Fluent,State Board,29.61,"Textbooks, Workbooks"
Male,Elementary,High,Beginner,Medium,75,88,2.7,Yes,Fluent,IB,36.96,"Textbooks, Workbooks"
Male,Elementary,Medium,Advanced,High,76,87,1.4,Yes,Intermediate,ICSE,42.28,"Textbooks, Workbooks"
Female,Elementary,High,Advanced,Medium,55,75,4.1,No,Intermediate,IB,27.84,"Textbooks, Workbooks"
Female,High School,Medium,Beginner,High,34,67,9.8,Yes,Basic,IB,28.23,"Textbooks, Workbooks"
Female,Elementary,Low,Intermediate,Low,34,72,0.1,No,Basic,IB,24.92,"Textbooks, Workbooks"
Male,High School,High,Intermediate,Medium,60,73,5.0,Yes,Basic,CBSE,35.24,"Textbooks, Workbooks"
Male,High School,Low,Advanced,Medium,57,74,6.7,Yes,Basic,State Board,36.06,"Textbooks, Workbooks"
Male,Elementary,High,Advanced,High,94,68,8.1,Yes,Intermediate,State Board,52.61,"Educational Apps, Science Kits"
Female,High School,Low,Advanced,High,42,91,7.5,Yes,Basic,ICSE,31.41,"Textbooks, Workbooks"
Male,High School,Medium,Beginner,High,47,81,0.7,Yes,Fluent,IB,26.59,"Textbooks, Workbooks"
Female,Elementary,High,Advanced,Low,53,84,4.6,Yes,Intermediate,IB,35.63,"Textbooks, Workbooks"
Male,High School,Medium,Advanced,High,58,85,0.8,Yes,Fluent,ICSE,31.24,"Textbooks, Workbooks"
Female,High School,Medium,Advanced,Low,57,88,6.2,Yes,Basic,State Board,37.85,"Textbooks, Workbooks"
Male,High School,High,Intermediate,Low,74,77,0.8,No,Basic,CBSE,34.66,"Textbooks, Workbooks"
Male,High School,High,Advanced,Low,40,95,0.5,Yes,Fluent,ICSE,27.35,"Textbooks, Workbooks"
Male,High School,High,Advanced,Medium,80,79,3.1,Yes,Basic,ICSE,45.28,"Textbooks, Workbooks"
Female,High School,Medium,Beginner,High,88,92,9.4,Yes,Basic,CBSE,49.62,"Textbooks, Workbooks"
Female,High School,Medium,Intermediate,Low,42,79,7.1,Yes,Basic,State Board,36.03,"Textbooks, Workbooks"
Male,High School,Medium,Beginner,Low,76,62,0.0,Yes,Basic,ICSE,39.26,"Textbooks, Workbooks"
Male,Elementary,Medium,Advanced,Medium,72,93,2.8,No,Fluent,IB,37.31,"Textbooks, Workbooks"
Male,Elementary,High,Advanced,High,53,65,0.2,No,Basic,CBSE,32.01,"Textbooks, Workbooks"
Female,Elementary,Medium,Advanced,Medium,77,90,2.9,Yes,Intermediate,State Board,36.59,"Textbooks, Workbooks"
Male,High School,Medium,Advanced,Medium,92,94,6.9,Yes,Fluent,ICSE,42.45,"Textbooks, Workbooks"
Male,High School,Medium,Advanced,Medium,46,91,7.6,Yes,Fluent,CBSE,41.63,"Textbooks, Workbooks"
Male,High School,High,Beginner,High,98,68,8.0,Yes,Intermediate,IB,51.14,"Educational Apps, Science Kits"
Male,Elementary,High,Advanced,High,83,86,9.1,No,Basic,IB,48.62,"Textbooks, Workbooks"
Female,Elementary,Medium,Advanced,Medium,43,83,3.7,No,Fluent,State Board,32.56,"Textbooks, Workbooks"
Female,Elementary,Medium,Intermediate,Medium,44,81,8.6,Yes,Intermediate,CBSE,30.61,"Textbooks, Workbooks"
Male,High School,High,Intermediate,High,39,89,7.3,Yes,Intermediate,CBSE,33.0,"Textbooks, Workbooks"
Male,Elementary,Medium,Advanced,High,51,95,5.4,No,Intermediate,CBSE,41.17,"Textbooks, Workbooks"
Female,Elementary,Low,Advanced,Low,42,85,9.5,No,Fluent,IB,43.98,"Textbooks, Workbooks"
Female,High School,Low,Advanced,Medium,94,61,9.5,Yes,Intermediate,State Board,49.68,"Textbooks, Workbooks"
Male,Elementary,Low,Advanced,High,43,66,9.0,Yes,Intermediate,IB,37.78,"Textbooks, Workbooks"
Female,High School,Medium,Advanced,Medium,73,86,2.0,No,Intermediate,IB,37.47,"Textbooks, Workbooks"
Female,Elementary,High,Advanced,Medium,68,75,2.1,Yes,Fluent,State Board,41.35,"Textbooks, Workbooks"
Male,High School,Medium,Beginner,Medium,64,88,9.0,Yes,Intermediate,IB,43.19,"Textbooks, Workbooks"
Female,High School,Medium,Beginner,Low,94,80,4.0,Yes,Fluent,State Board,48.13,"Textbooks, Workbooks"
Female,High School,High,Beginner,Medium,56,85,8.0,Yes,Fluent,State Board,38.76,"Textbooks, Workbooks"
Male,High School,High,Intermediate,High,74,77,6.9,No,Intermediate,ICSE,38.38,"Textbooks, Workbooks"
Male,High School,Medium,Advanced,Medium,86,60,7.6,Yes,Basic,IB,40.84,"Textbooks, Workbooks"
Female,Elementary,Medium,Intermediate,High,51,61,0.3,Yes,Fluent,State Board,28.53,"Textbooks, Workbooks"
Male,High School,Low,Intermediate,High,63,73,4.3,No,Intermediate,CBSE,32.77,"Textbooks, Workbooks"
Female,High School,Low,Intermediate,Medium,38,97,8.6,No,Fluent,State Board,38.23,"Textbooks, Workbooks"
Male,High School,Low,Beginner,High,79,74,4.9,Yes,Intermediate,CBSE,37.16,"Textbooks, Workbooks"
Female,High School,Medium,Advanced,Low,83,95,6.9,Yes,Intermediate,State Board,44.76,"Textbooks, Workbooks"
Male,Elementary,Medium,Advanced,Medium,87,83,7.6,Yes,Basic,ICSE,50.62,"Educational Apps, Science Kits"
Female,High School,Low,Intermediate,Medium,91,84,1.2,Yes,Fluent,ICSE,48.21,"Textbooks, Workbooks"
Female,Elementary,Low,Beginner,Medium,67,68,1.6,Yes,Fluent,State Board,41.42,"Textbooks, Workbooks"
Female,High School,Low,Intermediate,Low,56,74,7.2,Yes,Fluent,ICSE,35.25,"Textbooks, Workbooks"
Male,High School,Medium,Intermediate,Low,93,96,0.5,Yes,Fluent,CBSE,51.14,"Educational Apps, Science Kits"
Male,Elementary,Medium,Advanced,Low,32,65,3.4,Yes,Intermediate,ICSE,22.77,"Textbooks, Workbooks"
Female,Elementary,Medium,Beginner,Medium,40,71,9.2,Yes,Fluent,ICSE,40.11,"Textbooks, Workbooks"
Female,Elementary,Medium,Advanced,High,53,86,5.7,No,Basic,CBSE,32.67,"Textbooks, Workbooks"
Male,High School,Medium,Intermediate,High,58,66,9.1,Yes,Fluent,CBSE,37.24,"Textbooks, Workbooks"
Male,Elementary,Low,Advanced,Low,98,87,3.1,Yes,Intermediate,IB,46.06,"Textbooks, Workbooks"
Male,High School,Medium,Intermediate,Medium,37,71,6.4,No,Intermediate,ICSE,32.55,"Textbooks, Workbooks"
Male,Elementary,High,Beginner,Low,48,94,2.9,Yes,Intermediate,CBSE,36.86,"Textbooks, Workbooks"
Male,Elementary,High,Advanced,Medium,97,61,1.1,Yes,Intermediate,ICSE,49.96,"Textbooks, Workbooks"
Male,High School,Medium,Advanced,High,98,85,9.9,Yes,Intermediate,State Board,61.2,"Educational Apps, Science Kits"
Female,Elementary,High,Advanced,High,77,79,1.8,Yes,Fluent,IB,39.68,"Textbooks, Workbooks"
Male,Elementary,Medium,Advanced,Low,69,84,1.9,Yes,Fluent,ICSE,34.35,"Textbooks, Workbooks"
Female,High School,Low,Advanced,Low,96,80,8.4,Yes,Intermediate,ICSE,59.73,"Educational Apps, Science Kits"
Male,High School,High,Beginner,Low,45,60,8.0,Yes,Intermediate,IB,34.73,"Textbooks, Workbooks"
Male,High School,Low,Beginner,Medium,93,87,9.8,No,Fluent,ICSE,54.8,"Educational Apps, Science Kits"
Female,Elementary,Medium,Advanced,High,37,97,0.7,Yes,Intermediate,IB,26.65,"Textbooks, Workbooks"
Female,Elementary,Medium,Intermediate,Medium,34,72,0.9,Yes,Intermediate,State Board,20.79,"Textbooks, Workbooks"
Male,Elementary,Medium,Intermediate,High,54,89,4.5,Yes,Basic,IB,37.6,"Textbooks, Workbooks"
Female,Elementary,Medium,Advanced,Medium,82,69,5.9,No,Basic,State Board,46.29,"Textbooks, Workbooks"
Female,Elementary,Medium,Advanced,Low,78,81,0.4,Yes,Basic,IB,44.42,"Textbooks, Workbooks"
Female,High School,Medium,Beginner,Low,50,88,1.6,Yes,Basic,ICSE,38.43,"Textbooks, Workbooks"
Female,Elementary,Medium,Beginner,Low,80,64,7.0,No,Intermediate,ICSE,44.1,"Textbooks, Workbooks"
Male,High School,Medium,Advanced,High,75,67,6.7,Yes,Intermediate,CBSE,40.3,"Textbooks, Workbooks"
Female,Elementary,High,Advanced,High,38,70,0.9,Yes,Intermediate,ICSE,33.45,"Textbooks, Workbooks"
Male,High School,High,Intermediate,High,93,85,9.3,No,Intermediate,ICSE,53.03,"Educational Apps, Science Kits"
Male,Elementary,Medium,Beginner,Low,52,78,2.5,Yes,Basic,IB,25.79,"Textbooks, Workbooks"
Male,Elementary,Low,Advanced,High,89,78,8.9,No,Fluent,IB,47.4,"Textbooks, Workbooks"
Male,High School,High,Beginner,Low,88,89,9.2,Yes,Intermediate,State Board,46.46,"Textbooks, Workbooks"
Female,Elementary,Low,Advanced,Low,37,95,4.9,No,Intermediate,ICSE,32.21,"Textbooks, Workbooks"
Female,High School,Medium,Advanced,Medium,93,68,4.1,Yes,Fluent,ICSE,54.98,"Educational Apps, Science Kits"
Male,Elementary,Medium,Advanced,Medium,83,66,2.8,Yes,Fluent,State Board,44.76,"Textbooks, Workbooks"
Male,Elementary,High,Advanced,High,44,77,8.1,No,Fluent,ICSE,37.97,"Textbooks, Workbooks"
Male,High School,Low,Intermediate,Medium,81,68,2.0,No,Basic,CBSE,41.74,"Textbooks, Workbooks"
Male,Elementary,Low,Advanced,Low,80,65,6.2,Yes,Intermediate,CBSE,50.2,"Educational Apps, Science Kits"
Female,High School,Medium,Intermediate,Low,33,65,5.7,No,Basic,State Board,30.86,"Textbooks, Workbooks"
Male,Elementary,Medium,Intermediate,Low,63,81,2.5,Yes,Basic,IB,40.21,"Textbooks, Workbooks"
Female,Elementary,Medium,Advanced,Low,53,76,9.8,Yes,Fluent,State Board,37.69,"Textbooks, Workbooks"
Male,Elementary,Medium,Beginner,Low,50,74,8.5,Yes,Fluent,ICSE,28.36,"Textbooks, Workbooks"
Male,Elementary,Medium,Beginner,High,31,68,0.2,No,Basic,IB,13.7,"Textbooks, Workbooks"
Male,Elementary,Low,Advanced,Low,36,65,4.2,Yes,Fluent,CBSE,22.74,"Textbooks, Workbooks"
Male,Elementary,Low,Advanced,High,85,82,3.6,Yes,Fluent,State Board,54.59,"Educational Apps, Science Kits"
Female,Elementary,High,Advanced,Medium,97,76,8.8,Yes,Fluent,CBSE,48.38,"Textbooks, Workbooks"
Female,High School,High,Beginner,Medium,64,91,2.6,Yes,Basic,CBSE,43.12,"Textbooks, Workbooks"
Female,Elementary,Medium,Beginner,Medium,55,91,10.0,Yes,Basic,IB,43.46,"Textbooks, Workbooks"
Male,Elementary,Low,Advanced,High,47,96,2.0,Yes,Intermediate,CBSE,36.94,"Textbooks, Workbooks"
Male,Elementary,Low,Beginner,Medium,93,62,2.4,Yes,Fluent,ICSE,44.86,"Textbooks, Workbooks"
Female,High School,Medium,Intermediate,Low,85,75,6.7,No,Basic,IB,41.15,"Textbooks, Workbooks"
Female,High School,High,Beginner,High,84,61,1.6,Yes,Fluent,State Board,45.0,"Textbooks, Workbooks"
Male,Elementary,Medium,Beginner,Low,41,62,8.9,Yes,Intermediate,CBSE,37.2,"Textbooks, Workbooks"
Male,Elementary,Medium,Advanced,High,66,73,1.1,Yes,Intermediate,IB,38.39,"Textbooks, Workbooks"
Female,Elementary,High,Intermediate,Low,81,73,9.8,Yes,Intermediate,IB,50.89,"Educational Apps, Science Kits"
Male,High School,High,Advanced,High,48,89,8.7,Yes,Intermediate,IB,39.97,"Textbooks, Workbooks"
Male,Elementary,Low,Beginner,Medium,44,99,8.4,Yes,Intermediate,State Board,37.02,"Textbooks, Workbooks"
Female,High School,Low,Intermediate,Medium,81,86,4.1,Yes,Fluent,CBSE,47.56,"Textbooks, Workbooks"
Male,Elementary,Low,Advanced,Low,55,76,5.1,Yes,Intermediate,State Board,36.2,"Textbooks, Workbooks"
Female,High School,High,Beginner,Low,74,98,4.6,Yes,Basic,CBSE,42.28,"Textbooks, Workbooks"
Male,High School,High,Intermediate,High,50,68,9.9,No,Fluent,ICSE,38.59,"Textbooks, Workbooks"
Female,Elementary,Medium,Advanced,High,82,95,0.3,Yes,Fluent,State Board,46.94,"Textbooks, Workbooks"
Male,Elementary,Low,Intermediate,Medium,58,69,3.8,No,Intermediate,ICSE,34.73,"Textbooks, Workbooks"
Female,Elementary,Medium,Beginner,Medium,77,88,9.7,Yes,Intermediate,ICSE,49.73,"Textbooks, Workbooks"
Female,Elementary,Medium,Advanced,Low,48,63,3.7,Yes,Fluent,ICSE,27.63,"Textbooks, Workbooks"
Female,Elementary,Medium,Beginner,Medium,83,80,4.0,Yes,Basic,State Board,43.76,"Textbooks, Workbooks"
Female,Elementary,Medium,Intermediate,Low,31,96,6.3,Yes,Fluent,State Board,29.12,"Textbooks, Workbooks"
Male,Elementary,Low,Beginner,Low,61,61,9.1,Yes,Intermediate,ICSE,34.01,"Textbooks, Workbooks"
Male,High School,High,Intermediate,Medium,91,74,2.9,Yes,Intermediate,IB,40.81,"Textbooks, Workbooks"
Female,Elementary,Medium,Advanced,Medium,36,87,9.5,Yes,Basic,State Board,35.41,"Textbooks, Workbooks"
Male,Elementary,Medium,Beginner,Low,97,84,2.8,Yes,Basic,ICSE,52.14,"Educational Apps, Science Kits"
Male,High School,Low,Advanced,Low,51,85,8.2,Yes,Basic,CBSE,38.72,"Textbooks, Workbooks"
Male,Elementary,High,Advanced,Medium,58,68,2.8,Yes,Intermediate,IB,37.0,"Textbooks, Workbooks"
Male,Elementary,Medium,Advanced,Low,32,89,0.7,Yes,Basic,State Board,26.02,"Textbooks, Workbooks"
Male,Elementary,High,Advanced,High,51,68,8.1,No,Basic,ICSE,37.64,"Textbooks, Workbooks"
Female,Elementary,Medium,Beginner,Medium,82,60,4.5,No,Intermediate,ICSE,43.75,"Textbooks, Workbooks"
Female,High School,High,Beginner,Low,86,71,3.9,No,Fluent,IB,43.43,"Textbooks, Workbooks"
Female,High School,High,Advanced,High,39,72,4.3,Yes,Basic,State Board,20.23,"Textbooks, Workbooks"
Female,Elementary,Medium,Advanced,Medium,69,73,6.1,Yes,Basic,IB,41.91,"Textbooks, Workbooks"
Male,Elementary,High,Intermediate,Medium,49,69,2.6,No,Intermediate,IB,26.39,"Textbooks, Workbooks"
Male,High School,Medium,Advanced,Medium,40,76,2.4,Yes,Intermediate,State Board,26.31,"Textbooks, Workbooks"
Female,Elementary,Medium,Intermediate,Low,37,76,4.8,Yes,Basic,IB,36.17,"Textbooks, Workbooks"
Male,High School,Low,Intermediate,Medium,65,90,0.4,Yes,Intermediate,ICSE,39.16,"Textbooks, Workbooks"
Male,High School,Medium,Advanced,Medium,54,85,6.4,Yes,Basic,IB,35.1,"Textbooks, Workbooks"
Female,High School,High,Beginner,High,68,94,8.2,Yes,Intermediate,IB,47.23,"Textbooks, Workbooks"
Male,Elementary,High,Intermediate,Medium,91,95,7.3,Yes,Fluent,ICSE,51.57,"Educational Apps, Science Kits"
Female,Elementary,Low,Beginner,Medium,50,70,4.7,Yes,Intermediate,IB,28.67,"Textbooks, Workbooks"
Female,Elementary,Medium,Advanced,High,48,75,5.7,Yes,Fluent,CBSE,30.62,"Textbooks, Workbooks"
Male,High School,Low,Advanced,Medium,54,88,0.3,Yes,Intermediate,ICSE,35.96,"Textbooks, Workbooks"
Male,Elementary,Medium,Advanced,Medium,34,77,9.1,Yes,Intermediate,ICSE,32.63,"Textbooks, Workbooks"
Female,Elementary,Low,Advanced,Medium,41,70,5.6,Yes,Intermediate,IB,24.75,"Textbooks, Workbooks"
Female,High School,High,Intermediate,Low,54,70,3.2,Yes,Fluent,ICSE,34.21,"Textbooks, Workbooks"
Male,Elementary,Medium,Intermediate,High,34,68,2.9,Yes,Fluent,ICSE,23.82,"Textbooks, Workbooks"
Female,Elementary,Medium,Beginner,High,56,84,6.6,Yes,Basic,ICSE,36.95,"Textbooks, Workbooks"
Female,Elementary,High,Beginner,Low,33,91,5.8,No,Intermediate,CBSE,35.12,"Textbooks, Workbooks"
Female,High School,Medium,Intermediate,High,74,93,1.9,Yes,Basic,ICSE,45.08,"Textbooks, Workbooks"
Male,Elementary,Low,Advanced,Medium,76,62,4.1,Yes,Fluent,CBSE,39.66,"Textbooks, Workbooks"
Female,High School,Medium,Beginner,Medium,57,73,6.8,Yes,Basic,CBSE,39.67,"Textbooks, Workbooks"
Male,High School,Low,Intermediate,Low,64,99,3.0,Yes,Basic,State Board,39.79,"Textbooks, Workbooks"
Female,High School,High,Beginner,Medium,45,84,5.1,Yes,Intermediate,ICSE,30.89,"Textbooks, Workbooks"
Male,Elementary,Medium,Intermediate,Medium,41,75,2.5,Yes,Intermediate,ICSE,19.6,"Textbooks, Workbooks"
Female,Elementary,Medium,Advanced,Low,72,95,0.7,Yes,Fluent,IB,44.17,"Textbooks, Workbooks"
Male,Elementary,Medium,Intermediate,Medium,57,68,3.9,Yes,Basic,CBSE,37.62,"Textbooks, Workbooks"
Male,High School,Low,Beginner,High,48,63,7.3,Yes,Fluent,ICSE,37.67,"Textbooks, Workbooks"
Male,High School,High,Intermediate,High,97,61,2.1,Yes,Intermediate,ICSE,40.89,"Textbooks, Workbooks"
Female,Elementary,High,Beginner,Medium,84,84,7.5,No,Fluent,CBSE,47.83,"Textbooks, Workbooks"
Female,High School,High,Beginner,Medium,65,81,6.7,Yes,Intermediate,CBSE,34.71,"Textbooks, Workbooks"
Female,Elementary,Medium,Beginner,Low,91,64,5.1,Yes,Fluent,State Board,47.48,"Textbooks, Workbooks"
Male,Elementary,Medium,Advanced,High,68,80,9.7,No,Intermediate,State Board,43.69,"Textbooks, Workbooks"
Female,Elementary,Low,Advanced,High,70,69,8.8,Yes,Intermediate,State Board,42.07,"Textbooks, Workbooks"
Male,Elementary,Medium,Intermediate,Medium,89,82,5.6,Yes,Fluent,ICSE,55.93,"Educational Apps, Science Kits"
Female,Elementary,Medium,Intermediate,Low,95,86,5.6,Yes,Fluent,State Board,51.51,"Educational Apps, Science Kits"
Male,Elementary,Medium,Beginner,Low,88,89,2.8,Yes,Intermediate,CBSE,52.88,"Educational Apps, Science Kits"
Male,Elementary,High,Advanced,Low,69,63,9.2,Yes,Fluent,ICSE,43.13,"Textbooks, Workbooks"
Male,High School,Low,Intermediate,Medium,48,65,9.0,Yes,Basic,ICSE,35.89,"Textbooks, Workbooks"
Female,Elementary,Low,Intermediate,Low,84,85,7.4,Yes,Basic,CBSE,42.34,"Textbooks, Workbooks"
Female,High School,Low,Advanced,Medium,75,69,1.3,No,Basic,ICSE,34.35,"Textbooks, Workbooks"
Female,High School,Medium,Beginner,Medium,33,64,7.0,Yes,Fluent,ICSE,22.64,"Textbooks, Workbooks"
Male,Elementary,Low,Intermediate,Low,91,98,2.5,Yes,Intermediate,CBSE,49.98,"Textbooks, Workbooks"
Male,High School,Medium,Beginner,High,54,96,1.9,No,Fluent,IB,26.5,"Textbooks, Workbooks"
Female,High School,Medium,Advanced,Low,92,99,7.6,No,Basic,State Board,62.09,"Educational Apps, Science Kits"
Female,High School,Low,Advanced,High,99,60,9.6,Yes,Fluent,ICSE,52.22,"Educational Apps, Science Kits"
Female,Elementary,High,Intermediate,Medium,42,93,1.1,No,Intermediate,ICSE,24.93,"Textbooks, Workbooks"
Male,Elementary,Medium,Intermediate,Medium,33,67,1.6,Yes,Basic,CBSE,22.41,"Textbooks, Workbooks"
Male,Elementary,Medium,Advanced,Low,31,80,2.2,Yes,Fluent,CBSE,31.52,"Textbooks, Workbooks"
Male,Elementary,Medium,Beginner,High,96,90,9.6,Yes,Intermediate,CBSE,54.82,"Educational Apps, Science Kits"
Male,Elementary,Medium,Beginner,Medium,59,82,7.0,Yes,Intermediate,CBSE,36.41,"Textbooks, Workbooks"
Male,High School,High,Advanced,Medium,33,70,6.8,Yes,Fluent,CBSE,29.78,"Textbooks, Workbooks"
Female,High School,Low,Intermediate,Low,77,75,5.1,Yes,Fluent,IB,41.91,"Textbooks, Workbooks"
Male,Elementary,Medium,Advanced,Medium,72,86,5.4,Yes,Intermediate,IB,44.0,"Textbooks, Workbooks"
Male,High School,High,Intermediate,Low,74,66,2.9,Yes,Intermediate,ICSE,36.26,"Textbooks, Workbooks"
Male,High School,Medium,Beginner,High,42,83,1.5,Yes,Basic,ICSE,29.42,"Textbooks, Workbooks"
Male,High School,Medium,Intermediate,High,76,91,7.8,Yes,Intermediate,IB,48.12,"Textbooks, Workbooks"
Male,High School,Medium,Beginner,High,57,94,4.7,Yes,Fluent,IB,41.08,"Textbooks, Workbooks"
Female,Elementary,Medium,Advanced,High,66,90,2.6,Yes,Basic,CBSE,43.07,"Textbooks, Workbooks"
Male,Elementary,High,Intermediate,Low,57,88,6.3,Yes,Fluent,ICSE,34.15,"Textbooks, Workbooks"
Male,Elementary,Low,Beginner,Low,56,63,2.1,Yes,Basic,CBSE,26.67,"Textbooks, Workbooks"
Male,High School,Low,Intermediate,Low,59,94,4.9,Yes,Fluent,CBSE,35.75,"Textbooks, Workbooks"
Female,High School,Medium,Beginner,Low,35,70,1.9,Yes,Basic,CBSE,33.89,"Textbooks, Workbooks"
Female,Elementary,Medium,Beginner,High,38,93,7.6,Yes,Basic,ICSE,29.75,"Textbooks, Workbooks"
Female,Elementary,Medium,Advanced,Low,35,98,3.2,Yes,Fluent,State Board,33.48,"Textbooks, Workbooks"
Male,High School,Medium,Advanced,High,58,74,4.4,Yes,Intermediate,ICSE,31.96,"Textbooks, Workbooks"
Female,Elementary,Low,Intermediate,High,99,73,7.5,Yes,Basic,State Board,50.99,"Educational Apps, Science Kits"
Male,Elementary,Low,Beginner,Medium,95,80,6.6,No,Fluent,CBSE,50.57,"Educational Apps, Science Kits"
Male,High School,High,Advanced,Low,82,66,4.0,Yes,Basic,State Board,32.51,"Textbooks, Workbooks"
Female,High School,Low,Intermediate,Low,99,76,0.7,Yes,Basic,ICSE,51.97,"Educational Apps, Science Kits"
Male,Elementary,Medium,Advanced,Low,34,77,9.2,Yes,Basic,IB,34.76,"Textbooks, Workbooks"
Male,High School,Medium,Intermediate,Medium,49,73,0.1,Yes,Fluent,CBSE,29.83,"Textbooks, Workbooks"
Male,Elementary,High,Advanced,Medium,41,97,7.3,No,Intermediate,CBSE,39.5,"Textbooks, Workbooks"
Female,High School,High,Advanced,Medium,37,88,9.5,Yes,Basic,CBSE,30.02,"Textbooks, Workbooks"
Male,High School,High,Beginner,High,87,69,3.1,Yes,Intermediate,CBSE,38.34,"Textbooks, Workbooks"
Male,Elementary,Low,Beginner,Medium,78,76,0.8,Yes,Basic,State Board,39.35,"Textbooks, Workbooks"
Female,High School,High,Advanced,Low,93,91,2.5,Yes,Fluent,CBSE,50.17,"Educational Apps, Science Kits"
Male,Elementary,Medium,Beginner,High,79,79,3.1,Yes,Basic,IB,35.33,"Textbooks, Workbooks"
Male,High School,Medium,Advanced,Medium,68,76,4.5,Yes,Basic,CBSE,44.61,"Textbooks, Workbooks"
Female,Elementary,Medium,Intermediate,Low,69,66,5.3,Yes,Basic,ICSE,42.82,"Textbooks, Workbooks"
Male,High School,High,Advanced,High,60,98,7.3,Yes,Basic,ICSE,39.12,"Textbooks, Workbooks"
Male,High School,High,Advanced,High,32,89,9.0,Yes,Fluent,IB,35.81,"Textbooks, Workbooks"
Male,Elementary,High,Intermediate,High,59,97,4.6,Yes,Basic,CBSE,38.77,"Textbooks, Workbooks"
Male,High School,High,Intermediate,Low,58,99,7.5,No,Fluent,State Board,40.09,"Textbooks, Workbooks"
Male,Elementary,Medium,Beginner,Medium,99,69,1.3,Yes,Basic,IB,45.45,"Textbooks, Workbooks"
Female,High School,Medium,Intermediate,Low,85,91,3.3,Yes,Fluent,IB,40.57,"Textbooks, Workbooks"
Female,High School,Low,Beginner,High,95,85,1.2,Yes,Basic,ICSE,48.79,"Textbooks, Workbooks"
Female,Elementary,High,Advanced,Low,92,76,6.9,Yes,Basic,CBSE,52.14,"Educational Apps, Science Kits"
Female,High School,Low,Intermediate,Low,59,60,9.1,Yes,Basic,CBSE,39.62,"Textbooks, Workbooks"
Male,High School,High,Advanced,High,82,98,8.9,Yes,Fluent,CBSE,57.1,"Educational Apps, Science Kits"
Male,Elementary,Medium,Beginner,High,75,85,3.3,No,Intermediate,IB,38.17,"Textbooks, Workbooks"
Male,High School,Medium,Intermediate,Medium,38,89,2.3,Yes,Fluent,State Board,31.76,"Textbooks, Workbooks"
Male,Elementary,Low,Beginner,Low,36,68,2.7,Yes,Basic,CBSE,34.4,"Textbooks, Workbooks"
Male,Elementary,Medium,Beginner,Medium,92,92,2.9,Yes,Intermediate,IB,54.97,"Educational Apps, Science Kits"
Female,Elementary,High,Intermediate,High,76,85,0.8,Yes,Fluent,IB,45.44,"Textbooks, Workbooks"
Female,High School,Low,Intermediate,Medium,73,69,1.3,No,Fluent,ICSE,39.35,"Textbooks, Workbooks"
Male,High School,Medium,Beginner,Low,78,91,2.1,Yes,Basic,CBSE,43.38,"Textbooks, Workbooks"
Male,Elementary,Low,Intermediate,Low,91,98,0.1,Yes,Basic,IB,47.71,"Textbooks, Workbooks"
Male,High School,Medium,Beginner,High,88,92,0.5,No,Fluent,ICSE,45.48,"Textbooks, Workbooks"
Female,Elementary,Low,Advanced,Medium,42,86,7.0,Yes,Basic,ICSE,37.49,"Textbooks, Workbooks"
Male,High School,Medium,Advanced,High,59,88,6.2,Yes,Intermediate,CBSE,43.51,"Textbooks, Workbooks"
Male,Elementary,High,Intermediate,Medium,72,78,9.5,Yes,Basic,State Board,39.59,"Textbooks, Workbooks"
Male,Elementary,Medium,Intermediate,Medium,80,77,4.0,Yes,Intermediate,State Board,39.18,"Textbooks, Workbooks"
Female,High School,Medium,Advanced,High,37,94,4.4,Yes,Intermediate,ICSE,27.76,"Textbooks, Workbooks"
Male,Elementary,Medium,Beginner,Medium,66,87,0.7,Yes,Basic,ICSE,35.21,"Textbooks, Workbooks"
Female,Elementary,Low,Beginner,Medium,93,97,1.5,No,Fluent,State Board,48.13,"Textbooks, Workbooks"
Female,High School,Medium,Beginner,Low,68,69,6.9,Yes,Intermediate,IB,40.95,"Textbooks, Workbooks"
Female,Elementary,Medium,Intermediate,Low,37,62,2.4,Yes,Basic,ICSE,26.73,"Textbooks, Workbooks"
Female,Elementary,Medium,Beginner,High,91,88,7.7,Yes,Intermediate,IB,54.76,"Educational Apps, Science Kits"
Female,High School,Medium,Intermediate,High,68,75,7.1,Yes,Fluent,CBSE,41.93,"Textbooks, Workbooks"
Female,Elementary,Medium,Intermediate,Medium,43,95,7.5,No,Fluent,State Board,35.85,"Textbooks, Workbooks"
Male,Elementary,High,Intermediate,Low,81,60,6.9,Yes,Fluent,State Board,39.26,"Textbooks, Workbooks"
Male,Elementary,High,Advanced,Low,86,77,7.1,Yes,Intermediate,IB,45.21,"Textbooks, Workbooks"
Male,Elementary,Low,Beginner,High,50,63,5.5,Yes,Intermediate,IB,29.68,"Textbooks, Workbooks"
Female,Elementary,Medium,Intermediate,Low,52,64,6.8,No,Intermediate,ICSE,36.89,"Textbooks, Workbooks"
Male,Elementary,Medium,Beginner,High,33,80,5.3,Yes,Fluent,CBSE,31.02,"Textbooks, Workbooks"
Female,Elementary,Low,Advanced,Low,72,63,2.1,Yes,Basic,State Board,37.22,"Textbooks, Workbooks"
Female,Elementary,High,Beginner,High,40,79,2.2,Yes,Intermediate,State Board,30.55,"Textbooks, Workbooks"
Female,High School,High,Advanced,High,48,78,4.1,Yes,Basic,ICSE,31.64,"Textbooks, Workbooks"
Male,Elementary,Medium,Intermediate,Low,94,94,0.1,Yes,Intermediate,IB,44.72,"Textbooks, Workbooks"
Female,Elementary,Medium,Intermediate,High,31,83,8.9,Yes,Basic,IB,24.51,"Textbooks, Workbooks"
Female,High School,Low,Advanced,Low,78,79,2.7,No,Intermediate,IB,39.57,"Textbooks, Workbooks"
Male,Elementary,Medium,Intermediate,Low,98,87,0.5,Yes,Basic,CBSE,41.12,"Textbooks, Workbooks"
Male,Elementary,High,Beginner,Medium,63,97,4.2,Yes,Basic,State Board,41.63,"Textbooks, Workbooks"
Female,Elementary,Medium,Beginner,Medium,33,83,8.2,Yes,Fluent,State Board,27.43,"Textbooks, Workbooks"
Female,Elementary,Medium,Advanced,Medium,68,79,4.0,Yes,Fluent,State Board,38.33,"Textbooks, Workbooks"
Male,Elementary,Medium,Beginner,Medium,78,83,2.6,Yes,Intermediate,CBSE,41.0,"Textbooks, Workbooks"
Male,Elementary,Medium,Intermediate,Low,32,65,5.4,Yes,Basic,CBSE,16.72,"Textbooks, Workbooks"
Male,High School,Medium,Intermediate,Low,55,97,5.7,Yes,Fluent,ICSE,31.16,"Textbooks, Workbooks"
Female,High School,Medium,Intermediate,Medium,70,84,7.6,No,Basic,ICSE,46.25,"Textbooks, Workbooks"
Male,High School,Medium,Beginner,Medium,94,91,8.0,Yes,Basic,State Board,53.45,"Educational Apps, Science Kits"
Male,High School,High,Intermediate,Medium,45,76,7.1,No,Fluent,ICSE,39.34,"Textbooks, Workbooks"
Male,High School,High,Beginner,Medium,87,76,0.0,Yes,Fluent,ICSE,43.77,"Textbooks, Workbooks"
Female,Elementary,Low,Advanced,High,64,64,0.0,Yes,Intermediate,State Board,29.79,"Textbooks, Workbooks"
Male,Elementary,High,Intermediate,Medium,45,76,9.8,Yes,Intermediate,State Board,27.31,"Textbooks, Workbooks"
Male,Elementary,Medium,Advanced,Low,62,68,2.6,No,Basic,CBSE,37.47,"Textbooks, Workbooks"
Male,Elementary,High,Beginner,Medium,60,79,2.8,Yes,Fluent,CBSE,41.45,"Textbooks, Workbooks"
Male,Elementary,High,Beginner,Medium,51,61,7.3,Yes,Basic,State Board,24.9,"Textbooks, Workbooks"
Male,High School,Medium,Advanced,Medium,90,78,5.8,Yes,Basic,IB,48.41,"Textbooks, Workbooks"
Female,High School,High,Intermediate,Medium,93,68,4.6,Yes,Basic,CBSE,45.26,"Textbooks, Workbooks"
Female,Elementary,Low,Intermediate,Medium,99,99,1.2,No,Intermediate,ICSE,41.39,"Textbooks, Workbooks"
Female,Elementary,Low,Intermediate,Low,64,78,0.8,No,Fluent,State Board,29.71,"Textbooks, Workbooks"
Male,Elementary,Medium,Advanced,Medium,68,63,7.0,Yes,Basic,ICSE,40.55,"Textbooks, Workbooks"
Female,High School,High,Beginner,Low,32,65,1.2,Yes,Fluent,ICSE,28.62,"Textbooks, Workbooks"
Female,High School,High,Advanced,Medium,42,95,4.4,Yes,Basic,CBSE,33.92,"Textbooks, Workbooks"
Female,Elementary,Medium,Beginner,Medium,43,70,7.4,Yes,Intermediate,State Board,32.41,"Textbooks, Workbooks"
Male,High School,Medium,Intermediate,Medium,70,80,9.2,Yes,Fluent,CBSE,43.92,"Textbooks, Workbooks"
Male,Elementary,Medium,Intermediate,Medium,37,84,8.7,No,Basic,CBSE,36.21,"Textbooks, Workbooks"
Female,High School,High,Beginner,Low,48,89,8.6,Yes,Basic,CBSE,36.02,"Textbooks, Workbooks"
Female,High School,Medium,Intermediate,High,43,77,3.6,Yes,Fluent,ICSE,31.14,"Textbooks, Workbooks"
Male,Elementary,High,Advanced,High,79,84,9.3,Yes,Basic,CBSE,54.76,"Educational Apps, Science Kits"
Male,High School,Medium,Beginner,Medium,90,80,6.8,No,Fluent,IB,44.48,"Textbooks, Workbooks"
Female,High School,Medium,Intermediate,Low,65,82,8.9,Yes,Fluent,State Board,43.32,"Textbooks, Workbooks"
Male,Elementary,Medium,Intermediate,Low,96,89,0.9,No,Intermediate,IB,46.61,"Textbooks, Workbooks"
Female,High School,High,Intermediate,Medium,74,77,0.4,Yes,Fluent,CBSE,36.25,"Textbooks, Workbooks"
Male,Elementary,Medium,Intermediate,Medium,36,92,4.3,Yes,Fluent,State Board,29.05,"Textbooks, Workbooks"
Female,High School,High,Beginner,Low,51,94,8.3,Yes,Fluent,IB,39.14,"Textbooks, Workbooks"
Female,Elementary,Low,Beginner,Medium,38,81,4.1,No,Basic,CBSE,28.91,"Textbooks, Workbooks"
Male,Elementary,Medium,Intermediate,Medium,89,83,8.8,Yes,Fluent,State Board,48.51,"Textbooks, Workbooks"
Female,High School,High,Advanced,Medium,71,82,2.3,No,Intermediate,IB,41.5,"Textbooks, Workbooks"
Female,High School,High,Advanced,Medium,88,60,0.4,Yes,Fluent,State Board,38.2,"Textbooks, Workbooks"
Female,Elementary,High,Advanced,High,69,74,7.6,Yes,Basic,State Board,39.21,"Textbooks, Workbooks"
Male,High School,Low,Advanced,Low,58,87,6.3,Yes,Intermediate,CBSE,35.79,"Textbooks, Workbooks"
Male,High School,Low,Beginner,Medium,84,79,4.4,Yes,Fluent,CBSE,47.87,"Textbooks, Workbooks"
Male,High School,Medium,Beginner,Low,93,95,8.5,Yes,Basic,CBSE,47.76,"Textbooks, Workbooks"
Female,Elementary,Low,Advanced,Medium,71,75,8.2,No,Fluent,State Board,43.91,"Textbooks, Workbooks"
Male,Elementary,High,Beginner,Medium,58,64,3.2,Yes,Fluent,ICSE,34.54,"Textbooks, Workbooks"
Female,Elementary,Medium,Advanced,Low,50,74,8.4,Yes,Intermediate,IB,26.07,"Textbooks, Workbooks"
Female,High School,Medium,Intermediate,Medium,92,61,3.5,Yes,Fluent,IB,40.38,"Textbooks, Workbooks"
Male,High School,Low,Intermediate,High,92,83,6.2,Yes,Fluent,State Board,53.65,"Educational Apps, Science Kits"
Male,Elementary,Medium,Advanced,Low,67,72,1.9,No,Intermediate,CBSE,44.42,"Textbooks, Workbooks"
Female,Elementary,Medium,Beginner,Medium,95,82,2.6,Yes,Basic,ICSE,44.32,"Textbooks, Workbooks"
Female,High School,Low,Advanced,High,41,71,4.5,Yes,Fluent,State Board,25.51,"Textbooks, Workbooks"
Male,High School,Medium,Beginner,Medium,62,92,3.1,Yes,Fluent,State Board,35.58,"Textbooks, Workbooks"
Male,High School,Medium,Intermediate,High,30,84,1.3,No,Fluent,ICSE,27.54,"Textbooks, Workbooks"
Male,High School,High,Beginner,High,97,94,4.8,Yes,Intermediate,State Board,52.37,"Educational Apps, Science Kits"
Female,Elementary,Medium,Advanced,Low,57,94,5.1,Yes,Fluent,State Board,39.73,"Textbooks, Workbooks"
Female,High School,Medium,Intermediate,Low,91,60,1.6,No,Basic,State Board,45.0,"Textbooks, Workbooks"
Female,High School,High,Intermediate,High,88,63,1.7,Yes,Intermediate,ICSE,48.02,"Textbooks, Workbooks"
Female,Elementary,High,Beginner,High,78,90,0.3,Yes,Fluent,ICSE,33.22,"Textbooks, Workbooks"
Female,Elementary,High,Intermediate,Low,74,87,0.3,No,Intermediate,State Board,42.12,"Textbooks, Workbooks"
Male,High School,High,Intermediate,Medium,35,70,3.6,No,Intermediate,IB,31.14,"Textbooks, Workbooks"
Male,Elementary,Medium,Beginner,Medium,49,91,1.5,Yes,Fluent,ICSE,35.26,"Textbooks, Workbooks"
Female,High School,Medium,Intermediate,High,45,61,9.2,Yes,Basic,IB,31.29,"Textbooks, Workbooks"
Female,High School,Low,Advanced,Medium,41,72,2.0,Yes,Fluent,State Board,32.39,"Textbooks, Workbooks"
Male,Elementary,Medium,Beginner,High,81,76,0.7,No,Intermediate,CBSE,38.42,"Textbooks, Workbooks"
Male,Elementary,High,Beginner,High,49,63,4.0,Yes,Fluent,CBSE,31.11,"Textbooks, Workbooks"
Male,High School,Medium,Beginner,High,87,90,1.9,Yes,Intermediate,CBSE,40.74,"Textbooks, Workbooks"
Male,Elementary,High,Beginner,Medium,74,97,0.6,Yes,Fluent,State Board,40.6,"Textbooks, Workbooks"
Female,High School,High,Advanced,Medium,31,62,7.5,Yes,Fluent,ICSE,32.18,"Textbooks, Workbooks"
Male,High School,Medium,Beginner,Low,63,71,5.6,No,Fluent,IB,41.98,"Textbooks, Workbooks"
Female,High School,High,Advanced,Medium,55,77,0.6,Yes,Basic,IB,34.0,"Textbooks, Workbooks"
Male,Elementary,Medium,Beginner,Medium,62,89,4.7,No,Basic,ICSE,49.67,"Textbooks, Workbooks"
Male,High School,Medium,Beginner,Medium,71,70,0.4,No,Basic,IB,39.29,"Textbooks, Workbooks"
Male,High School,High,Intermediate,Medium,94,83,3.5,No,Basic,State Board,46.21,"Textbooks, Workbooks"
Female,High School,Medium,Intermediate,Medium,37,80,3.6,No,Fluent,ICSE,29.98,"Textbooks, Workbooks"
Female,Elementary,High,Advanced,High,94,94,8.2,Yes,Basic,ICSE,54.61,"Educational Apps, Science Kits"
Male,High School,Medium,Intermediate,Medium,39,63,7.4,No,Fluent,ICSE,26.94,"Textbooks, Workbooks"
Female,High School,Medium,Beginner,Low,61,85,9.0,Yes,Intermediate,IB,42.2,"Textbooks, Workbooks"
Female,High School,High,Advanced,Medium,80,67,1.4,Yes,Intermediate,ICSE,39.66,"Textbooks, Workbooks"
Male,Elementary,Medium,Intermediate,High,86,83,5.3,No,Basic,ICSE,51.05,"Educational Apps, Science Kits"
Male,High School,Medium,Beginner,High,69,71,0.2,No,Basic,CBSE,40.34,"Textbooks, Workbooks"
Female,High School,Low,Intermediate,Low,95,64,8.3,Yes,Fluent,CBSE,44.0,"Textbooks, Workbooks"
Female,Elementary,High,Intermediate,Medium,60,75,3.7,Yes,Fluent,ICSE,37.42,"Textbooks, Workbooks"
Female,Elementary,Low,Intermediate,High,92,91,0.7,Yes,Intermediate,ICSE,47.51,"Textbooks, Workbooks"
Male,High School,High,Intermediate,Low,97,88,3.2,Yes,Fluent,CBSE,54.55,"Educational Apps, Science Kits"
Male,High School,Medium,Beginner,Low,85,92,2.9,Yes,Basic,State Board,43.63,"Textbooks, Workbooks"
Female,High School,Medium,Intermediate,Low,41,73,7.7,No,Basic,CBSE,31.01,"Textbooks, Workbooks"
Male,Elementary,High,Advanced,Medium,60,84,1.3,No,Fluent,State Board,36.21,"Textbooks, Workbooks"
Male,Elementary,Low,Advanced,Medium,52,67,5.6,Yes,Intermediate,State Board,34.44,"Textbooks, Workbooks"
Female,High School,Medium,Intermediate,Low,62,86,7.9,Yes,Intermediate,IB,44.56,"Textbooks, Workbooks"
Female,Elementary,High,Advanced,Medium,37,94,7.4,Yes,Intermediate,State Board,38.72,"Textbooks, Workbooks"
Male,High School,High,Intermediate,Low,91,81,9.4,Yes,Basic,IB,50.77,"Educational Apps, Science Kits"
Male,High School,Medium,Beginner,Medium,44,66,0.0,Yes,Basic,CBSE,21.94,"Textbooks, Workbooks"
Female,Elementary,Medium,Beginner,Medium,70,95,3.5,No,Basic,State Board,38.15,"Textbooks, Workbooks"
Male,High School,High,Advanced,Medium,81,71,3.7,Yes,Intermediate,State Board,47.7,"Textbooks, Workbooks"
Male,Elementary,High,Advanced,Low,55,68,0.3,Yes,Basic,IB,25.82,"Textbooks, Workbooks"
Female,Elementary,High,Intermediate,Medium,41,94,8.2,Yes,Fluent,IB,40.33,"Textbooks, Workbooks"
Female,High School,Medium,Intermediate,Medium,56,98,6.9,Yes,Fluent,State Board,32.03,"Textbooks, Workbooks"
Male,Elementary,High,Intermediate,Medium,97,78,5.3,Yes,Intermediate,IB,52.36,"Educational Apps, Science Kits"
Male,High School,Medium,Beginner,Medium,59,87,4.1,Yes,Intermediate,State Board,37.13,"Textbooks, Workbooks"
Male,Elementary,Low,Intermediate,Medium,33,88,9.0,Yes,Fluent,ICSE,36.49,"Textbooks, Workbooks"
Female,High School,Medium,Beginner,Low,83,67,2.6,Yes,Intermediate,CBSE,40.03,"Textbooks, Workbooks"
Male,High School,Low,Advanced,Low,63,86,3.3,Yes,Fluent,IB,37.61,"Textbooks, Workbooks"
Male,High School,Low,Beginner,Low,97,64,9.5,Yes,Basic,CBSE,51.78,"Educational Apps, Science Kits"
Female,Elementary,Medium,Advanced,Medium,85,88,0.6,Yes,Fluent,ICSE,38.81,"Textbooks, Workbooks"
Female,High School,Low,Beginner,Medium,47,94,7.8,Yes,Intermediate,State Board,38.43,"Textbooks, Workbooks"
Male,Elementary,Medium,Beginner,High,76,92,7.2,Yes,Intermediate,IB,46.93,"Textbooks, Workbooks"
Female,Elementary,Low,Intermediate,High,89,91,9.0,Yes,Intermediate,State Board,59.27,"Educational Apps, Science Kits"
Female,Elementary,Medium,Advanced,High,88,80,0.9,No,Fluent,State Board,47.13,"Textbooks, Workbooks"
Male,Elementary,Low,Beginner,Medium,31,69,9.7,Yes,Fluent,ICSE,33.25,"Textbooks, Workbooks"
Female,Elementary,Low,Beginner,Medium,45,75,0.3,No,Intermediate,State Board,28.74,"Textbooks, Workbooks"
Female,High School,Medium,Advanced,High,87,70,3.4,Yes,Intermediate,ICSE,46.97,"Textbooks, Workbooks"
Male,Elementary,Medium,Beginner,Low,41,78,0.8,No,Basic,IB,20.69,"Textbooks, Workbooks"
Female,High School,High,Advanced,Medium,34,72,0.5,Yes,Basic,ICSE,27.54,"Textbooks, Workbooks"
Male,High School,High,Advanced,Low,68,74,9.6,No,Fluent,CBSE,39.64,"Textbooks, Workbooks"
Male,Elementary,High,Advanced,High,44,95,7.2,No,Basic,State Board,31.21,"Textbooks, Workbooks"
Female,High School,Low,Beginner,Medium,48,91,5.1,Yes,Basic,ICSE,34.94,"Textbooks, Workbooks"
Female,High School,Medium,Beginner,Low,78,78,1.1,Yes,Fluent,ICSE,42.29,"Textbooks, Workbooks"
Female,Elementary,Low,Intermediate,Medium,68,74,5.3,Yes,Basic,State Board,50.72,"Educational Apps, Science Kits"
Male,High School,High,Advanced,Low,44,97,3.2,Yes,Fluent,IB,25.07,"Textbooks, Workbooks"
Female,Elementary,Low,Beginner,High,84,81,2.7,Yes,Intermediate,CBSE,41.31,"Textbooks, Workbooks"
Male,Elementary,Medium,Beginner,Medium,96,72,6.2,Yes,Basic,CBSE,49.72,"Textbooks, Workbooks"
Female,Elementary,Medium,Advanced,Medium,85,79,7.9,Yes,Fluent,IB,45.72,"Textbooks, Workbooks"
Female,High School,Medium,Advanced,Medium,74,74,4.4,Yes,Fluent,State Board,51.46,"Educational Apps, Science Kits"
Female,High School,High,Advanced,High,86,66,4.9,Yes,Fluent,IB,45.93,"Textbooks, Workbooks"
Male,High School,High,Intermediate,High,96,81,6.5,Yes,Basic,IB,50.11,"Educational Apps, Science Kits"
Female,High School,High,Intermediate,High,35,79,1.2,Yes,Fluent,CBSE,20.65,"Textbooks, Workbooks"
Female,Elementary,Medium,Intermediate,High,99,78,8.3,Yes,Fluent,IB,50.4,"Educational Apps, Science Kits"
Male,Elementary,High,Advanced,Low,60,86,8.4,Yes,Basic,State Board,44.38,"Textbooks, Workbooks"
Male,High School,Medium,Beginner,High,51,67,5.4,No,Fluent,IB,30.2,"Textbooks, Workbooks"
Female,Elementary,High,Advanced,Medium,67,77,1.9,Yes,Fluent,CBSE,39.63,"Textbooks, Workbooks"
Female,High School,Medium,Beginner,High,87,69,5.0,Yes,Basic,IB,46.93,"Textbooks, Workbooks"
Female,Elementary,Medium,Intermediate,Medium,99,94,1.1,Yes,Basic,IB,51.09,"Educational Apps, Science Kits"
Male,Elementary,Medium,Intermediate,Low,58,74,7.6,No,Intermediate,State Board,40.42,"Textbooks, Workbooks"
Male,Elementary,Medium,Intermediate,Medium,85,82,3.1,Yes,Intermediate,ICSE,47.79,"Textbooks, Workbooks"
Male,Elementary,High,Beginner,Low,40,71,3.1,Yes,Fluent,ICSE,27.38,"Textbooks, Workbooks"
Male,Elementary,High,Beginner,Medium,77,86,9.5,Yes,Intermediate,CBSE,46.91,"Textbooks, Workbooks"
Female,High School,Medium,Advanced,Medium,89,65,4.2,Yes,Fluent,State Board,43.51,"Textbooks, Workbooks"
Male,High School,Medium,Advanced,Low,80,83,7.9,Yes,Fluent,State Board,41.24,"Textbooks, Workbooks"
Male,Elementary,Medium,Advanced,High,68,81,6.4,Yes,Intermediate,ICSE,46.69,"Textbooks, Workbooks"
Male,High School,High,Intermediate,High,35,68,3.2,No,Basic,IB,19.25,"Textbooks, Workbooks"
Female,Elementary,Medium,Advanced,High,59,69,1.2,Yes,Basic,CBSE,24.39,"Textbooks, Workbooks"
Female,Elementary,Low,Intermediate,High,30,62,8.0,Yes,Intermediate,IB,34.39,"Textbooks, Workbooks"
Male,Elementary,Medium,Beginner,Medium,38,65,7.6,Yes,Fluent,State Board,34.07,"Textbooks, Workbooks"
Male,Elementary,Low,Intermediate,Medium,74,85,1.7,Yes,Basic,State Board,39.72,"Textbooks, Workbooks"
Female,High School,High,Intermediate,Low,37,73,2.5,Yes,Fluent,ICSE,32.84,"Textbooks, Workbooks"
Female,Elementary,Medium,Intermediate,High,63,95,7.7,Yes,Basic,ICSE,41.24,"Textbooks, Workbooks"
Female,High School,Medium,Beginner,High,37,78,9.8,Yes,Intermediate,ICSE,38.02,"Textbooks, Workbooks"
Female,Elementary,High,Beginner,High,41,98,8.4,Yes,Intermediate,State Board,35.75,"Textbooks, Workbooks"
Female,Elementary,Low,Advanced,High,72,82,6.8,Yes,Intermediate,IB,45.62,"Textbooks, Workbooks"
Female,High School,Low,Advanced,Medium,85,64,9.2,Yes,Fluent,State Board,46.87,"Textbooks, Workbooks"
Female,Elementary,Medium,Advanced,Medium,60,74,2.9,Yes,Intermediate,CBSE,28.2,"Textbooks, Workbooks"
Female,Elementary,Medium,Beginner,High,71,89,0.1,Yes,Intermediate,State Board,35.83,"Textbooks, Workbooks"
Male,High School,Medium,Beginner,Medium,62,92,3.2,No,Intermediate,State Board,37.08,"Textbooks, Workbooks"
Male,High School,High,Beginner,Medium,48,97,9.7,Yes,Fluent,IB,41.35,"Textbooks, Workbooks"
Male,High School,High,Beginner,Medium,84,78,8.8,Yes,Fluent,ICSE,48.44,"Textbooks, Workbooks"
Male,Elementary,High,Beginner,Medium,33,64,0.5,Yes,Fluent,CBSE,14.89,"Textbooks, Workbooks"
Male,Elementary,High,Intermediate,High,41,68,5.0,Yes,Basic,IB,25.74,"Textbooks, Workbooks"
Male,High School,Medium,Advanced,Medium,57,66,0.8,Yes,Fluent,CBSE,35.97,"Textbooks, Workbooks"
Female,High School,Medium,Intermediate,Medium,87,83,7.9,Yes,Intermediate,IB,48.19,"Textbooks, Workbooks"
Female,Elementary,Medium,Advanced,Medium,77,75,3.7,No,Basic,ICSE,35.47,"Textbooks, Workbooks"
Male,Elementary,High,Intermediate,Medium,30,96,9.1,No,Fluent,State Board,37.85,"Textbooks, Workbooks"
Male,High School,Medium,Beginner,High,73,69,0.5,Yes,Fluent,CBSE,35.38,"Textbooks, Workbooks"
Female,High School,Medium,Advanced,Low,92,80,7.3,Yes,Fluent,IB,53.85,"Educational Apps, Science Kits"
Female,High School,Medium,Intermediate,Low,67,80,4.0,Yes,Basic,CBSE,36.1,"Textbooks, Workbooks"
Female,High School,Medium,Advanced,Low,38,74,2.7,No,Intermediate,IB,23.83,"Textbooks, Workbooks"
Male,Elementary,Medium,Beginner,High,35,72,5.2,Yes,Intermediate,State Board,24.3,"Textbooks, Workbooks"
Female,Elementary,High,Beginner,Medium,99,66,4.9,Yes,Basic,IB,48.6,"Textbooks, Workbooks"
Male,Elementary,Medium,Advanced,High,81,99,3.5,Yes,Intermediate,State Board,54.89,"Educational Apps, Science Kits"
Male,Elementary,High,Advanced,Medium,96,67,6.5,Yes,Fluent,CBSE,46.83,"Textbooks, Workbooks"
Female,High School,Medium,Beginner,Medium,45,97,6.6,Yes,Basic,IB,37.5,"Textbooks, Workbooks"
Female,Elementary,High,Beginner,High,31,61,0.8,Yes,Intermediate,CBSE,29.75,"Textbooks, Workbooks"
Male,High School,High,Beginner,Low,65,96,6.0,Yes,Basic,State Board,42.88,"Textbooks, Workbooks"
Female,Elementary,High,Intermediate,Medium,64,81,7.1,Yes,Fluent,ICSE,36.25,"Textbooks, Workbooks"
Female,Elementary,Low,Advanced,Medium,59,63,0.8,Yes,Intermediate,IB,30.52,"Textbooks, Workbooks"
Male,Elementary,Medium,Beginner,Low,74,66,6.6,Yes,Intermediate,IB,42.2,"Textbooks, Workbooks"
Female,High School,Medium,Advanced,Medium,75,60,8.0,No,Fluent,ICSE,37.35,"Textbooks, Workbooks"
Male,Elementary,Medium,Intermediate,Low,94,78,8.3,No,Intermediate,CBSE,49.42,"Textbooks, Workbooks"
Male,High School,Medium,Intermediate,Low,30,89,0.4,No,Intermediate,IB,21.85,"Textbooks, Workbooks"
Female,High School,High,Beginner,Medium,86,61,7.0,Yes,Intermediate,CBSE,53.33,"Educational Apps, Science Kits"
Male,Elementary,Low,Advanced,High,96,72,8.0,Yes,Fluent,State Board,45.2,"Textbooks, Workbooks"
Male,High School,Medium,Intermediate,Low,60,87,4.0,Yes,Basic,CBSE,35.26,"Textbooks, Workbooks"
Female,Elementary,Low,Advanced,Medium,54,73,5.4,Yes,Basic,State Board,28.29,"Textbooks, Workbooks"
Female,High School,High,Advanced,Low,76,62,2.7,Yes,Intermediate,IB,34.7,"Textbooks, Workbooks"
Female,Elementary,High,Beginner,Medium,85,75,3.1,Yes,Basic,State Board,42.36,"Textbooks, Workbooks"
Male,High School,Medium,Intermediate,Medium,30,84,5.0,Yes,Fluent,IB,30.78,"Textbooks, Workbooks"
Male,High School,Low,Intermediate,High,66,62,1.5,Yes,Intermediate,State Board,36.85,"Textbooks, Workbooks"
Female,Elementary,High,Intermediate,High,96,93,3.7,Yes,Fluent,ICSE,48.54,"Textbooks, Workbooks"
Male,Elementary,Medium,Advanced,Low,41,62,3.0,No,Intermediate,CBSE,28.14,"Textbooks, Workbooks"
Female,Elementary,Medium,Intermediate,Low,49,88,2.4,Yes,Intermediate,State Board,24.41,"Textbooks, Workbooks"
Female,Elementary,High,Intermediate,Low,59,99,4.8,Yes,Intermediate,ICSE,41.06,"Textbooks, Workbooks"
Male,High School,High,Advanced,High,93,78,8.4,Yes,Basic,ICSE,48.72,"Textbooks, Workbooks"
Female,High School,Medium,Intermediate,Medium,93,79,2.4,Yes,Intermediate,ICSE,45.37,"Textbooks, Workbooks"
Male,High School,Medium,Intermediate,Low,47,80,6.6,Yes,Fluent,CBSE,39.0,"Textbooks, Workbooks"
Male,High School,Medium,Advanced,Low,61,79,2.5,Yes,Intermediate,State Board,34.42,"Textbooks, Workbooks"
Female,Elementary,Medium,Intermediate,Medium,48,87,1.4,Yes,Basic,CBSE,34.45,"Textbooks, Workbooks"
Male,High School,Medium,Beginner,Low,62,86,9.4,Yes,Intermediate,State Board,34.88,"Textbooks, Workbooks"
Female,Elementary,Medium,Advanced,High,91,84,6.3,Yes,Basic,ICSE,50.24,"Educational Apps, Science Kits"
Male,High School,Low,Intermediate,Medium,51,61,1.0,Yes,Basic,ICSE,34.99,"Textbooks, Workbooks"
Male,Elementary,Medium,Beginner,Medium,58,83,6.3,No,Intermediate,ICSE,36.78,"Textbooks, Workbooks"
Male,Elementary,Low,Advanced,Medium,33,92,1.8,Yes,Basic,CBSE,23.29,"Textbooks, Workbooks"
Female,Elementary,Medium,Intermediate,Low,79,78,8.9,No,Intermediate,ICSE,49.92,"Textbooks, Workbooks"
Male,Elementary,Medium,Advanced,Medium,33,85,2.5,Yes,Basic,IB,30.18,"Textbooks, Workbooks"
Female,Elementary,Medium,Beginner,High,34,62,8.1,Yes,Intermediate,IB,30.53,"Textbooks, Workbooks"
Male,High School,Medium,Advanced,Medium,68,86,2.0,Yes,Intermediate,ICSE,30.2,"Textbooks, Workbooks"
Male,Elementary,Medium,Intermediate,Medium,86,73,5.6,No,Intermediate,CBSE,42.73,"Textbooks, Workbooks"
Female,High School,High,Beginner,High,60,79,9.1,Yes,Intermediate,ICSE,37.49,"Textbooks, Workbooks"
Female,High School,Medium,Advanced,Low,36,94,3.0,No,Intermediate,State Board,29.35,"Textbooks, Workbooks"
Female,Elementary,High,Intermediate,Medium,41,82,0.8,Yes,Fluent,IB,23.31,"Textbooks, Workbooks"
Female,High School,Medium,Intermediate,Medium,39,84,5.5,Yes,Basic,State Board,34.2,"Textbooks, Workbooks"
Female,High School,Medium,Beginner,High,58,63,1.7,Yes,Intermediate,ICSE,32.77,"Textbooks, Workbooks"
Male,High School,Low,Beginner,Low,42,61,7.3,Yes,Fluent,ICSE,38.82,"Textbooks, Workbooks"
Male,Elementary,Medium,Advanced,Medium,99,61,5.9,Yes,Intermediate,State Board,50.6,"Educational Apps, Science Kits"
Female,Elementary,High,Intermediate,Low,60,84,3.5,Yes,Basic,IB,33.45,"Textbooks, Workbooks"
Male,Elementary,High,Beginner,Low,38,82,7.1,Yes,Fluent,CBSE,29.54,"Textbooks, Workbooks"
Male,Elementary,High,Intermediate,High,80,80,2.4,Yes,Fluent,IB,46.9,"Textbooks, Workbooks"
Male,High School,Medium,Advanced,Medium,45,84,9.2,Yes,Basic,ICSE,27.99,"Textbooks, Workbooks"
Female,High School,Medium,Beginner,High,88,86,3.5,No,Intermediate,State Board,41.62,"Textbooks, Workbooks"
Male,High School,Medium,Advanced,Medium,87,70,7.6,Yes,Fluent,CBSE,49.16,"Textbooks, Workbooks"
Male,High School,Medium,Advanced,Medium,40,73,2.6,Yes,Fluent,CBSE,30.66,"Textbooks, Workbooks"
Male,High School,Low,Beginner,High,65,76,7.1,Yes,Fluent,CBSE,39.93,"Textbooks, Workbooks"
Female,High School,High,Advanced,Medium,30,74,0.3,Yes,Basic,IB,21.21,"Textbooks, Workbooks"
Male,Elementary,High,Intermediate,Low,50,90,3.0,Yes,Intermediate,CBSE,32.03,"Textbooks, Workbooks"
Male,High School,Medium,Beginner,Low,73,93,0.9,Yes,Intermediate,State Board,37.64,"Textbooks, Workbooks"
Female,High School,Medium,Intermediate,Low,66,95,4.5,Yes,Basic,CBSE,40.68,"Textbooks, Workbooks"
Female,High School,Low,Advanced,Medium,35,99,4.4,No,Intermediate,IB,39.47,"Textbooks, Workbooks"
Male,Elementary,Medium,Beginner,High,43,72,3.6,No,Basic,CBSE,19.22,"Textbooks, Workbooks"
Male,High School,Medium,Intermediate,High,30,77,9.8,Yes,Fluent,State Board,26.85,"Textbooks, Workbooks"
Female,High School,High,Intermediate,High,37,76,2.4,No,Fluent,State Board,34.15,"Textbooks, Workbooks"
Female,Elementary,Medium,Intermediate,High,73,98,7.9,Yes,Fluent,IB,51.24,"Educational Apps, Science Kits"
Female,High School,Medium,Intermediate,Medium,56,87,4.5,No,Basic,IB,31.23,"Textbooks, Workbooks"
Female,Elementary,Medium,Intermediate,Low,65,85,3.3,Yes,Basic,State Board,37.76,"Textbooks, Workbooks"
Female,Elementary,Low,Advanced,Medium,71,73,2.0,No,Fluent,State Board,40.78,"Textbooks, Workbooks"
Female,High School,High,Advanced,High,49,96,6.3,Yes,Basic,State Board,41.9,"Textbooks, Workbooks"
Female,High School,Medium,Advanced,Medium,37,70,3.3,Yes,Fluent,State Board,22.65,"Textbooks, Workbooks"
Male,Elementary,High,Advanced,Medium,75,91,8.1,Yes,Fluent,IB,43.96,"Textbooks, Workbooks"
Female,High School,Medium,Advanced,Low,81,83,9.7,Yes,Basic,ICSE,44.72,"Textbooks, Workbooks"
Female,High School,High,Advanced,Medium,55,90,2.3,Yes,Basic,ICSE,34.17,"Textbooks, Workbooks"
Male,Elementary,Low,Advanced,Medium,64,99,1.3,Yes,Fluent,CBSE,40.83,"Textbooks, Workbooks"
Female,Elementary,Medium,Intermediate,Medium,89,67,3.2,Yes,Fluent,State Board,48.73,"Textbooks, Workbooks"
Female,High School,High,Advanced,High,32,98,4.7,Yes,Intermediate,CBSE,25.13,"Textbooks, Workbooks"
Male,Elementary,High,Intermediate,Low,33,67,3.0,Yes,Fluent,IB,28.88,"Textbooks, Workbooks"
Female,High School,High,Beginner,High,91,90,9.7,Yes,Basic,CBSE,54.18,"Educational Apps, Science Kits"
Male,High School,Medium,Advanced,Low,93,78,7.8,Yes,Intermediate,CBSE,49.49,"Textbooks, Workbooks"
Male,High School,High,Intermediate,High,79,95,9.7,Yes,Fluent,CBSE,60.38,"Educational Apps, Science Kits"
Male,High School,High,Beginner,Medium,48,98,3.7,No,Fluent,CBSE,42.5,"Textbooks, Workbooks"
Male,Elementary,Low,Beginner,High,72,91,3.0,No,Fluent,ICSE,34.09,"Textbooks, Workbooks"
Female,High School,High,Intermediate,Low,43,80,4.1,Yes,Basic,ICSE,38.26,"Textbooks, Workbooks"
Male,Elementary,Medium,Intermediate,Medium,43,82,5.2,Yes,Intermediate,State Board,32.39,"Textbooks, Workbooks"
Male,High School,Medium,Intermediate,High,83,95,7.4,Yes,Fluent,State Board,44.06,"Textbooks, Workbooks"
Female,High School,Medium,Advanced,Low,58,74,8.8,No,Basic,CBSE,44.22,"Textbooks, Workbooks"
Male,Elementary,High,Beginner,Low,32,61,4.6,Yes,Intermediate,State Board,30.09,"Textbooks, Workbooks"
Male,High School,Low,Advanced,Medium,34,71,2.9,Yes,Fluent,CBSE,25.92,"Textbooks, Workbooks"
Male,Elementary,Medium,Advanced,Low,34,97,3.2,Yes,Intermediate,CBSE,32.02,"Textbooks, Workbooks"
Male,Elementary,Medium,Advanced,Low,74,65,7.0,No,Fluent,IB,41.88,"Textbooks, Workbooks"
Female,High School,Medium,Beginner,Medium,93,97,5.7,No,Intermediate,ICSE,51.52,"Educational Apps, Science Kits"
Male,High School,Medium,Beginner,Low,93,60,4.9,Yes,Basic,CBSE,51.92,"Educational Apps, Science Kits"
Female,High School,Low,Beginner,Medium,72,97,2.0,No,Fluent,IB,40.78,"Textbooks, Workbooks"
Female,High School,High,Intermediate,High,72,85,8.8,Yes,Basic,ICSE,51.12,"Educational Apps, Science Kits"
Male,Elementary,High,Advanced,Medium,80,82,7.8,Yes,Intermediate,State Board,49.17,"Textbooks, Workbooks"
Male,High School,High,Intermediate,Low,42,60,1.4,Yes,Fluent,State Board,20.0,"Textbooks, Workbooks"
Male,High School,High,Intermediate,Medium,97,80,3.7,Yes,Fluent,ICSE,48.14,"Textbooks, Workbooks"
Male,High School,Medium,Advanced,Medium,98,78,5.4,Yes,Basic,ICSE,49.98,"Textbooks, Workbooks"
Female,High School,Medium,Beginner,Medium,36,88,4.5,Yes,Fluent,CBSE,28.13,"Textbooks, Workbooks"
Female,High School,Medium,Advanced,Medium,71,85,4.0,Yes,Fluent,State Board,39.21,"Textbooks, Workbooks"
Female,Elementary,Low,Intermediate,High,34,93,7.2,Yes,Basic,ICSE,35.6,"Textbooks, Workbooks"
Male,High School,High,Beginner,High,76,76,0.5,Yes,Intermediate,CBSE,42.01,"Textbooks, Workbooks"
Female,Elementary,Low,Beginner,Low,77,77,4.7,Yes,Basic,CBSE,45.05,"Textbooks, Workbooks"
Male,High School,High,Intermediate,Medium,76,91,2.6,No,Basic,ICSE,43.36,"Textbooks, Workbooks"
Male,High School,Low,Beginner,Medium,37,63,0.8,Yes,Intermediate,CBSE,21.9,"Textbooks, Workbooks"
Male,High School,High,Beginner,High,50,89,4.6,Yes,Fluent,IB,33.8,"Textbooks, Workbooks"
Male,Elementary,Low,Advanced,High,53,90,1.7,Yes,Fluent,IB,35.14,"Textbooks, Workbooks"
Male,High School,Low,Advanced,Medium,42,77,2.6,Yes,Intermediate,IB,31.94,"Textbooks, Workbooks"
Female,Elementary,High,Intermediate,Medium,44,64,5.1,Yes,Fluent,State Board,36.39,"Textbooks, Workbooks"
Female,Elementary,Medium,Intermediate,Medium,82,91,9.7,Yes,Intermediate,ICSE,52.22,"Educational Apps, Science Kits"
Male,High School,High,Intermediate,Medium,60,88,6.8,Yes,Basic,IB,43.19,"Textbooks, Workbooks"
Female,Elementary,Medium,Beginner,Low,80,71,2.8,Yes,Fluent,State Board,34.25,"Textbooks, Workbooks"
Male,High School,Low,Intermediate,Medium,76,74,3.8,Yes,Fluent,ICSE,33.5,"Textbooks, Workbooks"
Male,High School,High,Advanced,Medium,68,74,4.1,Yes,Intermediate,CBSE,35.64,"Textbooks, Workbooks"
Male,Elementary,Medium,Beginner,Medium,86,94,1.5,Yes,Intermediate,CBSE,47.85,"Textbooks, Workbooks"
Female,High School,High,Intermediate,Medium,79,94,1.6,Yes,Basic,ICSE,41.14,"Textbooks, Workbooks"
Male,High School,Medium,Beginner,High,86,73,1.5,Yes,Intermediate,ICSE,32.82,"Textbooks, Workbooks"
Male,Elementary,Medium,Beginner,Medium,64,98,5.2,Yes,Intermediate,CBSE,41.22,"Textbooks, Workbooks"
Female,Elementary,Medium,Beginner,Medium,36,77,6.7,No,Intermediate,ICSE,37.5,"Textbooks, Workbooks"
Female,Elementary,Medium,Intermediate,High,82,97,5.9,Yes,Fluent,State Board,53.34,"Educational Apps, Science Kits"
Female,Elementary,Medium,Beginner,Medium,39,81,9.8,No,Fluent,ICSE,28.54,"Textbooks, Workbooks"
Male,Elementary,Medium,Beginner,Low,68,97,1.3,Yes,Fluent,CBSE,39.81,"Textbooks, Workbooks"
Male,Elementary,Medium,Beginner,Low,87,70,9.9,No,Fluent,State Board,47.27,"Textbooks, Workbooks"
Female,High School,Medium,Advanced,Low,64,62,4.7,No,Fluent,State Board,34.54,"Textbooks, Workbooks"
Male,Elementary,Medium,Intermediate,Low,88,73,2.2,Yes,Fluent,IB,45.27,"Textbooks, Workbooks"
Female,Elementary,Low,Advanced,High,51,84,9.4,Yes,Basic,CBSE,37.8,"Textbooks, Workbooks"
Female,High School,Medium,Beginner,Medium,38,73,4.7,Yes,Fluent,CBSE,34.46,"Textbooks, Workbooks"
Male,High School,Medium,Beginner,Low,37,90,3.5,Yes,Intermediate,State Board,24.28,"Textbooks, Workbooks"
Male,Elementary,Low,Advanced,High,87,84,2.1,Yes,Fluent,ICSE,47.79,"Textbooks, Workbooks"
Female,Elementary,Medium,Beginner,Medium,51,78,2.7,Yes,Intermediate,ICSE,36.44,"Textbooks, Workbooks"
Female,High School,Low,Advanced,Medium,69,71,9.8,Yes,Intermediate,CBSE,41.84,"Textbooks, Workbooks"
Female,Elementary,High,Beginner,Low,57,66,3.0,Yes,Basic,CBSE,33.52,"Textbooks, Workbooks"
Female,Elementary,High,Beginner,Low,75,73,9.8,Yes,Intermediate,IB,54.95,"Educational Apps, Science Kits"
Male,High School,Low,Beginner,Medium,98,88,3.3,Yes,Intermediate,CBSE,50.21,"Educational Apps, Science Kits"
Female,Elementary,Low,Beginner,High,81,73,2.3,Yes,Basic,State Board,44.41,"Textbooks, Workbooks"
Female,High School,High,Intermediate,Low,40,82,1.8,Yes,Intermediate,CBSE,32.57,"Textbooks, Workbooks"
Female,Elementary,Medium,Intermediate,Medium,51,73,4.1,Yes,Basic,State Board,28.05,"Textbooks, Workbooks"
Male,High School,High,Intermediate,High,76,82,2.4,Yes,Intermediate,State Board,51.44,"Educational Apps, Science Kits"
Male,High School,High,Advanced,Medium,42,67,7.0,Yes,Fluent,State Board,29.99,"Textbooks, Workbooks"
Female,High School,Medium,Advanced,Medium,74,72,2.4,Yes,Intermediate,CBSE,37.9,"Textbooks, Workbooks"
Male,Elementary,Low,Advanced,High,98,95,8.4,Yes,Fluent,IB,58.18,"Educational Apps, Science Kits"
Male,High School,High,Advanced,High,51,60,8.3,No,Basic,State Board,34.57,"Textbooks, Workbooks"
Male,Elementary,High,Intermediate,Medium,96,96,2.9,No,Fluent,State Board,48.99,"Textbooks, Workbooks"
Female,High School,Medium,Advanced,High,64,85,7.5,No,Fluent,CBSE,44.51,"Textbooks, Workbooks"
Female,High School,Medium,Advanced,Medium,61,63,8.6,Yes,Intermediate,State Board,32.62,"Textbooks, Workbooks"
Male,High School,Medium,Advanced,High,67,75,5.9,Yes,Fluent,IB,46.06,"Textbooks, Workbooks"
Female,Elementary,Medium,Beginner,High,87,84,3.7,Yes,Basic,IB,47.61,"Textbooks, Workbooks"
Female,Elementary,High,Advanced,Medium,69,78,4.4,No,Basic,State Board,42.12,"Textbooks, Workbooks"
Male,High School,High,Beginner,Medium,50,79,7.9,Yes,Intermediate,CBSE,34.94,"Textbooks, Workbooks"
Male,Elementary,Medium,Advanced,Medium,78,85,2.9,No,Intermediate,State Board,40.32,"Textbooks, Workbooks"
Female,Elementary,High,Advanced,High,68,91,3.3,Yes,Basic,IB,35.5,"Textbooks, Workbooks"
Male,Elementary,Low,Beginner,High,90,62,1.6,No,Basic,ICSE,44.82,"Textbooks, Workbooks"
Female,High School,Medium,Advanced,Low,39,66,4.0,Yes,Intermediate,IB,20.61,"Textbooks, Workbooks"
Female,Elementary,Medium,Beginner,High,69,91,0.9,Yes,Intermediate,ICSE,39.81,"Textbooks, Workbooks"
Male,High School,Low,Advanced,High,87,64,3.2,Yes,Intermediate,ICSE,40.2,"Textbooks, Workbooks"
Female,High School,Medium,Advanced,High,74,80,3.7,Yes,Intermediate,ICSE,42.0,"Textbooks, Workbooks"
Female,High School,Medium,Beginner,High,46,89,2.6,Yes,Intermediate,State Board,28.51,"Textbooks, Workbooks"
Male,Elementary,High,Intermediate,Low,97,79,1.0,No,Basic,CBSE,51.52,"Educational Apps, Science Kits"
Male,High School,High,Beginner,Medium,39,88,5.2,No,Intermediate,CBSE,27.77,"Textbooks, Workbooks"
Male,Elementary,Medium,Intermediate,High,91,83,8.7,Yes,Fluent,State Board,39.46,"Textbooks, Workbooks"
Female,Elementary,Low,Beginner,High,61,60,3.4,Yes,Basic,IB,31.75,"Textbooks, Workbooks"
Male,High School,Medium,Intermediate,Low,71,84,2.4,Yes,Fluent,State Board,35.92,"Textbooks, Workbooks"
Male,High School,High,Advanced,Medium,74,86,2.9,No,Intermediate,CBSE,40.36,"Textbooks, Workbooks"
Male,High School,Medium,Intermediate,High,50,84,8.6,Yes,Basic,IB,34.38,"Textbooks, Workbooks"
Male,Elementary,Low,Advanced,High,56,80,5.3,Yes,Intermediate,CBSE,37.41,"Textbooks, Workbooks"
Female,Elementary,Low,Beginner,Medium,59,76,1.3,Yes,Intermediate,State Board,27.76,"Textbooks, Workbooks"
Female,High School,Medium,Intermediate,Low,30,87,7.1,Yes,Intermediate,State Board,30.43,"Textbooks, Workbooks"
Male,High School,Low,Advanced,High,38,91,1.5,Yes,Basic,State Board,27.79,"Textbooks, Workbooks"
Female,Elementary,High,Beginner,High,32,93,0.6,Yes,Basic,State Board,22.65,"Textbooks, Workbooks"
Male,Elementary,High,Intermediate,High,82,81,2.6,No,Fluent,IB,38.12,"Textbooks, Workbooks"
Male,High School,Medium,Advanced,High,71,78,1.7,Yes,Basic,CBSE,43.69,"Textbooks, Workbooks"
Female,Elementary,Medium,Intermediate,Medium,48,67,6.0,Yes,Intermediate,IB,26.83,"Textbooks, Workbooks"
Female,Elementary,Medium,Intermediate,High,35,61,4.8,No,Fluent,State Board,22.65,"Textbooks, Workbooks"
Male,Elementary,High,Advanced,High,36,64,7.2,Yes,Basic,ICSE,33.49,"Textbooks, Workbooks"
Male,Elementary,Medium,Advanced,Medium,72,87,5.1,Yes,Fluent,IB,43.31,"Textbooks, Workbooks"
Female,Elementary,Medium,Beginner,High,65,63,4.2,Yes,Intermediate,ICSE,36.63,"Textbooks, Workbooks"
Male,Elementary,Medium,Advanced,High,97,95,5.3,No,Basic,ICSE,49.05,"Textbooks, Workbooks"
Female,High School,Medium,Advanced,High,68,60,4.3,Yes,Intermediate,IB,35.41,"Textbooks, Workbooks"
Male,Elementary,Medium,Intermediate,Medium,72,74,0.4,Yes,Intermediate,ICSE,45.24,"Textbooks, Workbooks"
Male,High School,Medium,Advanced,Medium,66,72,6.8,Yes,Fluent,CBSE,44.21,"Textbooks, Workbooks"
Female,High School,Medium,Intermediate,Medium,57,90,9.6,No,Fluent,IB,37.62,"Textbooks, Workbooks"
Female,Elementary,Medium,Intermediate,Low,79,76,4.2,Yes,Fluent,CBSE,41.01,"Textbooks, Workbooks"
Female,High School,Medium,Advanced,Medium,68,65,4.2,Yes,Fluent,State Board,26.13,"Textbooks, Workbooks"
Female,High School,Low,Advanced,Medium,31,83,0.5,Yes,Fluent,CBSE,27.49,"Textbooks, Workbooks"
Female,High School,Medium,Advanced,Low,66,72,8.9,Yes,Basic,State Board,36.98,"Textbooks, Workbooks"
Female,Elementary,Medium,Advanced,High,95,80,9.3,Yes,Fluent,State Board,54.68,"Educational Apps, Science Kits"
Female,High School,Medium,Beginner,Medium,48,83,8.1,Yes,Basic,IB,36.5,"Textbooks, Workbooks"
Male,Elementary,High,Intermediate,Medium,98,81,1.1,No,Basic,State Board,45.39,"Textbooks, Workbooks"
Male,High School,Low,Beginner,Medium,73,88,9.0,Yes,Intermediate,CBSE,45.48,"Textbooks, Workbooks"
Male,High School,Medium,Beginner,Low,42,83,0.2,Yes,Basic,State Board,26.98,"Textbooks, Workbooks"
Female,High School,Low,Intermediate,High,51,71,4.4,Yes,Intermediate,IB,27.7,"Textbooks, Workbooks"
Female,High School,Medium,Beginner,Medium,36,79,5.0,Yes,Intermediate,State Board,32.87,"Textbooks, Workbooks"
Female,Elementary,Medium,Advanced,Medium,31,93,8.3,No,Fluent,State Board,32.97,"Textbooks, Workbooks"
Male,High School,High,Advanced,Medium,91,74,7.5,Yes,Fluent,IB,54.08,"Educational Apps, Science Kits"
Female,High School,Medium,Advanced,Medium,34,63,8.0,Yes,Fluent,CBSE,21.84,"Textbooks, Workbooks"
Female,Elementary,Medium,Advanced,Medium,49,73,8.7,Yes,Basic,IB,39.77,"Textbooks, Workbooks"
Male,Elementary,High,Intermediate,Low,83,60,4.8,Yes,Fluent,IB,39.33,"Textbooks, Workbooks"
Female,Elementary,High,Advanced,Low,92,92,7.8,Yes,Intermediate,IB,50.61,"Educational Apps, Science Kits"
Male,High School,High,Intermediate,Medium,65,88,0.7,Yes,Fluent,State Board,41.19,"Textbooks, Workbooks"
Male,Elementary,High,Intermediate,High,45,69,4.4,Yes,Fluent,CBSE,34.85,"Textbooks, Workbooks"
Female,Elementary,High,Intermediate,Medium,86,95,0.3,Yes,Intermediate,State Board,51.07,"Educational Apps, Science Kits"
Female,Elementary,Medium,Intermediate,Low,93,73,9.2,No,Basic,State Board,50.67,"Educational Apps, Science Kits"
Female,Elementary,Low,Beginner,Low,39,81,9.6,Yes,Basic,IB,33.41,"Textbooks, Workbooks"
Male,Elementary,Low,Beginner,Medium,80,92,0.8,Yes,Basic,State Board,48.36,"Textbooks, Workbooks"
Male,Elementary,High,Advanced,Medium,56,87,5.3,Yes,Intermediate,ICSE,40.41,"Textbooks, Workbooks"
Male,High School,High,Intermediate,Low,36,66,3.3,Yes,Intermediate,State Board,26.79,"Textbooks, Workbooks"
Female,Elementary,Low,Advanced,Medium,70,95,3.4,Yes,Basic,State Board,33.46,"Textbooks, Workbooks"
Female,High School,Medium,Advanced,Low,42,95,4.5,Yes,Fluent,ICSE,32.23,"Textbooks, Workbooks"
Female,Elementary,High,Advanced,Medium,95,93,1.3,Yes,Intermediate,State Board,46.43,"Textbooks, Workbooks"
Female,Elementary,High,Advanced,Medium,32,96,1.8,Yes,Basic,State Board,27.06,"Textbooks, Workbooks"
Male,Elementary,Medium,Intermediate,High,40,65,5.8,Yes,Basic,ICSE,25.66,"Textbooks, Workbooks"
Male,High School,High,Intermediate,Low,34,94,0.2,Yes,Basic,CBSE,25.52,"Textbooks, Workbooks"
Male,Elementary,Medium,Beginner,Medium,89,86,6.0,Yes,Basic,CBSE,55.15,"Educational Apps, Science Kits"
Male,Elementary,Medium,Intermediate,High,31,89,3.2,Yes,Fluent,CBSE,31.74,"Textbooks, Workbooks"
Female,Elementary,Medium,Intermediate,Medium,93,91,8.3,Yes,Fluent,IB,54.98,"Educational Apps, Science Kits"
Female,Elementary,Medium,Advanced,Medium,42,78,6.0,Yes,Intermediate,IB,33.42,"Textbooks, Workbooks"
Female,High School,Low,Intermediate,Medium,83,81,7.1,No,Intermediate,CBSE,42.83,"Textbooks, Workbooks"
Male,High School,High,Advanced,Low,41,80,1.1,Yes,Basic,State Board,30.12,"Textbooks, Workbooks"
Male,High School,High,Intermediate,Medium,47,64,2.7,Yes,Fluent,CBSE,30.91,"Textbooks, Workbooks"
Female,High School,High,Beginner,High,47,80,10.0,Yes,Intermediate,ICSE,37.37,"Textbooks, Workbooks"
Female,High School,Medium,Advanced,Medium,46,79,4.3,Yes,Fluent,ICSE,26.77,"Textbooks, Workbooks"
Male,Elementary,Medium,Intermediate,Medium,68,97,3.6,Yes,Intermediate,State Board,47.82,"Textbooks, Workbooks"
Female,Elementary,Medium,Intermediate,Medium,42,90,8.7,Yes,Basic,ICSE,35.65,"Textbooks, Workbooks"
Male,Elementary,Low,Advanced,Medium,74,96,0.3,No,Basic,ICSE,42.64,"Textbooks, Workbooks"
Male,High School,Medium,Beginner,Medium,48,65,5.3,Yes,Intermediate,CBSE,34.63,"Textbooks, Workbooks"
Male,Elementary,Low,Beginner,Low,48,90,2.1,Yes,Fluent,CBSE,26.51,"Textbooks, Workbooks"
Female,High School,Low,Intermediate,Medium,50,83,3.7,Yes,Fluent,ICSE,39.93,"Textbooks, Workbooks"
Female,Elementary,High,Intermediate,Medium,53,77,2.0,Yes,Basic,ICSE,26.85,"Textbooks, Workbooks"
Male,High School,Low,Intermediate,High,59,88,0.4,Yes,Basic,State Board,34.06,"Textbooks, Workbooks"
Female,Elementary,High,Advanced,Medium,77,71,4.2,Yes,Fluent,ICSE,47.08,"Textbooks, Workbooks"
Male,Elementary,Medium,Advanced,Medium,64,71,7.9,Yes,Fluent,CBSE,34.66,"Textbooks, Workbooks"
Male,Elementary,High,Advanced,Low,88,88,9.5,Yes,Basic,CBSE,50.54,"Educational Apps, Science Kits"
Male,Elementary,Low,Intermediate,Low,46,66,6.2,Yes,Intermediate,CBSE,34.9,"Textbooks, Workbooks"
Male,High School,Medium,Beginner,Medium,77,75,3.9,Yes,Intermediate,IB,46.65,"Textbooks, Workbooks"
Female,Elementary,Medium,Advanced,High,84,71,7.7,No,Fluent,CBSE,40.74,"Textbooks, Workbooks"
Male,Elementary,High,Beginner,Medium,38,80,5.1,Yes,Fluent,IB,25.72,"Textbooks, Workbooks"
Male,Elementary,Medium,Intermediate,Medium,43,63,3.7,No,Intermediate,CBSE,27.01,"Textbooks, Workbooks"
Female,High School,Medium,Advanced,High,55,76,1.8,No,Basic,CBSE,35.06,"Textbooks, Workbooks"
Male,Elementary,High,Advanced,Low,81,87,8.0,No,Basic,State Board,47.55,"Textbooks, Workbooks"
Male,Elementary,Medium,Advanced,High,73,90,5.0,Yes,Basic,IB,43.53,"Textbooks, Workbooks"
Female,Elementary,Low,Intermediate,Medium,40,67,9.6,No,Intermediate,ICSE,31.78,"Textbooks, Workbooks"
Female,Elementary,Medium,Intermediate,Medium,80,85,8.0,Yes,Basic,ICSE,48.07,"Textbooks, Workbooks"
Female,Elementary,Medium,Intermediate,High,71,99,4.2,Yes,Intermediate,State Board,45.1,"Textbooks, Workbooks"
Male,High School,Medium,Beginner,High,91,90,7.4,Yes,Intermediate,State Board,53.83,"Educational Apps, Science Kits"
Female,High School,Medium,Beginner,Medium,64,78,4.5,Yes,Fluent,IB,44.75,"Textbooks, Workbooks"
Female,High School,Low,Advanced,Medium,93,66,0.8,Yes,Intermediate,IB,44.17,"Textbooks, Workbooks"
Male,Elementary,Medium,Advanced,Medium,47,64,5.2,Yes,Intermediate,State Board,33.43,"Textbooks, Workbooks"
Male,High School,High,Intermediate,Low,43,72,8.7,No,Fluent,IB,36.79,"Textbooks, Workbooks"
Male,Elementary,Medium,Intermediate,High,78,77,8.6,No,Fluent,State Board,49.35,"Textbooks, Workbooks"
Male,Elementary,Medium,Intermediate,Low,98,77,5.7,Yes,Intermediate,CBSE,51.67,"Educational Apps, Science Kits"
Male,Elementary,Low,Advanced,Medium,46,79,3.8,Yes,Fluent,State Board,38.53,"Textbooks, Workbooks"
Female,Elementary,Medium,Intermediate,High,50,82,0.1,Yes,Basic,IB,22.44,"Textbooks, Workbooks"
Female,High School,Low,Beginner,High,43,95,3.1,Yes,Basic,CBSE,32.39,"Textbooks, Workbooks"
Female,High School,Medium,Beginner,Medium,32,99,9.9,Yes,Intermediate,State Board,36.75,"Textbooks, Workbooks"
Male,High School,Medium,Advanced,High,60,92,7.3,No,Fluent,IB,38.85,"Textbooks, Workbooks"
Male,Elementary,High,Advanced,Medium,76,66,7.2,No,Fluent,IB,48.28,"Textbooks, Workbooks"
Male,High School,Low,Beginner,High,73,99,7.6,No,Basic,IB,38.58,"Textbooks, Workbooks"
Female,High School,Medium,Intermediate,Medium,46,64,6.2,Yes,Intermediate,State Board,29.61,"Textbooks, Workbooks"
Female,Elementary,Medium,Advanced,High,85,91,5.9,Yes,Intermediate,State Board,41.21,"Textbooks, Workbooks"
Male,High School,Medium,Advanced,Low,56,68,4.5,Yes,Intermediate,ICSE,32.03,"Textbooks, Workbooks"
Female,Elementary,High,Advanced,Medium,98,89,4.4,Yes,Basic,State Board,47.81,"Textbooks, Workbooks"
Male,High School,Medium,Beginner,Medium,31,91,8.7,Yes,Fluent,State Board,34.01,"Textbooks, Workbooks"
Female,High School,Low,Advanced,High,91,98,3.9,No,Intermediate,IB,59.46,"Educational Apps, Science Kits"
Female,High School,Medium,Beginner,High,35,63,8.4,Yes,Fluent,CBSE,34.76,"Textbooks, Workbooks"
Female,Elementary,Medium,Beginner,Low,94,84,8.4,No,Basic,ICSE,46.57,"Textbooks, Workbooks"
Male,High School,Low,Intermediate,Low,47,81,7.7,Yes,Intermediate,ICSE,37.55,"Textbooks, Workbooks"
Female,High School,Medium,Intermediate,Medium,84,67,0.4,Yes,Fluent,ICSE,37.37,"Textbooks, Workbooks"
Female,High School,Medium,Intermediate,Medium,96,61,1.5,Yes,Fluent,ICSE,47.1,"Textbooks, Workbooks"
Male,High School,Medium,Advanced,Medium,86,96,3.1,Yes,Basic,ICSE,50.5,"Educational Apps, Science Kits"
Female,Elementary,Low,Beginner,Medium,48,94,8.5,Yes,Basic,ICSE,44.58,"Textbooks, Workbooks"
Male,Elementary,Medium,Advanced,Medium,40,96,8.7,Yes,Intermediate,IB,43.31,"Textbooks, Workbooks"
Male,High School,Medium,Beginner,Medium,84,81,0.4,Yes,Basic,IB,46.13,"Textbooks, Workbooks"
Male,High School,Medium,Advanced,High,66,60,3.2,Yes,Fluent,State Board,34.02,"Textbooks, Workbooks"
Male,High School,High,Beginner,Low,33,98,8.5,Yes,Intermediate,ICSE,33.69,"Textbooks, Workbooks"
Male,Elementary,Low,Intermediate,Medium,42,92,2.5,No,Intermediate,State Board,25.93,"Textbooks, Workbooks"
Female,High School,High,Intermediate,Medium,99,63,9.8,No,Basic,ICSE,53.28,"Educational Apps, Science Kits"
Male,High School,Medium,Advanced,Low,87,68,4.9,Yes,Basic,State Board,46.33,"Textbooks, Workbooks"
Male,Elementary,High,Beginner,Medium,31,67,9.4,Yes,Intermediate,State Board,22.0,"Textbooks, Workbooks"
Male,Elementary,Medium,Intermediate,Medium,89,81,4.3,Yes,Intermediate,State Board,51.47,"Educational Apps, Science Kits"
Male,Elementary,Medium,Beginner,Low,61,80,3.2,Yes,Basic,CBSE,35.16,"Textbooks, Workbooks"
Female,High School,High,Advanced,Medium,92,87,3.6,Yes,Basic,CBSE,43.77,"Textbooks, Workbooks"
Male,Elementary,High,Intermediate,Medium,89,96,8.8,Yes,Fluent,ICSE,53.85,"Educational Apps, Science Kits"
Female,Elementary,Medium,Advanced,Low,55,61,3.3,No,Intermediate,CBSE,25.31,"Textbooks, Workbooks"
Male,High School,Low,Advanced,Medium,51,76,6.7,Yes,Fluent,CBSE,32.4,"Textbooks, Workbooks"
Female,Elementary,Medium,Beginner,Medium,33,90,4.7,Yes,Intermediate,IB,26.28,"Textbooks, Workbooks"
Male,High School,High,Advanced,Low,45,72,9.4,Yes,Basic,IB,31.23,"Textbooks, Workbooks"
Male,High School,Medium,Advanced,Low,92,77,1.6,Yes,Basic,CBSE,40.51,"Textbooks, Workbooks"
Female,Elementary,Medium,Beginner,Medium,71,83,4.3,No,Basic,IB,40.12,"Textbooks, Workbooks"
Male,High School,High,Beginner,High,62,90,1.2,Yes,Fluent,CBSE,40.19,"Textbooks, Workbooks"
Female,Elementary,High,Advanced,High,42,92,5.8,Yes,Fluent,State Board,29.84,"Textbooks, Workbooks"
Male,Elementary,Medium,Intermediate,Low,75,90,4.0,No,Fluent,State Board,40.51,"Textbooks, Workbooks"
Female,Elementary,Medium,Intermediate,Low,42,86,0.6,Yes,Fluent,State Board,24.54,"Textbooks, Workbooks"
Male,High School,High,Beginner,Low,62,95,8.5,No,Basic,IB,47.17,"Textbooks, Workbooks"
Male,Elementary,Medium,Advanced,Medium,43,80,3.8,Yes,Fluent,ICSE,29.24,"Textbooks, Workbooks"
Female,High School,High,Intermediate,Medium,37,64,4.9,Yes,Fluent,ICSE,28.72,"Textbooks, Workbooks"
Male,High School,Medium,Beginner,Medium,75,70,4.1,Yes,Basic,State Board,38.31,"Textbooks, Workbooks"
Male,High School,Medium,Beginner,High,30,93,4.9,Yes,Fluent,CBSE,35.79,"Textbooks, Workbooks"
Male,Elementary,Medium,Beginner,Medium,88,93,0.2,Yes,Intermediate,CBSE,44.29,"Textbooks, Workbooks"
Male,High School,Medium,Advanced,High,89,62,8.2,Yes,Basic,CBSE,51.48,"Educational Apps, Science Kits"
Male,High School,High,Beginner,Low,78,65,3.3,Yes,Fluent,IB,43.35,"Textbooks, Workbooks"
Male,Elementary,Medium,Intermediate,Low,90,79,7.2,Yes,Fluent,CBSE,47.74,"Textbooks, Workbooks"
Female,Elementary,Medium,Advanced,Low,52,63,0.6,Yes,Fluent,State Board,25.45,"Textbooks, Workbooks"
Female,High School,Medium,Intermediate,Low,34,96,5.2,No,Basic,IB,29.8,"Textbooks, Workbooks"
Female,High School,Medium,Intermediate,High,79,98,9.1,Yes,Fluent,ICSE,48.89,"Textbooks, Workbooks"
Male,Elementary,Medium,Intermediate,Medium,65,66,4.0,Yes,Fluent,ICSE,41.82,"Textbooks, Workbooks"
Female,High School,Medium,Advanced,Medium,49,76,2.0,Yes,Fluent,ICSE,34.82,"Textbooks, Workbooks"
Male,High School,Medium,Intermediate,Medium,72,97,1.0,Yes,Basic,IB,42.66,"Textbooks, Workbooks"
Male,High School,High,Beginner,Low,37,95,8.6,Yes,Basic,IB,33.12,"Textbooks, Workbooks"
Male,High School,High,Beginner,Low,70,93,2.4,Yes,Intermediate,ICSE,37.32,"Textbooks, Workbooks"
Male,Elementary,Medium,Intermediate,Medium,54,65,9.8,Yes,Fluent,IB,30.93,"Textbooks, Workbooks"
Female,High School,Medium,Beginner,Medium,36,98,2.5,Yes,Intermediate,IB,28.96,"Textbooks, Workbooks"
Male,Elementary,Medium,Advanced,High,90,61,4.8,Yes,Basic,CBSE,41.77,"Textbooks, Workbooks"
Female,High School,Medium,Advanced,Medium,62,77,4.6,No,Intermediate,IB,42.6,"Textbooks, Workbooks"
Male,Elementary,High,Beginner,Medium,98,86,0.6,No,Basic,State Board,49.58,"Textbooks, Workbooks"
Female,High School,Medium,Beginner,Low,67,98,5.3,Yes,Intermediate,IB,42.91,"Textbooks, Workbooks"
Female,Elementary,Medium,Advanced,High,41,78,6.7,Yes,Basic,CBSE,35.65,"Textbooks, Workbooks"
Female,High School,Medium,Intermediate,Low,73,91,7.4,Yes,Intermediate,ICSE,50.99,"Educational Apps, Science Kits"
Female,Elementary,Medium,Advanced,High,82,83,5.2,No,Fluent,ICSE,44.81,"Textbooks, Workbooks"
Female,High School,Low,Intermediate,Medium,43,93,8.1,Yes,Intermediate,CBSE,35.86,"Textbooks, Workbooks"
Female,High School,Medium,Beginner,Low,81,84,7.5,Yes,Fluent,ICSE,41.47,"Textbooks, Workbooks"
Male,Elementary,Low,Beginner,Medium,81,83,1.9,No,Fluent,ICSE,48.25,"Textbooks, Workbooks"
Female,Elementary,High,Intermediate,High,75,84,4.0,Yes,Intermediate,ICSE,46.35,"Textbooks, Workbooks"
Male,Elementary,High,Intermediate,Medium,70,71,1.4,Yes,Basic,State Board,34.02,"Textbooks, Workbooks"
Female,Elementary,High,Advanced,Low,31,89,1.3,Yes,Fluent,ICSE,30.27,"Textbooks, Workbooks"
Male,Elementary,High,Intermediate,Low,78,65,7.1,No,Intermediate,IB,32.95,"Textbooks, Workbooks"
Female,High School,Medium,Beginner,Medium,57,89,5.3,Yes,Intermediate,ICSE,36.25,"Textbooks, Workbooks"
Female,Elementary,High,Beginner,Low,61,92,6.0,Yes,Fluent,IB,40.89,"Textbooks, Workbooks"
Male,Elementary,Low,Beginner,High,51,74,7.3,Yes,Basic,IB,36.68,"Textbooks, Workbooks"
Female,High School,Low,Intermediate,High,71,88,2.8,Yes,Fluent,ICSE,44.5,"Textbooks, Workbooks"
Female,Elementary,High,Intermediate,High,58,73,4.0,Yes,Intermediate,CBSE,31.25,"Textbooks, Workbooks"
Female,Elementary,Low,Beginner,Low,97,84,6.1,Yes,Intermediate,IB,53.77,"Educational Apps, Science Kits"
Male,Elementary,High,Intermediate,Medium,62,64,1.0,Yes,Fluent,CBSE,35.51,"Textbooks, Workbooks"
Female,High School,Medium,Advanced,Low,75,61,8.3,Yes,Basic,State Board,41.1,"Textbooks, Workbooks"
Male,Elementary,High,Advanced,Medium,38,75,3.4,Yes,Fluent,ICSE,26.07,"Textbooks, Workbooks"
Female,High School,Medium,Intermediate,High,67,98,6.6,Yes,Fluent,ICSE,39.07,"Textbooks, Workbooks"
Female,High School,Medium,Intermediate,Medium,55,97,10.0,Yes,Fluent,CBSE,40.36,"Textbooks, Workbooks"
Male,Elementary,Low,Beginner,High,72,76,4.8,Yes,Basic,State Board,32.32,"Textbooks, Workbooks"
Female,High School,High,Intermediate,High,82,90,2.2,No,Fluent,IB,43.3,"Textbooks, Workbooks"
Female,Elementary,Low,Beginner,Low,56,60,2.2,Yes,Fluent,IB,30.91,"Textbooks, Workbooks"
Male,Elementary,Medium,Advanced,Medium,40,65,0.6,Yes,Intermediate,State Board,23.42,"Textbooks, Workbooks"
Female,Elementary,Medium,Intermediate,Low,55,90,7.7,Yes,Intermediate,IB,37.93,"Textbooks, Workbooks"
Male,Elementary,Low,Advanced,Medium,86,65,2.9,Yes,Basic,IB,41.67,"Textbooks, Workbooks"
Male,Elementary,Medium,Intermediate,Low,30,95,1.7,No,Basic,State Board,28.06,"Textbooks, Workbooks"
Male,High School,Low,Intermediate,High,40,67,7.1,Yes,Intermediate,ICSE,32.73,"Textbooks, Workbooks"
Female,High School,High,Beginner,Medium,59,88,3.1,Yes,Fluent,IB,30.7,"Textbooks, Workbooks"
Male,High School,Medium,Beginner,Medium,33,68,6.0,Yes,Basic,State Board,25.44,"Textbooks, Workbooks"
Male,High School,Medium,Intermediate,High,62,81,4.2,Yes,Basic,ICSE,31.53,"Textbooks, Workbooks"
Female,Elementary,Medium,Intermediate,High,62,69,3.3,Yes,Basic,IB,32.97,"Textbooks, Workbooks"
Male,Elementary,Medium,Beginner,High,95,83,4.9,Yes,Intermediate,ICSE,53.9,"Educational Apps, Science Kits"
Female,High School,Medium,Advanced,Low,33,99,3.1,Yes,Fluent,State Board,30.93,"Textbooks, Workbooks"
Female,Elementary,High,Intermediate,Medium,80,61,8.7,Yes,Basic,IB,42.42,"Textbooks, Workbooks"
Female,High School,Low,Beginner,Medium,56,79,0.7,Yes,Intermediate,CBSE,29.38,"Textbooks, Workbooks"
Female,High School,Low,Intermediate,Medium,62,76,0.3,Yes,Intermediate,State Board,31.57,"Textbooks, Workbooks"
Male,High School,Medium,Beginner,Low,61,92,4.1,Yes,Intermediate,IB,36.59,"Textbooks, Workbooks"
Male,High School,Medium,Advanced,Low,96,73,1.7,No,Basic,State Board,46.98,"Textbooks, Workbooks"
Male,Elementary,Medium,Intermediate,High,57,91,7.4,Yes,Intermediate,IB,36.51,"Textbooks, Workbooks"
Male,Elementary,Medium,Intermediate,Low,86,96,3.5,Yes,Intermediate,CBSE,45.78,"Textbooks, Workbooks"
Male,High School,High,Advanced,Medium,48,83,2.6,Yes,Fluent,ICSE,29.23,"Textbooks, Workbooks"
Female,High School,Low,Intermediate,Low,60,79,3.6,No,Intermediate,IB,31.24,"Textbooks, Workbooks"
Male,High School,Medium,Intermediate,Low,82,65,2.2,Yes,Basic,CBSE,33.59,"Textbooks, Workbooks"
Male,High School,Medium,Intermediate,Low,61,92,3.0,Yes,Intermediate,IB,37.98,"Textbooks, Workbooks"
Male,High School,Medium,Beginner,Medium,38,87,5.7,Yes,Fluent,State Board,26.49,"Textbooks, Workbooks"
Female,Elementary,High,Beginner,High,80,70,8.6,Yes,Intermediate,ICSE,45.08,"Textbooks, Workbooks"
Female,High School,Medium,Intermediate,Medium,52,95,3.7,Yes,Basic,IB,40.23,"Textbooks, Workbooks"
Male,High School,High,Advanced,Medium,54,79,3.2,Yes,Intermediate,ICSE,33.53,"Textbooks, Workbooks"
Female,Elementary,Medium,Advanced,Medium,75,65,7.8,Yes,Basic,State Board,41.29,"Textbooks, Workbooks"
Male,Elementary,Low,Intermediate,Medium,73,67,0.2,Yes,Intermediate,State Board,29.1,"Textbooks, Workbooks"
Male,Elementary,Low,Beginner,High,95,78,3.0,Yes,Intermediate,ICSE,44.23,"Textbooks, Workbooks"
Female,Elementary,Medium,Beginner,Medium,96,74,4.5,Yes,Basic,CBSE,44.19,"Textbooks, Workbooks"
Female,Elementary,Medium,Intermediate,Medium,57,81,6.0,No,Intermediate,State Board,34.86,"Textbooks, Workbooks"
Male,Elementary,Low,Beginner,Medium,53,61,1.6,Yes,Basic,IB,29.33,"Textbooks, Workbooks"
Male,Elementary,Medium,Beginner,High,85,87,4.3,Yes,Intermediate,IB,48.89,"Textbooks, Workbooks"
Female,Elementary,Medium,Advanced,Medium,79,95,5.7,Yes,Basic,State Board,36.9,"Textbooks, Workbooks"
Male,Elementary,Low,Intermediate,Low,32,95,5.1,Yes,Intermediate,CBSE,35.7,"Textbooks, Workbooks"
Female,High School,Medium,Beginner,Low,52,77,5.7,Yes,Intermediate,ICSE,29.76,"Textbooks, Workbooks"
Male,Elementary,High,Beginner,High,63,71,6.6,Yes,Intermediate,CBSE,46.2,"Textbooks, Workbooks"
Female,High School,Medium,Beginner,High,38,78,3.8,Yes,Fluent,CBSE,26.46,"Textbooks, Workbooks"
Male,High School,High,Intermediate,Low,88,85,0.6,Yes,Intermediate,CBSE,45.09,"Textbooks, Workbooks"
Male,High School,Medium,Intermediate,High,95,84,0.6,Yes,Fluent,State Board,46.42,"Textbooks, Workbooks"
Female,High School,Medium,Beginner,Medium,51,87,8.6,Yes,Basic,ICSE,36.77,"Textbooks, Workbooks"
Male,High School,Medium,Advanced,Medium,64,74,6.8,No,Fluent,State Board,42.95,"Textbooks, Workbooks"
Male,High School,Medium,Advanced,Low,60,69,7.6,Yes,Intermediate,ICSE,42.84,"Textbooks, Workbooks"
Female,High School,Medium,Intermediate,High,77,98,9.3,Yes,Intermediate,IB,48.64,"Textbooks, Workbooks"
Male,High School,Medium,Advanced,Low,82,93,7.5,Yes,Fluent,CBSE,45.18,"Textbooks, Workbooks"
Male,Elementary,Medium,Beginner,High,61,72,6.9,Yes,Fluent,State Board,32.86,"Textbooks, Workbooks"
Male,High School,Low,Intermediate,Low,41,75,6.6,Yes,Fluent,CBSE,36.24,"Textbooks, Workbooks"
Female,High School,High,Intermediate,High,91,99,2.6,Yes,Intermediate,IB,43.58,"Textbooks, Workbooks"
Female,High School,Medium,Advanced,Low,32,90,9.6,No,Basic,ICSE,34.19,"Textbooks, Workbooks"
Female,High School,Medium,Intermediate,Low,35,60,5.4,Yes,Fluent,State Board,28.36,"Textbooks, Workbooks"
Male,Elementary,Medium,Advanced,Low,41,82,2.2,Yes,Basic,ICSE,26.18,"Textbooks, Workbooks"
Male,High School,High,Advanced,Low,82,73,2.1,Yes,Fluent,IB,43.84,"Textbooks, Workbooks"
Male,Elementary,Medium,Beginner,Medium,49,98,8.2,Yes,Fluent,State Board,39.15,"Textbooks, Workbooks"
Male,Elementary,Medium,Advanced,Low,35,89,2.5,No,Fluent,State Board,27.5,"Textbooks, Workbooks"
Female,High School,High,Advanced,High,43,79,0.4,Yes,Basic,IB,21.85,"Textbooks, Workbooks"
Male,High School,High,Intermediate,Medium,85,84,4.3,Yes,Intermediate,IB,43.43,"Textbooks, Workbooks"
Male,Elementary,Low,Beginner,Medium,70,70,8.2,No,Intermediate,IB,38.66,"Textbooks, Workbooks"
Male,High School,Low,Beginner,Low,78,85,4.1,Yes,Intermediate,CBSE,46.58,"Textbooks, Workbooks"
Female,High School,High,Advanced,Medium,94,80,8.0,Yes,Intermediate,State Board,52.36,"Educational Apps, Science Kits"
Male,Elementary,High,Intermediate,Low,60,64,8.3,Yes,Fluent,ICSE,34.12,"Textbooks, Workbooks"
Male,Elementary,Medium,Intermediate,High,57,66,8.6,Yes,Basic,State Board,30.2,"Textbooks, Workbooks"
Male,High School,Medium,Intermediate,Medium,41,71,5.9,Yes,Fluent,State Board,33.23,"Textbooks, Workbooks"
Male,High School,Medium,Beginner,High,45,61,7.0,No,Intermediate,CBSE,35.09,"Textbooks, Workbooks"
Male,High School,Medium,Beginner,Medium,64,98,2.6,Yes,Intermediate,ICSE,44.0,"Textbooks, Workbooks"
Female,Elementary,Medium,Advanced,High,73,80,1.0,Yes,Fluent,ICSE,39.75,"Textbooks, Workbooks"
Male,High School,Low,Advanced,Low,97,91,5.3,No,Fluent,State Board,47.65,"Textbooks, Workbooks"
Male,Elementary,High,Intermediate,Low,39,64,0.1,No,Intermediate,State Board,20.98,"Textbooks, Workbooks"
Male,Elementary,High,Advanced,Medium,32,86,4.7,Yes,Fluent,ICSE,19.39,"Textbooks, Workbooks"
Male,High School,Medium,Intermediate,High,60,90,1.0,Yes,Intermediate,IB,36.35,"Textbooks, Workbooks"
Male,Elementary,Medium,Beginner,Medium,81,71,1.1,No,Basic,ICSE,42.32,"Textbooks, Workbooks"
Male,High School,Low,Advanced,Low,94,95,8.7,Yes,Basic,ICSE,50.6,"Educational Apps, Science Kits"
Male,High School,Medium,Intermediate,Medium,34,80,6.4,Yes,Fluent,IB,26.45,"Textbooks, Workbooks"
Male,Elementary,Medium,Beginner,High,34,78,6.5,Yes,Basic,IB,18.88,"Textbooks, Workbooks"
Male,High School,Medium,Intermediate,Low,95,62,4.0,Yes,Intermediate,State Board,47.21,"Textbooks, Workbooks"
Male,Elementary,Medium,Advanced,Low,44,76,4.1,Yes,Intermediate,CBSE,35.55,"Textbooks, Workbooks"
Female,Elementary,Medium,Intermediate,High,94,89,3.0,Yes,Basic,IB,48.32,"Textbooks, Workbooks"
Female,High School,High,Beginner,High,50,95,4.3,Yes,Intermediate,CBSE,33.12,"Textbooks, Workbooks"
Female,High School,Low,Advanced,High,40,68,5.9,Yes,Basic,State Board,25.93,"Textbooks, Workbooks"
Female,High School,Medium,Beginner,High,71,93,1.9,Yes,Fluent,IB,38.54,"Textbooks, Workbooks"
Male,High School,High,Advanced,Low,95,88,2.6,Yes,Intermediate,State Board,51.65,"Educational Apps, Science Kits"
Female,Elementary,Medium,Intermediate,Medium,90,69,4.9,Yes,Basic,State Board,43.51,"Textbooks, Workbooks"
Female,Elementary,Medium,Beginner,Medium,89,68,3.8,Yes,Fluent,CBSE,39.66,"Textbooks, Workbooks"
Male,Elementary,Medium,Beginner,High,43,99,8.2,No,Fluent,ICSE,46.03,"Textbooks, Workbooks"
Female,High School,High,Intermediate,High,34,70,8.2,Yes,Basic,State Board,24.69,"Textbooks, Workbooks"
Female,Elementary,Low,Beginner,High,60,78,3.4,Yes,Fluent,IB,31.21,"Textbooks, Workbooks"
Male,Elementary,Medium,Beginner,Medium,77,81,4.5,Yes,Fluent,CBSE,39.31,"Textbooks, Workbooks"
Male,High School,Low,Beginner,Low,61,81,9.8,Yes,Basic,ICSE,42.47,"Textbooks, Workbooks"
Male,High School,Low,Beginner,Medium,86,75,8.3,Yes,Fluent,ICSE,46.61,"Textbooks, Workbooks"
Female,High School,Medium,Intermediate,Medium,63,76,2.2,No,Intermediate,CBSE,33.24,"Textbooks, Workbooks"
Female,Elementary,Low,Beginner,Low,56,99,2.8,No,Intermediate,ICSE,37.2,"Textbooks, Workbooks"
Male,High School,High,Beginner,High,34,66,0.8,Yes,Basic,CBSE,18.19,"Textbooks, Workbooks"
Male,Elementary,High,Beginner,Low,46,90,6.8,No,Fluent,ICSE,37.24,"Textbooks, Workbooks"
Female,Elementary,Medium,Advanced,Low,98,63,3.2,Yes,Basic,ICSE,49.18,"Textbooks, Workbooks"
Male,Elementary,Medium,Advanced,Medium,85,88,5.4,Yes,Fluent,State Board,44.57,"Textbooks, Workbooks"
Female,Elementary,Medium,Intermediate,High,67,66,7.7,Yes,Fluent,IB,40.48,"Textbooks, Workbooks"
Male,Elementary,High,Intermediate,Medium,83,89,8.4,Yes,Basic,ICSE,48.38,"Textbooks, Workbooks"
Male,High School,Medium,Intermediate,High,77,62,3.3,Yes,Intermediate,ICSE,40.82,"Textbooks, Workbooks"
Female,Elementary,Low,Beginner,Medium,78,84,2.4,Yes,Fluent,IB,41.56,"Textbooks, Workbooks"
Male,High School,High,Advanced,Low,70,93,8.5,Yes,Fluent,IB,49.77,"Textbooks, Workbooks"
Male,Elementary,High,Advanced,Low,51,92,3.8,Yes,Intermediate,IB,45.42,"Textbooks, Workbooks"
Male,Elementary,Medium,Intermediate,High,86,90,8.2,Yes,Intermediate,ICSE,53.22,"Educational Apps, Science Kits"
Female,High School,High,Advanced,Medium,95,83,1.5,Yes,Fluent,State Board,50.14,"Educational Apps, Science Kits"
Male,Elementary,High,Intermediate,High,48,97,9.1,Yes,Fluent,State Board,37.61,"Textbooks, Workbooks"
Male,Elementary,Medium,Beginner,Medium,31,63,4.8,Yes,Fluent,IB,22.09,"Textbooks, Workbooks"
Male,High School,Medium,Advanced,Medium,62,69,1.7,No,Intermediate,CBSE,34.17,"Textbooks, Workbooks"
Male,High School,High,Beginner,Medium,88,84,5.4,No,Fluent,ICSE,42.81,"Textbooks, Workbooks"
Male,Elementary,Medium,Beginner,Low,35,96,8.7,No,Fluent,State Board,39.09,"Textbooks, Workbooks"
Male,Elementary,Medium,Advanced,Medium,40,60,3.9,Yes,Fluent,CBSE,29.42,"Textbooks, Workbooks"
Female,Elementary,Low,Intermediate,Medium,56,76,1.8,Yes,Intermediate,CBSE,30.24,"Textbooks, Workbooks"
Female,High School,High,Advanced,High,74,66,5.8,Yes,Fluent,CBSE,42.76,"Textbooks, Workbooks"
Male,Elementary,High,Beginner,Low,60,73,8.3,No,Intermediate,State Board,48.0,"Textbooks, Workbooks"
Female,High School,Low,Intermediate,Low,92,60,1.2,Yes,Basic,ICSE,42.34,"Textbooks, Workbooks"
Female,High School,High,Beginner,Low,73,65,0.4,Yes,Fluent,ICSE,38.25,"Textbooks, Workbooks"
Male,Elementary,High,Intermediate,Low,70,98,0.6,Yes,Basic,CBSE,41.12,"Textbooks, Workbooks"
Female,High School,High,Advanced,Medium,76,69,2.3,Yes,Intermediate,ICSE,39.79,"Textbooks, Workbooks"
Female,Elementary,Low,Beginner,High,98,80,0.1,Yes,Fluent,ICSE,45.6,"Textbooks, Workbooks"
Female,Elementary,Medium,Intermediate,Medium,31,62,4.3,Yes,Intermediate,State Board,32.83,"Textbooks, Workbooks"
Female,High School,Medium,Intermediate,High,44,78,7.0,Yes,Intermediate,CBSE,25.03,"Textbooks, Workbooks"
Female,High School,Medium,Advanced,Medium,49,87,7.1,Yes,Fluent,ICSE,38.41,"Textbooks, Workbooks"
Female,High School,Medium,Intermediate,Low,32,61,6.4,Yes,Fluent,IB,25.28,"Textbooks, Workbooks"
Female,High School,High,Intermediate,Low,68,86,3.0,Yes,Intermediate,ICSE,44.08,"Textbooks, Workbooks"
Female,High School,Medium,Beginner,Low,39,91,7.4,Yes,Basic,ICSE,38.79,"Textbooks, Workbooks"
Male,High School,High,Advanced,Medium,69,71,5.8,No,Fluent,CBSE,42.85,"Textbooks, Workbooks"
Male,Elementary,Low,Advanced,Medium,42,60,8.6,Yes,Intermediate,ICSE,27.47,"Textbooks, Workbooks"
Female,Elementary,Medium,Beginner,High,73,99,4.8,Yes,Fluent,CBSE,50.45,"Educational Apps, Science Kits"
Female,Elementary,Low,Beginner,High,61,88,1.8,Yes,Fluent,State Board,34.76,"Textbooks, Workbooks"
Male,High School,Medium,Beginner,Medium,59,68,6.3,Yes,Intermediate,IB,41.18,"Textbooks, Workbooks"
Female,High School,Medium,Intermediate,High,30,77,1.5,No,Intermediate,State Board,25.4,"Textbooks, Workbooks"
Female,High School,High,Advanced,Medium,82,95,9.6,Yes,Basic,State Board,52.04,"Educational Apps, Science Kits"
Male,Elementary,Medium,Advanced,Low,73,75,7.0,Yes,Fluent,State Board,41.02,"Textbooks, Workbooks"
Male,Elementary,Medium,Advanced,High,64,94,7.6,Yes,Basic,IB,34.68,"Textbooks, Workbooks"
Male,High School,Medium,Intermediate,Low,69,95,6.8,No,Basic,CBSE,52.51,"Educational Apps, Science Kits"
Female,High School,Low,Advanced,High,74,63,1.0,Yes,Basic,CBSE,37.59,"Textbooks, Workbooks"
Female,High School,Low,Advanced,Medium,89,99,4.7,Yes,Basic,CBSE,48.34,"Textbooks, Workbooks"
Male,High School,Medium,Advanced,Medium,92,94,6.5,Yes,Basic,IB,53.82,"Educational Apps, Science Kits"
Male,Elementary,Medium,Advanced,Medium,39,78,2.3,Yes,Basic,IB,26.25,"Textbooks, Workbooks"
Female,Elementary,High,Beginner,High,76,65,6.8,Yes,Basic,CBSE,38.17,"Textbooks, Workbooks"
Male,Elementary,Medium,Intermediate,Low,53,90,8.2,Yes,Intermediate,CBSE,36.73,"Textbooks, Workbooks"
Female,High School,High,Advanced,Low,86,86,2.7,No,Basic,CBSE,43.23,"Textbooks, Workbooks"
Female,Elementary,Medium,Advanced,Medium,47,62,2.0,Yes,Intermediate,ICSE,25.32,"Textbooks, Workbooks"
Male,High School,High,Advanced,Low,86,95,8.8,Yes,Intermediate,ICSE,52.62,"Educational Apps, Science Kits"
Male,High School,Medium,Advanced,Medium,75,95,0.1,Yes,Intermediate,ICSE,45.83,"Textbooks, Workbooks"
Female,High School,Medium,Advanced,High,72,61,2.6,Yes,Intermediate,ICSE,37.81,"Textbooks, Workbooks"
Male,Elementary,Medium,Beginner,High,45,96,4.1,Yes,Intermediate,ICSE,33.71,"Textbooks, Workbooks"
Male,Elementary,High,Beginner,High,43,74,6.7,No,Fluent,ICSE,22.83,"Textbooks, Workbooks"
Male,High School,Medium,Intermediate,High,38,96,10.0,Yes,Intermediate,CBSE,38.85,"Textbooks, Workbooks"
Male,Elementary,Medium,Intermediate,High,98,82,3.7,Yes,Fluent,State Board,46.43,"Textbooks, Workbooks"
Female,High School,Medium,Advanced,High,90,65,9.5,Yes,Fluent,IB,49.77,"Textbooks, Workbooks"
Female,High School,Medium,Advanced,Low,40,92,3.7,Yes,Intermediate,ICSE,33.54,"Textbooks, Workbooks"
Female,High School,Medium,Beginner,Medium,48,64,7.0,Yes,Intermediate,State Board,31.07,"Textbooks, Workbooks"
Female,Elementary,Low,Intermediate,High,93,80,1.7,Yes,Intermediate,ICSE,42.26,"Textbooks, Workbooks"
Male,Elementary,Medium,Advanced,Medium,67,87,4.6,No,Fluent,State Board,42.04,"Textbooks, Workbooks"
Male,High School,Medium,Advanced,High,39,80,8.7,Yes,Fluent,CBSE,28.57,"Textbooks, Workbooks"
Female,Elementary,Low,Advanced,Low,45,83,3.2,No,Basic,IB,40.97,"Textbooks, Workbooks"
Female,Elementary,Medium,Intermediate,High,98,87,1.1,Yes,Intermediate,ICSE,48.28,"Textbooks, Workbooks"
Male,Elementary,Low,Beginner,Medium,71,70,5.2,Yes,Basic,IB,42.01,"Textbooks, Workbooks"
Female,Elementary,High,Beginner,Low,73,81,4.4,Yes,Fluent,CBSE,41.02,"Textbooks, Workbooks"
Female,High School,Medium,Advanced,Low,82,93,2.3,Yes,Fluent,ICSE,41.37,"Textbooks, Workbooks"
Male,Elementary,High,Advanced,Low,64,96,9.1,Yes,Fluent,IB,52.99,"Educational Apps, Science Kits"
Female,High School,Medium,Advanced,High,65,76,6.0,No,Basic,IB,34.43,"Textbooks, Workbooks"
Male,High School,High,Advanced,Medium,51,74,3.5,Yes,Basic,ICSE,32.17,"Textbooks, Workbooks"
Male,Elementary,Medium,Advanced,High,53,88,10.0,No,Intermediate,CBSE,39.6,"Textbooks, Workbooks"
Female,High School,Medium,Intermediate,Medium,41,93,1.4,No,Basic,IB,28.55,"Textbooks, Workbooks"
Male,High School,Medium,Beginner,High,64,81,8.5,No,Intermediate,ICSE,38.9,"Textbooks, Workbooks"
Female,Elementary,High,Intermediate,Medium,79,86,2.3,Yes,Intermediate,ICSE,41.04,"Textbooks, Workbooks"
Male,High School,Medium,Intermediate,Low,69,97,2.4,No,Basic,IB,43.23,"Textbooks, Workbooks"
Female,High School,Medium,Advanced,Low,51,74,5.0,No,Basic,IB,34.43,"Textbooks, Workbooks"
Female,Elementary,Low,Intermediate,High,76,80,6.6,Yes,Intermediate,IB,45.67,"Textbooks, Workbooks"
Female,Elementary,Medium,Beginner,Medium,95,63,6.9,No,Basic,ICSE,46.46,"Textbooks, Workbooks"
Male,Elementary,Medium,Advanced,Low,39,77,0.2,Yes,Intermediate,ICSE,29.46,"Textbooks, Workbooks"
Male,Elementary,Low,Beginner,Low,72,66,2.9,Yes,Fluent,CBSE,30.9,"Textbooks, Workbooks"
Female,Elementary,Medium,Intermediate,Low,98,75,6.6,Yes,Fluent,State Board,49.94,"Textbooks, Workbooks"
Male,High School,Medium,Advanced,High,54,94,8.9,Yes,Intermediate,State Board,39.94,"Textbooks, Workbooks"
Female,High School,High,Beginner,Medium,76,71,6.7,Yes,Fluent,State Board,41.6,"Textbooks, Workbooks"
Female,Elementary,Low,Beginner,Medium,36,66,2.7,Yes,Basic,IB,24.09,"Textbooks, Workbooks"
Male,Elementary,Medium,Advanced,High,57,69,5.1,Yes,Intermediate,CBSE,33.98,"Textbooks, Workbooks"
Female,High School,High,Beginner,Medium,74,60,6.5,Yes,Intermediate,State Board,42.54,"Textbooks, Workbooks"
Male,Elementary,Medium,Advanced,High,96,71,1.4,No,Fluent,CBSE,42.97,"Textbooks, Workbooks"
Female,Elementary,Medium,Advanced,Medium,41,86,5.4,Yes,Intermediate,CBSE,30.62,"Textbooks, Workbooks"
Male,High School,High,Intermediate,High,40,87,4.7,Yes,Fluent,State Board,36.75,"Textbooks, Workbooks"
Female,High School,Medium,Beginner,Low,32,77,3.4,No,Intermediate,State Board,30.29,"Textbooks, Workbooks"
Female,High School,Medium,Advanced,High,90,60,6.2,Yes,Basic,State Board,45.36,"Textbooks, Workbooks"
Male,Elementary,High,Intermediate,Medium,95,82,6.4,Yes,Fluent,IB,51.38,"Educational Apps, Science Kits"
Female,High School,High,Intermediate,Low,85,98,9.7,Yes,Basic,CBSE,46.45,"Textbooks, Workbooks"
Female,Elementary,Medium,Advanced,Medium,55,76,4.3,No,Intermediate,CBSE,33.64,"Textbooks, Workbooks"
Male,High School,Low,Advanced,Medium,63,60,5.3,Yes,Fluent,ICSE,38.01,"Textbooks, Workbooks"
Female,Elementary,Medium,Beginner,Low,84,97,1.6,Yes,Basic,IB,48.03,"Textbooks, Workbooks"
Male,Elementary,Low,Beginner,Medium,45,63,5.5,Yes,Intermediate,ICSE,25.47,"Textbooks, Workbooks"
Female,Elementary,Low,Beginner,High,68,74,0.4,Yes,Fluent,CBSE,29.57,"Textbooks, Workbooks"
Male,High School,Medium,Advanced,Medium,35,80,1.5,Yes,Basic,State Board,29.1,"Textbooks, Workbooks"
Female,High School,High,Intermediate,Medium,81,80,1.7,Yes,Fluent,ICSE,46.07,"Textbooks, Workbooks"
Female,High School,High,Intermediate,Low,54,81,6.3,Yes,Intermediate,CBSE,39.81,"Textbooks, Workbooks"
Female,Elementary,Medium,Advanced,Low,85,73,5.7,Yes,Basic,State Board,53.62,"Educational Apps, Science Kits"
Male,High School,Medium,Beginner,Medium,48,94,8.0,Yes,Intermediate,ICSE,43.99,"Textbooks, Workbooks"
Male,High School,Low,Intermediate,High,56,63,4.6,Yes,Basic,IB,29.91,"Textbooks, Workbooks"
Male,Elementary,Medium,Intermediate,High,34,94,4.7,Yes,Intermediate,CBSE,36.5,"Textbooks, Workbooks"
Male,Elementary,Low,Beginner,Medium,55,91,1.6,No,Intermediate,IB,31.53,"Textbooks, Workbooks"
Female,High School,High,Intermediate,Medium,59,87,7.4,Yes,Fluent,IB,41.88,"Textbooks, Workbooks"
Female,High School,Low,Beginner,Medium,64,71,0.0,Yes,Fluent,CBSE,27.87,"Textbooks, Workbooks"
Male,High School,High,Intermediate,Medium,82,89,4.2,Yes,Basic,IB,50.08,"Educational Apps, Science Kits"
Male,Elementary,Medium,Intermediate,Medium,97,68,1.9,Yes,Basic,CBSE,43.33,"Textbooks, Workbooks"
Male,High School,Medium,Intermediate,High,62,78,7.7,Yes,Intermediate,CBSE,49.77,"Textbooks, Workbooks"
Female,Elementary,Low,Beginner,Low,99,75,6.7,Yes,Fluent,State Board,52.54,"Educational Apps, Science Kits"
Male,Elementary,Medium,Intermediate,High,57,89,7.1,Yes,Intermediate,ICSE,39.71,"Textbooks, Workbooks"
Male,High School,High,Intermediate,Low,65,60,1.5,Yes,Intermediate,CBSE,29.36,"Textbooks, Workbooks"
Female,High School,High,Intermediate,Medium,78,82,6.7,Yes,Basic,ICSE,47.23,"Textbooks, Workbooks"
Female,Elementary,Medium,Advanced,High,82,71,6.9,Yes,Intermediate,CBSE,46.46,"Textbooks, Workbooks"
Male,Elementary,Medium,Intermediate,Medium,98,64,0.0,Yes,Intermediate,IB,40.84,"Textbooks, Workbooks"
Female,High School,Medium,Intermediate,Low,31,79,3.2,Yes,Fluent,ICSE,32.95,"Textbooks, Workbooks"
Male,High School,High,Beginner,Low,93,62,0.9,Yes,Intermediate,CBSE,39.34,"Textbooks, Workbooks"
Female,High School,High,Beginner,Medium,50,61,6.8,Yes,Intermediate,CBSE,26.49,"Textbooks, Workbooks"
Male,Elementary,Medium,Advanced,Low,64,79,2.1,Yes,Intermediate,State Board,35.73,"Textbooks, Workbooks"
Male,Elementary,Medium,Beginner,Medium,75,61,2.6,Yes,Basic,IB,37.4,"Textbooks, Workbooks"
Male,High School,Medium,Beginner,Medium,77,99,0.8,Yes,Fluent,CBSE,41.78,"Textbooks, Workbooks"
Male,Elementary,Medium,Beginner,High,51,94,4.8,No,Basic,IB,39.44,"Textbooks, Workbooks"
Female,Elementary,Low,Advanced,Low,35,63,0.3,Yes,Basic,ICSE,23.11,"Textbooks, Workbooks"
Female,High School,Medium,Advanced,Medium,62,95,8.5,Yes,Fluent,IB,49.52,"Textbooks, Workbooks"
Female,Elementary,High,Intermediate,Medium,68,99,0.3,Yes,Basic,CBSE,44.37,"Textbooks, Workbooks"
Female,High School,Medium,Intermediate,Medium,72,65,0.6,Yes,Intermediate,IB,38.43,"Textbooks, Workbooks"
Male,High School,Low,Beginner,Low,54,73,6.4,No,Basic,State Board,38.72,"Textbooks, Workbooks"
Male,Elementary,High,Intermediate,Medium,47,74,9.2,Yes,Basic,State Board,29.23,"Textbooks, Workbooks"
Female,Elementary,Medium,Intermediate,Medium,70,96,8.9,Yes,Intermediate,IB,50.1,"Educational Apps, Science Kits"
Female,High School,Medium,Advanced,Low,64,92,0.8,Yes,Intermediate,State Board,40.45,"Textbooks, Workbooks"
Female,Elementary,Medium,Advanced,High,53,78,2.9,Yes,Basic,IB,39.72,"Textbooks, Workbooks"
Female,High School,Medium,Intermediate,High,84,71,5.2,No,Basic,State Board,41.73,"Textbooks, Workbooks"
Female,Elementary,Medium,Intermediate,Low,69,68,0.3,Yes,Intermediate,CBSE,31.61,"Textbooks, Workbooks"
Male,Elementary,Medium,Intermediate,Medium,58,78,5.3,Yes,Fluent,CBSE,35.18,"Textbooks, Workbooks"
Male,Elementary,High,Beginner,Medium,39,91,4.5,Yes,Intermediate,IB,31.98,"Textbooks, Workbooks"
Male,High School,Medium,Advanced,Low,39,87,5.9,Yes,Fluent,ICSE,28.2,"Textbooks, Workbooks"
Female,Elementary,High,Intermediate,Medium,93,87,9.2,Yes,Intermediate,CBSE,47.56,"Textbooks, Workbooks"
Female,High School,Low,Intermediate,High,58,90,2.7,No,Intermediate,ICSE,34.14,"Textbooks, Workbooks"
Female,High School,High,Beginner,Medium,47,95,6.4,Yes,Fluent,CBSE,30.92,"Textbooks, Workbooks"
Female,High School,Medium,Advanced,High,31,72,4.3,Yes,Fluent,IB,18.61,"Textbooks, Workbooks"
Male,Elementary,Medium,Beginner,Medium,54,92,4.4,No,Fluent,IB,34.18,"Textbooks, Workbooks"
Male,High School,Medium,Beginner,Low,80,77,6.5,Yes,Basic,IB,45.26,"Textbooks, Workbooks"
Female,High School,Medium,Intermediate,Low,51,88,9.5,No,Fluent,ICSE,38.6,"Textbooks, Workbooks"
Male,Elementary,Low,Beginner,High,38,98,8.6,Yes,Intermediate,ICSE,39.31,"Textbooks, Workbooks"
Male,High School,High,Beginner,Medium,33,67,6.4,Yes,Intermediate,ICSE,21.11,"Textbooks, Workbooks"
Female,High School,Low,Intermediate,Low,50,81,4.6,Yes,Intermediate,IB,37.81,"Textbooks, Workbooks"
Female,Elementary,Low,Advanced,Medium,59,60,4.2,Yes,Basic,IB,32.13,"Textbooks, Workbooks"
Female,High School,Medium,Intermediate,High,62,90,7.9,Yes,Fluent,State Board,48.81,"Textbooks, Workbooks"
Female,Elementary,High,Advanced,High,72,79,2.2,Yes,Fluent,CBSE,39.62,"Textbooks, Workbooks"
Female,High School,Low,Beginner,Low,31,95,5.9,Yes,Basic,IB,30.85,"Textbooks, Workbooks"
Female,High School,High,Beginner,Low,60,82,5.0,Yes,Fluent,ICSE,36.89,"Textbooks, Workbooks"
Male,Elementary,High,Intermediate,High,33,76,6.5,Yes,Intermediate,State Board,30.16,"Textbooks, Workbooks"
Male,High School,Medium,Intermediate,High,76,69,1.9,No,Fluent,CBSE,42.73,"Textbooks, Workbooks"
Female,High School,Medium,Intermediate,Medium,74,68,7.0,No,Basic,ICSE,45.23,"Textbooks, Workbooks"
Male,High School,High,Beginner,High,94,76,6.3,Yes,Basic,IB,50.34,"Educational Apps, Science Kits"
Female,Elementary,Medium,Beginner,Low,95,62,1.8,No,Fluent,State Board,42.79,"Textbooks, Workbooks"
Female,Elementary,Medium,Advanced,Low,35,92,4.5,Yes,Basic,ICSE,31.46,"Textbooks, Workbooks"
Female,Elementary,High,Intermediate,Low,36,60,6.8,Yes,Fluent,IB,36.67,"Textbooks, Workbooks"
Female,Elementary,High,Beginner,Low,80,79,9.0,Yes,Fluent,IB,50.09,"Educational Apps, Science Kits"
Male,Elementary,High,Advanced,High,97,61,1.2,Yes,Intermediate,ICSE,47.99,"Textbooks, Workbooks"
Female,High School,Medium,Intermediate,Medium,47,75,0.1,Yes,Fluent,State Board,30.91,"Textbooks, Workbooks"
Male,Elementary,Medium,Intermediate,Low,70,68,1.7,Yes,Fluent,ICSE,37.87,"Textbooks, Workbooks"
Female,Elementary,Medium,Advanced,High,98,73,9.9,Yes,Intermediate,IB,42.55,"Textbooks, Workbooks"
Female,Elementary,Medium,Advanced,High,54,60,7.7,Yes,Intermediate,ICSE,30.33,"Textbooks, Workbooks"
Female,High School,Medium,Advanced,Low,85,94,6.1,Yes,Fluent,CBSE,49.35,"Textbooks, Workbooks"
Male,High School,Medium,Beginner,Medium,30,77,1.3,Yes,Intermediate,State Board,24.28,"Textbooks, Workbooks"
Female,Elementary,Medium,Intermediate,High,84,60,4.2,Yes,Basic,CBSE,42.69,"Textbooks, Workbooks"
Female,High School,High,Intermediate,High,32,64,7.2,Yes,Fluent,IB,29.96,"Textbooks, Workbooks"
Female,High School,High,Advanced,High,83,70,9.0,Yes,Basic,CBSE,41.5,"Textbooks, Workbooks"
Male,High School,High,Beginner,Low,61,97,3.8,Yes,Fluent,IB,40.55,"Textbooks, Workbooks"
Male,High School,Low,Advanced,Medium,31,83,10.0,Yes,Intermediate,IB,33.08,"Textbooks, Workbooks"
Male,Elementary,Low,Beginner,High,94,98,1.4,Yes,Intermediate,State Board,50.9,"Educational Apps, Science Kits"
Female,Elementary,High,Intermediate,High,37,91,3.9,Yes,Intermediate,ICSE,25.64,"Textbooks, Workbooks"
Male,High School,Medium,Intermediate,Low,87,75,8.8,Yes,Fluent,IB,49.08,"Textbooks, Workbooks"
Female,High School,Medium,Beginner,Low,82,62,6.5,Yes,Basic,CBSE,34.84,"Textbooks, Workbooks"
Male,High School,Low,Intermediate,High,73,67,8.1,Yes,Fluent,ICSE,35.75,"Textbooks, Workbooks"
Male,High School,Medium,Intermediate,Medium,57,91,9.1,Yes,Basic,CBSE,49.69,"Textbooks, Workbooks"
Female,Elementary,Medium,Advanced,Medium,48,81,5.1,Yes,Intermediate,CBSE,33.2,"Textbooks, Workbooks"
Male,High School,High,Beginner,Medium,85,76,2.3,Yes,Basic,CBSE,38.38,"Textbooks, Workbooks"
Female,Elementary,High,Intermediate,Medium,49,86,6.9,Yes,Fluent,IB,28.66,"Textbooks, Workbooks"
Female,High School,Medium,Intermediate,Medium,85,62,5.6,Yes,Fluent,ICSE,42.25,"Textbooks, Workbooks"
Male,Elementary,Medium,Beginner,Medium,64,85,7.7,Yes,Intermediate,IB,48.79,"Textbooks, Workbooks"
Female,High School,High,Intermediate,Low,48,94,5.1,Yes,Fluent,ICSE,35.66,"Textbooks, Workbooks"
Female,Elementary,Medium,Beginner,High,92,72,8.1,Yes,Basic,ICSE,51.63,"Educational Apps, Science Kits"
Male,Elementary,Medium,Beginner,High,36,76,9.0,Yes,Basic,ICSE,28.96,"Textbooks, Workbooks"
Male,Elementary,High,Advanced,High,56,89,7.5,Yes,Intermediate,State Board,36.32,"Textbooks, Workbooks"
Female,High School,High,Beginner,High,68,88,7.4,Yes,Intermediate,State Board,43.83,"Textbooks, Workbooks"
Male,Elementary,High,Advanced,Medium,59,73,5.9,Yes,Basic,IB,35.91,"Textbooks, Workbooks"
Female,High School,Medium,Intermediate,Low,52,89,4.7,Yes,Basic,State Board,35.45,"Textbooks, Workbooks"
Female,Elementary,Medium,Beginner,Low,52,96,9.7,No,Fluent,CBSE,42.38,"Textbooks, Workbooks"
Male,Elementary,High,Advanced,Low,76,97,6.5,Yes,Basic,ICSE,49.83,"Textbooks, Workbooks"
Male,High School,Low,Beginner,Medium,77,68,8.4,Yes,Fluent,ICSE,35.44,"Textbooks, Workbooks"
Male,Elementary,High,Intermediate,Medium,92,91,5.1,Yes,Fluent,State Board,47.99,"Textbooks, Workbooks"
Male,High School,Low,Advanced,High,38,63,5.5,No,Fluent,CBSE,30.56,"Textbooks, Workbooks"
Female,High School,High,Advanced,Medium,52,65,6.6,Yes,Fluent,CBSE,31.05,"Textbooks, Workbooks"
Female,High School,Medium,Advanced,Medium,92,60,7.3,No,Intermediate,CBSE,52.91,"Educational Apps, Science Kits"
Male,High School,Low,Intermediate,Medium,76,84,4.5,Yes,Fluent,State Board,45.99,"Textbooks, Workbooks"
Male,Elementary,Medium,Advanced,Low,95,99,3.6,Yes,Fluent,IB,47.78,"Textbooks, Workbooks"
Female,Elementary,Medium,Intermediate,High,66,97,2.4,Yes,Fluent,CBSE,37.72,"Textbooks, Workbooks"
Female,High School,Medium,Intermediate,Medium,67,62,4.2,Yes,Fluent,IB,34.61,"Textbooks, Workbooks"
Female,Elementary,Medium,Beginner,Low,30,80,2.1,Yes,Basic,ICSE,21.54,"Textbooks, Workbooks"
Female,Elementary,High,Intermediate,High,77,73,4.2,Yes,Basic,State Board,39.1,"Textbooks, Workbooks"
Male,High School,Medium,Advanced,Medium,64,89,8.7,Yes,Basic,CBSE,39.22,"Textbooks, Workbooks"
Female,Elementary,Medium,Advanced,Medium,82,61,9.8,Yes,Fluent,ICSE,44.78,"Textbooks, Workbooks"
Female,High School,Low,Intermediate,Medium,54,81,5.8,No,Intermediate,State Board,38.26,"Textbooks, Workbooks"
Male,Elementary,High,Intermediate,High,71,72,1.5,Yes,Intermediate,ICSE,39.24,"Textbooks, Workbooks"
Female,Elementary,Low,Beginner,Low,52,84,4.3,Yes,Fluent,CBSE,35.75,"Textbooks, Workbooks"
Female,High School,Medium,Beginner,High,38,70,6.0,Yes,Intermediate,IB,21.27,"Textbooks, Workbooks"
Male,Elementary,High,Advanced,High,56,69,3.7,Yes,Basic,State Board,34.32,"Textbooks, Workbooks"
Male,Elementary,Medium,Intermediate,Medium,80,96,2.1,Yes,Basic,ICSE,42.45,"Textbooks, Workbooks"
Male,High School,Medium,Advanced,Medium,86,84,2.3,Yes,Intermediate,ICSE,45.17,"Textbooks, Workbooks"
Female,Elementary,Medium,Intermediate,High,65,94,4.7,Yes,Intermediate,IB,38.01,"Textbooks, Workbooks"
Female,High School,High,Advanced,Medium,63,78,2.2,Yes,Fluent,ICSE,32.1,"Textbooks, Workbooks"
Male,Elementary,Medium,Advanced,High,42,87,2.5,Yes,Basic,CBSE,29.38,"Textbooks, Workbooks"
Male,High School,High,Advanced,Medium,84,69,8.7,Yes,Intermediate,IB,51.1,"Educational Apps, Science Kits"
Female,High School,High,Intermediate,Medium,75,74,7.8,Yes,Intermediate,CBSE,30.27,"Textbooks, Workbooks"
Male,High School,Medium,Beginner,Medium,81,91,0.6,Yes,Fluent,CBSE,45.32,"Textbooks, Workbooks"
Male,High School,High,Beginner,Medium,57,62,3.2,Yes,Basic,CBSE,36.66,"Textbooks, Workbooks"
Male,High School,Medium,Intermediate,Low,59,83,5.3,Yes,Intermediate,State Board,29.62,"Textbooks, Workbooks"
Female,Elementary,Medium,Beginner,High,74,69,0.6,Yes,Fluent,ICSE,35.06,"Textbooks, Workbooks"
Female,Elementary,Medium,Advanced,Medium,67,89,6.8,Yes,Fluent,State Board,39.28,"Textbooks, Workbooks"
Female,High School,High,Intermediate,High,49,92,3.8,Yes,Intermediate,ICSE,31.94,"Textbooks, Workbooks"
Female,Elementary,Medium,Intermediate,Low,99,84,4.0,No,Fluent,IB,49.21,"Textbooks, Workbooks"
Female,High School,Medium,Beginner,Medium,76,98,2.7,Yes,Basic,State Board,44.53,"Textbooks, Workbooks"
Female,Elementary,Medium,Beginner,High,88,98,3.3,Yes,Basic,ICSE,46.57,"Textbooks, Workbooks"
Male,Elementary,Medium,Advanced,High,43,84,8.6,Yes,Intermediate,CBSE,28.73,"Textbooks, Workbooks"
Female,High School,Low,Intermediate,High,71,97,7.9,Yes,Basic,IB,41.45,"Textbooks, Workbooks"
Female,High School,Medium,Beginner,High,90,71,9.4,Yes,Basic,IB,48.82,"Textbooks, Workbooks"
Male,Elementary,Medium,Intermediate,Low,88,63,7.0,No,Basic,CBSE,45.51,"Textbooks, Workbooks"
Female,Elementary,Medium,Advanced,High,37,87,5.8,Yes,Intermediate,State Board,29.29,"Textbooks, Workbooks"
Female,High School,Medium,Advanced,Low,86,79,2.6,Yes,Basic,ICSE,38.35,"Textbooks, Workbooks"
Male,Elementary,Medium,Advanced,Low,51,69,6.7,Yes,Fluent,IB,30.34,"Textbooks, Workbooks"
Male,Elementary,High,Intermediate,Low,50,90,9.1,Yes,Basic,ICSE,39.38,"Textbooks, Workbooks"
Male,High School,High,Intermediate,High,57,78,0.7,Yes,Basic,IB,25.23,"Textbooks, Workbooks"
Female,Elementary,Medium,Intermediate,Low,78,61,4.4,Yes,Basic,CBSE,38.86,"Textbooks, Workbooks"
Male,High School,Low,Intermediate,Low,52,63,1.5,Yes,Intermediate,CBSE,20.62,"Textbooks, Workbooks"
Female,High School,High,Intermediate,Low,83,74,8.1,Yes,Intermediate,State Board,42.17,"Textbooks, Workbooks"
Female,High School,High,Advanced,Medium,52,97,6.1,Yes,Fluent,IB,42.87,"Textbooks, Workbooks"
Female,Elementary,Medium,Advanced,High,97,92,8.8,Yes,Basic,CBSE,50.55,"Educational Apps, Science Kits"
Female,Elementary,Low,Advanced,Medium,75,77,0.6,Yes,Basic,CBSE,44.91,"Textbooks, Workbooks"
Male,High School,Low,Beginner,Medium,97,99,9.1,Yes,Basic,CBSE,55.96,"Educational Apps, Science Kits"
Male,High School,Low,Advanced,Low,57,91,0.7,No,Basic,ICSE,41.17,"Textbooks, Workbooks"
Female,Elementary,Low,Intermediate,Low,79,91,2.9,Yes,Fluent,IB,34.31,"Textbooks, Workbooks"
Male,Elementary,High,Advanced,Low,92,72,1.6,Yes,Fluent,State Board,50.13,"Educational Apps, Science Kits"
Female,Elementary,Medium,Beginner,Medium,39,75,1.5,No,Basic,ICSE,26.08,"Textbooks, Workbooks"
Female,High School,Medium,Beginner,Medium,66,92,1.7,Yes,Basic,State Board,38.0,"Textbooks, Workbooks"
Female,High School,High,Beginner,Low,42,93,4.8,Yes,Fluent,CBSE,29.97,"Textbooks, Workbooks"
Male,Elementary,High,Beginner,High,99,73,7.8,No,Basic,State Board,50.79,"Educational Apps, Science Kits"
Female,Elementary,High,Beginner,High,59,61,9.0,No,Basic,State Board,38.75,"Textbooks, Workbooks"
Female,Elementary,High,Intermediate,Low,40,72,5.7,Yes,Basic,CBSE,25.96,"Textbooks, Workbooks"
Male,High School,Medium,Advanced,Low,30,88,1.6,Yes,Intermediate,IB,22.2,"Textbooks, Workbooks"
Male,High School,High,Intermediate,High,47,93,0.8,Yes,Basic,IB,33.19,"Textbooks, Workbooks"
Male,Elementary,High,Intermediate,Low,40,76,4.9,Yes,Intermediate,ICSE,29.91,"Textbooks, Workbooks"
Male,Elementary,Low,Beginner,Medium,39,62,7.7,No,Basic,State Board,19.8,"Textbooks, Workbooks"
Female,High School,Medium,Advanced,Medium,77,89,6.2,Yes,Basic,IB,48.25,"Textbooks, Workbooks"
Male,High School,Medium,Advanced,High,90,63,5.8,Yes,Intermediate,ICSE,48.3,"Textbooks, Workbooks"
Female,Elementary,High,Advanced,Medium,39,90,0.5,No,Intermediate,ICSE,22.52,"Textbooks, Workbooks"
Male,Elementary,Medium,Beginner,Low,89,64,4.1,Yes,Intermediate,IB,39.33,"Textbooks, Workbooks"
Male,Elementary,Medium,Intermediate,Low,51,61,5.5,Yes,Intermediate,IB,26.84,"Textbooks, Workbooks"
Male,High School,Low,Advanced,Low,38,63,6.0,Yes,Fluent,State Board,34.08,"Textbooks, Workbooks"
Male,Elementary,Medium,Intermediate,Medium,44,97,0.0,No,Intermediate,IB,27.65,"Textbooks, Workbooks"
Male,High School,Low,Advanced,Medium,66,86,2.0,No,Fluent,IB,39.63,"Textbooks, Workbooks"
Male,High School,Medium,Advanced,High,99,86,9.5,Yes,Basic,ICSE,59.8,"Educational Apps, Science Kits"
Female,Elementary,High,Advanced,Medium,73,74,5.1,Yes,Basic,IB,43.66,"Textbooks, Workbooks"
Male,Elementary,Medium,Advanced,Medium,98,98,7.0,Yes,Fluent,CBSE,54.43,"Educational Apps, Science Kits"
Male,High School,Medium,Beginner,Medium,32,97,3.1,Yes,Basic,CBSE,33.18,"Textbooks, Workbooks"
Male,Elementary,Medium,Beginner,Low,39,73,5.9,Yes,Basic,IB,22.81,"Textbooks, Workbooks"
Male,High School,Low,Intermediate,High,33,77,3.6,Yes,Fluent,State Board,28.91,"Textbooks, Workbooks"
Female,Elementary,Medium,Beginner,Low,85,88,3.0,Yes,Basic,State Board,44.31,"Textbooks, Workbooks"
Male,Elementary,Low,Advanced,Low,69,66,4.1,Yes,Intermediate,CBSE,36.14,"Textbooks, Workbooks"
Male,Elementary,Medium,Intermediate,Low,62,97,4.6,Yes,Intermediate,State Board,41.27,"Textbooks, Workbooks"
Male,Elementary,Low,Intermediate,Medium,62,83,3.3,Yes,Intermediate,ICSE,42.25,"Textbooks, Workbooks"
Male,High School,Low,Intermediate,High,89,97,2.6,No,Fluent,CBSE,52.05,"Educational Apps, Science Kits"
Female,High School,Medium,Advanced,Low,50,65,6.2,No,Basic,IB,31.29,"Textbooks, Workbooks"
Male,High School,Medium,Advanced,Medium,98,79,3.8,Yes,Intermediate,CBSE,49.95,"Textbooks, Workbooks"
Female,Elementary,Low,Intermediate,Low,74,95,2.0,Yes,Fluent,CBSE,38.29,"Textbooks, Workbooks"
Male,High School,Medium,Beginner,High,86,69,7.6,Yes,Fluent,IB,45.0,"Textbooks, Workbooks"
Female,High School,High,Advanced,Medium,69,81,7.2,Yes,Intermediate,ICSE,43.67,"Textbooks, Workbooks"
Female,High School,High,Advanced,Medium,93,92,8.9,Yes,Basic,State Board,54.39,"Educational Apps, Science Kits"
Male,Elementary,Low,Beginner,Medium,39,82,5.6,Yes,Basic,ICSE,32.8,"Textbooks, Workbooks"
Male,High School,Medium,Intermediate,High,95,63,2.8,Yes,Fluent,IB,45.38,"Textbooks, Workbooks"
Female,Elementary,Medium,Beginner,Medium,94,80,8.6,Yes,Fluent,CBSE,49.64,"Textbooks, Workbooks"
Female,Elementary,Low,Advanced,Medium,59,72,2.8,Yes,Fluent,ICSE,31.27,"Textbooks, Workbooks"
Male,High School,High,Intermediate,Medium,64,72,6.6,No,Intermediate,IB,37.46,"Textbooks, Workbooks"
Female,Elementary,High,Intermediate,Medium,82,71,1.9,Yes,Basic,State Board,41.92,"Textbooks, Workbooks"
Female,High School,High,Beginner,Low,68,83,6.3,No,Intermediate,ICSE,42.67,"Textbooks, Workbooks"
Female,High School,High,Advanced,Medium,51,94,8.4,Yes,Basic,State Board,41.47,"Textbooks, Workbooks"
Male,High School,High,Advanced,Low,96,78,5.4,No,Fluent,IB,49.62,"Textbooks, Workbooks"
Female,High School,Medium,Intermediate,Medium,99,68,4.7,No,Basic,ICSE,48.08,"Textbooks, Workbooks"
Female,High School,Medium,Advanced,Medium,96,72,9.9,Yes,Intermediate,IB,49.02,"Textbooks, Workbooks"
Female,Elementary,High,Intermediate,Low,46,81,0.2,No,Fluent,State Board,29.71,"Textbooks, Workbooks"
Male,High School,Medium,Intermediate,Medium,48,99,3.3,Yes,Basic,ICSE,39.99,"Textbooks, Workbooks"
Male,Elementary,Medium,Intermediate,High,89,95,9.2,Yes,Intermediate,IB,48.32,"Textbooks, Workbooks"
Female,High School,Medium,Advanced,Medium,80,87,6.4,No,Fluent,CBSE,47.69,"Textbooks, Workbooks"
Male,High School,High,Beginner,Low,77,66,5.4,Yes,Basic,IB,45.23,"Textbooks, Workbooks"
Female,High School,Low,Intermediate,High,86,89,6.4,No,Basic,CBSE,44.97,"Textbooks, Workbooks"
Male,Elementary,Medium,Beginner,Medium,39,90,3.2,No,Intermediate,IB,31.41,"Textbooks, Workbooks"
Male,Elementary,High,Beginner,Low,61,70,0.7,No,Fluent,CBSE,31.29,"Textbooks, Workbooks"
Female,Elementary,High,Beginner,Medium,97,89,2.8,No,Basic,State Board,45.19,"Textbooks, Workbooks"
Male,Elementary,High,Beginner,Medium,57,74,3.4,Yes,Fluent,IB,33.99,"Textbooks, Workbooks"
Male,High School,Medium,Beginner,Medium,33,72,4.8,Yes,Fluent,CBSE,28.3,"Textbooks, Workbooks"
Male,High School,Low,Intermediate,Medium,90,94,3.9,Yes,Intermediate,IB,51.79,"Educational Apps, Science Kits"
Female,Elementary,High,Advanced,Medium,41,94,5.2,Yes,Fluent,State Board,34.19,"Textbooks, Workbooks"
Male,Elementary,Medium,Beginner,High,44,79,2.0,No,Fluent,ICSE,24.21,"Textbooks, Workbooks"
Male,Elementary,Medium,Advanced,Medium,58,82,1.8,Yes,Basic,ICSE,39.49,"Textbooks, Workbooks"
Female,High School,Medium,Advanced,High,42,96,3.5,Yes,Intermediate,ICSE,28.79,"Textbooks, Workbooks"
Male,Elementary,Medium,Intermediate,High,67,79,4.7,Yes,Fluent,ICSE,34.55,"Textbooks, Workbooks"
Male,Elementary,Medium,Beginner,Medium,87,78,3.4,Yes,Intermediate,State Board,46.83,"Textbooks, Workbooks"
Male,High School,Medium,Advanced,High,64,77,5.8,Yes,Fluent,State Board,42.35,"Textbooks, Workbooks"
Male,Elementary,Medium,Advanced,Low,69,63,3.1,Yes,Basic,State Board,31.86,"Textbooks, Workbooks"
Male,High School,High,Beginner,Low,34,67,1.8,Yes,Basic,IB,19.03,"Textbooks, Workbooks"
Female,High School,Medium,Intermediate,High,31,89,8.6,Yes,Intermediate,State Board,36.97,"Textbooks, Workbooks"
Female,High School,Medium,Intermediate,Low,59,79,2.0,Yes,Intermediate,ICSE,23.43,"Textbooks, Workbooks"
Male,High School,Medium,Beginner,Low,39,67,9.7,No,Fluent,IB,24.91,"Textbooks, Workbooks"
Male,High School,Medium,Advanced,Medium,67,64,9.9,Yes,Fluent,State Board,42.49,"Textbooks, Workbooks"
Male,Elementary,High,Intermediate,Medium,88,93,7.0,Yes,Basic,CBSE,46.81,"Textbooks, Workbooks"
Female,Elementary,Low,Intermediate,Medium,64,99,5.0,Yes,Basic,State Board,40.8,"Textbooks, Workbooks"
Female,High School,High,Advanced,Low,41,66,8.0,No,Basic,ICSE,24.27,"Textbooks, Workbooks"
Male,High School,Medium,Advanced,Low,71,81,8.7,Yes,Basic,ICSE,45.16,"Textbooks, Workbooks"
Male,Elementary,Medium,Advanced,Medium,78,68,7.1,Yes,Fluent,ICSE,40.45,"Textbooks, Workbooks"
Female,Elementary,Low,Advanced,Medium,96,70,1.0,Yes,Fluent,ICSE,45.51,"Textbooks, Workbooks"
Male,High School,Medium,Beginner,Medium,62,71,0.0,Yes,Fluent,IB,37.44,"Textbooks, Workbooks"
Female,Elementary,Medium,Advanced,Medium,42,67,1.9,No,Basic,ICSE,33.74,"Textbooks, Workbooks"
Female,Elementary,Medium,Intermediate,Medium,49,91,1.9,No,Fluent,ICSE,36.99,"Textbooks, Workbooks"
Male,High School,Medium,Advanced,Low,62,76,1.8,Yes,Intermediate,IB,35.39,"Textbooks, Workbooks"
Female,Elementary,High,Advanced,High,63,85,5.1,Yes,Basic,State Board,39.99,"Textbooks, Workbooks"
Male,Elementary,High,Beginner,Low,79,92,5.2,Yes,Fluent,CBSE,40.23,"Textbooks, Workbooks"
Male,Elementary,Medium,Beginner,Low,79,85,7.2,No,Fluent,IB,47.35,"Textbooks, Workbooks"
Male,Elementary,Medium,Advanced,High,38,81,2.0,Yes,Basic,CBSE,25.58,"Textbooks, Workbooks"
Male,High School,Medium,Beginner,Low,36,62,0.9,Yes,Fluent,CBSE,25.64,"Textbooks, Workbooks"
Male,Elementary,High,Beginner,Medium,38,90,6.7,Yes,Intermediate,IB,32.3,"Textbooks, Workbooks"
Male,High School,Medium,Beginner,Medium,55,73,4.8,Yes,Intermediate,ICSE,39.0,"Textbooks, Workbooks"
Female,Elementary,Medium,Beginner,Medium,31,77,6.7,No,Basic,IB,21.01,"Textbooks, Workbooks"
Female,High School,Medium,Advanced,Medium,34,93,3.8,Yes,Fluent,ICSE,32.58,"Textbooks, Workbooks"
Female,High School,Medium,Beginner,High,95,99,7.5,Yes,Intermediate,IB,58.56,"Educational Apps, Science Kits"
Female,Elementary,Medium,Beginner,Medium,39,76,6.8,Yes,Fluent,State Board,30.83,"Textbooks, Workbooks"
Male,High School,Low,Intermediate,Medium,60,71,6.5,No,Intermediate,CBSE,36.59,"Textbooks, Workbooks"
Female,High School,High,Advanced,High,62,98,0.3,Yes,Intermediate,IB,36.75,"Textbooks, Workbooks"
Female,High School,High,Beginner,Medium,35,92,8.6,Yes,Intermediate,CBSE,36.43,"Textbooks, Workbooks"
Female,High School,Medium,Intermediate,Medium,43,91,3.8,Yes,Basic,IB,37.97,"Textbooks, Workbooks"
Male,High School,Low,Beginner,Medium,44,80,1.4,Yes,Fluent,State Board,27.54,"Textbooks, Workbooks"
Female,Elementary,Medium,Advanced,Medium,72,73,7.6,Yes,Basic,IB,45.73,"Textbooks, Workbooks"
Male,High School,High,Intermediate,High,49,61,4.9,Yes,Intermediate,ICSE,28.25,"Textbooks, Workbooks"
Female,High School,High,Intermediate,Low,50,66,0.3,No,Basic,IB,28.23,"Textbooks, Workbooks"
Male,Elementary,Medium,Advanced,High,93,74,7.8,Yes,Basic,ICSE,48.32,"Textbooks, Workbooks"
Male,Elementary,Low,Intermediate,Medium,58,90,4.4,Yes,Fluent,IB,39.69,"Textbooks, Workbooks"
Female,High School,Medium,Intermediate,High,88,87,7.5,No,Basic,State Board,49.91,"Textbooks, Workbooks"
Male,Elementary,Medium,Beginner,Low,93,67,7.6,No,Fluent,CBSE,44.26,"Textbooks, Workbooks"
Male,Elementary,Medium,Intermediate,High,73,66,1.0,Yes,Intermediate,IB,32.83,"Textbooks, Workbooks"
Female,Elementary,High,Advanced,Low,63,95,6.1,Yes,Basic,ICSE,44.74,"Textbooks, Workbooks"
Female,Elementary,Medium,Beginner,High,76,69,3.6,Yes,Intermediate,State Board,36.71,"Textbooks, Workbooks"
Female,Elementary,Low,Intermediate,Medium,38,98,5.5,Yes,Intermediate,ICSE,29.07,"Textbooks, Workbooks"
Male,Elementary,High,Beginner,Medium,89,89,0.9,No,Basic,State Board,47.73,"Textbooks, Workbooks"
Male,High School,Low,Advanced,Medium,59,99,5.9,Yes,Intermediate,IB,44.21,"Textbooks, Workbooks"
Male,High School,High,Intermediate,Low,46,64,7.8,Yes,Basic,CBSE,28.67,"Textbooks, Workbooks"
Female,Elementary,Medium,Advanced,Medium,81,80,9.9,No,Fluent,IB,44.99,"Textbooks, Workbooks"
Male,Elementary,High,Advanced,Low,88,65,3.2,Yes,Intermediate,ICSE,43.76,"Textbooks, Workbooks"
Male,High School,Low,Intermediate,Medium,33,75,1.6,Yes,Fluent,State Board,28.13,"Textbooks, Workbooks"
Male,Elementary,Low,Intermediate,High,69,75,3.7,Yes,Intermediate,IB,36.5,"Textbooks, Workbooks"
Male,High School,Medium,Beginner,Low,36,83,0.2,No,Fluent,State Board,24.4,"Textbooks, Workbooks"
Male,Elementary,Medium,Advanced,Medium,67,78,4.1,Yes,Intermediate,ICSE,35.3,"Textbooks, Workbooks"
Male,High School,Medium,Intermediate,Medium,61,78,9.1,Yes,Fluent,State Board,46.83,"Textbooks, Workbooks"
Male,High School,High,Advanced,Low,98,96,1.9,Yes,Intermediate,IB,50.03,"Educational Apps, Science Kits"
Female,Elementary,High,Intermediate,High,96,92,4.8,Yes,Basic,ICSE,51.93,"Educational Apps, Science Kits"
Female,Elementary,Medium,Advanced,Medium,85,64,5.7,Yes,Intermediate,IB,42.51,"Textbooks, Workbooks"
Female,Elementary,Low,Beginner,Low,49,68,1.8,Yes,Intermediate,IB,27.82,"Textbooks, Workbooks"
Male,Elementary,High,Advanced,Low,93,80,3.3,Yes,Basic,IB,50.12,"Educational Apps, Science Kits"
Male,High School,High,Intermediate,Medium,46,66,9.1,No,Fluent,CBSE,33.84,"Textbooks, Workbooks"
Female,Elementary,Medium,Beginner,Medium,45,84,3.0,No,Fluent,State Board,34.89,"Textbooks, Workbooks"
Male,High School,High,Beginner,Low,40,80,6.4,Yes,Intermediate,ICSE,35.41,"Textbooks, Workbooks"
Female,Elementary,Low,Intermediate,Low,42,72,1.4,No,Intermediate,CBSE,25.03,"Textbooks, Workbooks"
Male,High School,Medium,Beginner,Medium,47,80,6.7,No,Basic,CBSE,31.04,"Textbooks, Workbooks"
Male,Elementary,Low,Advanced,Medium,43,69,2.8,Yes,Basic,CBSE,24.94,"Textbooks, Workbooks"
Female,Elementary,High,Advanced,Low,63,83,2.3,Yes,Basic,State Board,25.06,"Textbooks, Workbooks"
Female,High School,Medium,Intermediate,Medium,55,86,1.2,Yes,Fluent,IB,39.85,"Textbooks, Workbooks"
Female,Elementary,Medium,Advanced,High,71,92,0.5,Yes,Basic,ICSE,39.12,"Textbooks, Workbooks"
Female,Elementary,Low,Intermediate,High,90,85,9.7,No,Intermediate,ICSE,57.83,"Educational Apps, Science Kits"
Female,Elementary,Low,Beginner,High,68,95,4.1,No,Basic,CBSE,48.22,"Textbooks, Workbooks"
Male,Elementary,Low,Advanced,High,31,76,7.8,Yes,Basic,State Board,32.29,"Textbooks, Workbooks"
Male,Elementary,Medium,Intermediate,Low,86,80,9.2,Yes,Intermediate,CBSE,48.25,"Textbooks, Workbooks"
Male,High School,Medium,Advanced,Low,79,61,2.0,Yes,Fluent,CBSE,39.01,"Textbooks, Workbooks"
Female,Elementary,Medium,Beginner,Medium,45,74,8.7,Yes,Fluent,CBSE,34.21,"Textbooks, Workbooks"
Female,High School,High,Beginner,Medium,91,61,7.1,Yes,Basic,ICSE,49.41,"Textbooks, Workbooks"
Female,Elementary,Medium,Advanced,High,40,66,5.8,Yes,Basic,CBSE,35.4,"Textbooks, Workbooks"
Female,Elementary,High,Beginner,Low,92,95,8.1,Yes,Intermediate,IB,56.94,"Educational Apps, Science Kits"
Female,High School,Low,Intermediate,Medium,59,91,1.1,Yes,Fluent,CBSE,41.41,"Textbooks, Workbooks"
Female,High School,Medium,Advanced,Medium,83,62,2.6,No,Basic,ICSE,38.08,"Textbooks, Workbooks"
Male,High School,Medium,Advanced,Medium,56,62,1.3,Yes,Basic,IB,30.2,"Textbooks, Workbooks"
Male,High School,Low,Beginner,Medium,93,92,9.0,Yes,Basic,ICSE,54.02,"Educational Apps, Science Kits"
Male,High School,Low,Intermediate,Low,38,84,1.0,No,Intermediate,IB,33.28,"Textbooks, Workbooks"
Male,Elementary,High,Advanced,High,31,96,9.8,No,Basic,CBSE,34.45,"Textbooks, Workbooks"
Male,High School,High,Advanced,Medium,78,95,1.1,Yes,Intermediate,IB,42.68,"Textbooks, Workbooks"
Female,High School,Low,Beginner,Medium,77,94,6.6,Yes,Fluent,ICSE,44.39,"Textbooks, Workbooks"
Female,Elementary,Medium,Beginner,Low,84,78,6.6,Yes,Intermediate,IB,47.44,"Textbooks, Workbooks"
Female,Elementary,High,Intermediate,Medium,96,78,9.3,No,Fluent,State Board,54.03,"Educational Apps, Science Kits"
Female,High School,Low,Intermediate,Low,60,92,3.2,No,Intermediate,IB,39.62,"Textbooks, Workbooks"
Female,High School,Medium,Beginner,Low,55,77,3.3,Yes,Basic,IB,36.81,"Textbooks, Workbooks"
Female,High School,High,Intermediate,Low,95,86,8.5,Yes,Basic,State Board,51.62,"Educational Apps, Science Kits"
Male,Elementary,High,Beginner,Low,59,89,9.8,Yes,Fluent,State Board,47.07,"Textbooks, Workbooks"
Female,High School,Medium,Advanced,Medium,30,90,0.3,Yes,Basic,ICSE,19.82,"Textbooks, Workbooks"
Female,Elementary,Low,Beginner,Medium,99,98,6.4,Yes,Basic,IB,62.18,"Educational Apps, Science Kits"
Female,Elementary,Medium,Beginner,High,51,62,2.4,Yes,Basic,IB,19.94,"Textbooks, Workbooks"
Female,Elementary,High,Beginner,Low,83,81,7.3,Yes,Fluent,CBSE,39.45,"Textbooks, Workbooks"
Male,Elementary,High,Advanced,Low,43,69,7.7,Yes,Intermediate,State Board,34.03,"Textbooks, Workbooks"
Male,High School,Medium,Intermediate,High,43,67,7.6,No,Intermediate,IB,27.53,"Textbooks, Workbooks"
Female,Elementary,High,Intermediate,Low,48,93,4.4,No,Fluent,CBSE,34.91,"Textbooks, Workbooks"
Male,Elementary,High,Intermediate,Low,55,77,1.6,No,Fluent,IB,33.03,"Textbooks, Workbooks"
Male,High School,Medium,Beginner,Low,88,71,5.8,No,Basic,ICSE,53.41,"Educational Apps, Science Kits"
Female,Elementary,High,Beginner,High,51,91,7.9,Yes,Intermediate,IB,43.24,"Textbooks, Workbooks"
Female,High School,Medium,Intermediate,High,35,61,9.1,No,Fluent,IB,24.17,"Textbooks, Workbooks"
Female,Elementary,Medium,Advanced,Medium,92,76,4.5,Yes,Intermediate,CBSE,36.46,"Textbooks, Workbooks"
Female,High School,Medium,Advanced,Medium,83,71,2.5,No,Fluent,ICSE,42.83,"Textbooks, Workbooks"
Female,Elementary,High,Advanced,Medium,48,66,1.2,Yes,Fluent,CBSE,30.56,"Textbooks, Workbooks"
Male,Elementary,Medium,Advanced,High,39,74,8.0,Yes,Basic,CBSE,32.19,"Textbooks, Workbooks"
Female,High School,Medium,Beginner,Low,66,61,5.4,Yes,Intermediate,ICSE,35.51,"Textbooks, Workbooks"
Female,Elementary,High,Intermediate,High,46,86,6.7,Yes,Intermediate,ICSE,33.77,"Textbooks, Workbooks"
Female,Elementary,Medium,Advanced,Low,84,85,1.6,Yes,Fluent,IB,38.9,"Textbooks, Workbooks"
Male,High School,High,Beginner,Medium,34,84,0.1,Yes,Fluent,CBSE,18.26,"Textbooks, Workbooks"
Female,Elementary,Low,Beginner,Low,50,71,9.7,No,Fluent,CBSE,32.41,"Textbooks, Workbooks"
Female,Elementary,Medium,Beginner,High,68,76,8.1,Yes,Fluent,ICSE,39.03,"Textbooks, Workbooks"
Female,High School,Medium,Intermediate,Medium,49,60,4.0,Yes,Basic,IB,43.61,"Textbooks, Workbooks"
Male,High School,High,Beginner,Medium,44,90,4.6,Yes,Basic,ICSE,34.24,"Textbooks, Workbooks"
Female,High School,Low,Intermediate,Medium,82,99,9.3,Yes,Fluent,IB,50.24,"Educational Apps, Science Kits"
Female,High School,Medium,Intermediate,Medium,62,64,2.1,Yes,Basic,State Board,33.95,"Textbooks, Workbooks"
Female,High School,High,Intermediate,High,73,87,8.0,No,Intermediate,IB,48.86,"Textbooks, Workbooks"
Male,Elementary,Medium,Intermediate,Low,95,87,0.2,Yes,Intermediate,IB,46.45,"Textbooks, Workbooks"
Female,High School,High,Beginner,Medium,79,67,8.8,Yes,Fluent,State Board,45.31,"Textbooks, Workbooks"
Female,Elementary,High,Beginner,Low,61,73,5.9,Yes,Basic,CBSE,42.28,"Textbooks, Workbooks"
Female,High School,Medium,Beginner,Medium,84,65,4.8,Yes,Basic,ICSE,52.62,"Educational Apps, Science Kits"
Male,Elementary,Low,Advanced,High,57,77,7.1,Yes,Fluent,IB,35.86,"Textbooks, Workbooks"
Female,Elementary,Medium,Advanced,Medium,32,96,0.7,Yes,Basic,ICSE,19.79,"Textbooks, Workbooks"
Female,High School,Medium,Intermediate,High,82,69,2.0,Yes,Intermediate,IB,36.24,"Textbooks, Workbooks"
Female,Elementary,High,Intermediate,Medium,71,94,4.1,Yes,Intermediate,CBSE,39.56,"Textbooks, Workbooks"
Male,Elementary,High,Intermediate,Medium,31,94,6.2,Yes,Intermediate,State Board,30.98,"Textbooks, Workbooks"
Male,High School,Low,Intermediate,Medium,51,76,1.4,No,Intermediate,ICSE,29.22,"Textbooks, Workbooks"
Female,High School,Medium,Intermediate,High,54,86,3.8,Yes,Fluent,CBSE,42.83,"Textbooks, Workbooks"
Male,High School,Medium,Advanced,Medium,61,83,2.6,Yes,Basic,IB,35.26,"Textbooks, Workbooks"
Male,High School,Low,Intermediate,Medium,36,69,6.5,Yes,Basic,CBSE,30.11,"Textbooks, Workbooks"
Male,Elementary,Medium,Beginner,High,91,76,9.2,Yes,Intermediate,CBSE,44.26,"Textbooks, Workbooks"
Female,Elementary,Medium,Intermediate,High,60,92,1.7,Yes,Basic,ICSE,33.3,"Textbooks, Workbooks"
Female,Elementary,Medium,Beginner,Medium,92,92,1.9,Yes,Intermediate,State Board,36.93,"Textbooks, Workbooks"
Male,Elementary,Medium,Beginner,Medium,66,76,6.0,No,Fluent,IB,43.33,"Textbooks, Workbooks"
Male,Elementary,High,Beginner,Medium,97,77,4.5,Yes,Fluent,State Board,55.63,"Educational Apps, Science Kits"
Male,Elementary,Low,Beginner,Medium,38,97,7.2,Yes,Fluent,IB,31.91,"Textbooks, Workbooks"
Female,High School,High,Intermediate,Medium,99,66,2.9,Yes,Intermediate,CBSE,49.02,"Textbooks, Workbooks"
Female,Elementary,Medium,Intermediate,High,75,85,5.4,Yes,Intermediate,ICSE,50.82,"Educational Apps, Science Kits"
Male,Elementary,High,Intermediate,Low,63,60,3.9,Yes,Fluent,ICSE,39.72,"Textbooks, Workbooks"
Male,Elementary,Medium,Intermediate,Medium,89,70,2.8,Yes,Basic,ICSE,44.88,"Textbooks, Workbooks"
Male,High School,High,Intermediate,High,42,69,7.3,Yes,Basic,State Board,33.6,"Textbooks, Workbooks"
Male,High School,High,Advanced,Low,65,90,8.0,Yes,Basic,State Board,41.88,"Textbooks, Workbooks"
Female,High School,Medium,Beginner,Medium,77,84,3.3,Yes,Intermediate,CBSE,36.99,"Textbooks, Workbooks"
Male,High School,Medium,Beginner,High,35,60,6.2,Yes,Intermediate,IB,33.18,"Textbooks, Workbooks"
Female,Elementary,High,Advanced,High,34,62,1.8,Yes,Intermediate,IB,25.65,"Textbooks, Workbooks"
Male,Elementary,High,Advanced,Medium,94,60,7.9,Yes,Basic,ICSE,48.77,"Textbooks, Workbooks"
Male,Elementary,High,Intermediate,Low,79,66,2.8,Yes,Fluent,ICSE,28.05,"Textbooks, Workbooks"
Male,High School,High,Intermediate,Low,53,73,1.7,Yes,Basic,ICSE,24.33,"Textbooks, Workbooks"
Male,Elementary,Medium,Beginner,Medium,36,82,9.4,No,Fluent,CBSE,35.66,"Textbooks, Workbooks"
Male,Elementary,Low,Intermediate,Low,87,76,4.2,Yes,Fluent,ICSE,39.27,"Textbooks, Workbooks"
Female,Elementary,Medium,Beginner,Low,50,73,6.4,Yes,Intermediate,IB,33.99,"Textbooks, Workbooks"
Male,High School,High,Intermediate,High,62,68,8.1,Yes,Basic,State Board,37.44,"Textbooks, Workbooks"
Male,High School,Medium,Intermediate,High,73,80,6.9,Yes,Fluent,ICSE,38.57,"Textbooks, Workbooks"
Male,High School,Low,Beginner,High,54,61,5.6,Yes,Intermediate,CBSE,30.73,"Textbooks, Workbooks"
Female,Elementary,High,Advanced,Low,44,91,3.7,Yes,Intermediate,State Board,41.09,"Textbooks, Workbooks"
Female,Elementary,High,Advanced,Low,58,67,9.2,Yes,Basic,IB,38.63,"Textbooks, Workbooks"
Female,Elementary,Medium,Intermediate,High,81,95,1.3,Yes,Intermediate,State Board,43.24,"Textbooks, Workbooks"
Female,Elementary,Medium,Advanced,High,46,85,8.8,Yes,Basic,State Board,42.45,"Textbooks, Workbooks"
Male,High School,Medium,Intermediate,High,65,96,7.1,Yes,Intermediate,IB,40.48,"Textbooks, Workbooks"
Male,Elementary,Low,Advanced,High,64,74,5.7,Yes,Basic,ICSE,35.64,"Textbooks, Workbooks"
Male,High School,High,Advanced,High,69,93,3.2,No,Intermediate,CBSE,33.43,"Textbooks, Workbooks"
Female,Elementary,Medium,Beginner,Medium,52,80,1.5,Yes,Fluent,IB,37.44,"Textbooks, Workbooks"
Male,High School,High,Advanced,Medium,63,82,4.4,Yes,Basic,CBSE,39.37,"Textbooks, Workbooks"
Male,Elementary,High,Intermediate,Medium,87,68,7.8,Yes,Fluent,State Board,38.56,"Textbooks, Workbooks"
Female,Elementary,Medium,Beginner,Medium,90,99,7.5,Yes,Basic,State Board,46.39,"Textbooks, Workbooks"
Female,High School,Medium,Advanced,Medium,57,85,6.5,Yes,Basic,State Board,39.93,"Textbooks, Workbooks"
Female,High School,Medium,Beginner,High,89,81,9.9,Yes,Basic,CBSE,57.56,"Educational Apps, Science Kits"
Male,Elementary,Medium,Advanced,Low,61,72,9.7,Yes,Intermediate,IB,36.81,"Textbooks, Workbooks"
Male,Elementary,Medium,Intermediate,High,87,84,4.0,No,Fluent,IB,41.98,"Textbooks, Workbooks"
Female,Elementary,High,Intermediate,Low,73,66,1.9,Yes,Intermediate,State Board,28.15,"Textbooks, Workbooks"
Male,High School,Medium,Beginner,Medium,63,86,4.6,Yes,Basic,CBSE,34.44,"Textbooks, Workbooks"
Female,Elementary,High,Advanced,High,50,74,8.4,Yes,Fluent,ICSE,38.14,"Textbooks, Workbooks"
Female,High School,Low,Advanced,Low,30,71,4.6,Yes,Fluent,IB,24.09,"Textbooks, Workbooks"
Male,Elementary,Low,Beginner,Medium,84,92,3.4,No,Basic,ICSE,49.75,"Textbooks, Workbooks"
Female,Elementary,High,Beginner,Low,78,80,7.4,Yes,Intermediate,State Board,40.79,"Textbooks, Workbooks"
Female,Elementary,Medium,Intermediate,High,50,84,6.5,Yes,Fluent,State Board,40.44,"Textbooks, Workbooks"
Female,Elementary,Medium,Beginner,High,84,99,9.7,Yes,Fluent,State Board,47.1,"Textbooks, Workbooks"
Male,High School,Medium,Advanced,High,56,81,5.5,Yes,Fluent,IB,40.4,"Textbooks, Workbooks"
Female,High School,Medium,Beginner,High,49,73,9.7,Yes,Intermediate,ICSE,34.73,"Textbooks, Workbooks"
Female,Elementary,High,Intermediate,High,45,67,2.9,Yes,Fluent,IB,29.75,"Textbooks, Workbooks"
Female,Elementary,Low,Beginner,Low,77,83,8.6,No,Basic,ICSE,49.28,"Textbooks, Workbooks"
Female,Elementary,Medium,Advanced,Medium,61,62,3.5,Yes,Intermediate,CBSE,26.14,"Textbooks, Workbooks"
Female,High School,Medium,Beginner,Medium,61,71,8.1,Yes,Basic,IB,34.93,"Textbooks, Workbooks"
Female,Elementary,High,Beginner,Medium,82,81,9.3,No,Fluent,ICSE,50.05,"Educational Apps, Science Kits"
Female,High School,Medium,Beginner,High,82,75,6.2,No,Basic,CBSE,42.22,"Textbooks, Workbooks"
Male,High School,Low,Intermediate,Low,31,66,7.3,Yes,Basic,ICSE,26.16,"Textbooks, Workbooks"
Male,High School,Medium,Intermediate,Low,86,77,9.6,Yes,Intermediate,State Board,48.91,"Textbooks, Workbooks"
Female,High School,Low,Intermediate,Medium,51,82,3.8,Yes,Intermediate,IB,26.24,"Textbooks, Workbooks"
Male,Elementary,Medium,Intermediate,Low,81,85,5.1,Yes,Intermediate,CBSE,40.16,"Textbooks, Workbooks"
Male,Elementary,Low,Advanced,Medium,87,97,9.0,Yes,Fluent,CBSE,52.77,"Educational Apps, Science Kits"
Female,High School,Medium,Advanced,Medium,63,61,6.7,Yes,Intermediate,IB,37.62,"Textbooks, Workbooks"
Male,Elementary,Low,Intermediate,High,46,61,8.7,No,Intermediate,ICSE,41.4,"Textbooks, Workbooks"
Female,Elementary,Medium,Intermediate,Low,52,81,6.2,Yes,Basic,IB,33.07,"Textbooks, Workbooks"
Female,Elementary,High,Intermediate,High,62,97,7.4,Yes,Basic,State Board,43.09,"Textbooks, Workbooks"
Female,High School,High,Beginner,Low,58,87,0.1,Yes,Basic,ICSE,30.87,"Textbooks, Workbooks"
Female,Elementary,Low,Advanced,Medium,48,76,3.4,Yes,Intermediate,IB,31.78,"Textbooks, Workbooks"
Female,Elementary,Medium,Beginner,Medium,98,77,7.7,Yes,Intermediate,IB,60.88,"Educational Apps, Science Kits"
Male,Elementary,Medium,Intermediate,Low,66,61,4.0,Yes,Fluent,IB,39.21,"Textbooks, Workbooks"
Female,Elementary,High,Advanced,Low,55,94,3.6,Yes,Basic,ICSE,37.82,"Textbooks, Workbooks"
Male,Elementary,Low,Intermediate,Low,53,74,9.5,Yes,Fluent,ICSE,34.41,"Textbooks, Workbooks"
Female,Elementary,High,Beginner,Medium,83,74,5.5,Yes,Intermediate,State Board,39.86,"Textbooks, Workbooks"
Female,Elementary,Medium,Advanced,High,50,93,1.9,Yes,Fluent,State Board,37.56,"Textbooks, Workbooks"
Female,Elementary,Medium,Beginner,Medium,39,74,4.7,Yes,Intermediate,State Board,30.65,"Textbooks, Workbooks"
Male,Elementary,High,Advanced,Medium,71,77,5.2,Yes,Intermediate,ICSE,33.64,"Textbooks, Workbooks"
Female,Elementary,High,Intermediate,Medium,58,72,9.9,No,Fluent,CBSE,42.97,"Textbooks, Workbooks"
Female,High School,High,Advanced,Low,86,97,7.2,Yes,Basic,CBSE,45.37,"Textbooks, Workbooks"
Female,Elementary,Medium,Beginner,Low,64,67,5.2,Yes,Fluent,ICSE,41.5,"Textbooks, Workbooks"
Female,High School,Medium,Beginner,High,57,75,4.3,Yes,Basic,ICSE,28.56,"Textbooks, Workbooks"
Male,Elementary,Medium,Beginner,Low,41,79,9.2,Yes,Basic,State Board,32.64,"Textbooks, Workbooks"
Female,High School,Medium,Beginner,High,87,85,6.5,Yes,Intermediate,CBSE,51.58,"Educational Apps, Science Kits"
Male,High School,Medium,Intermediate,Low,73,94,3.6,No,Fluent,IB,40.2,"Textbooks, Workbooks"
Female,Elementary,Medium,Beginner,Medium,36,76,4.6,Yes,Basic,IB,28.02,"Textbooks, Workbooks"
Male,High School,Low,Intermediate,High,45,85,2.8,Yes,Intermediate,ICSE,31.05,"Textbooks, Workbooks"
Male,High School,Medium,Advanced,Medium,64,77,9.6,No,Basic,IB,40.08,"Textbooks, Workbooks"
Female,High School,High,Beginner,High,36,66,7.0,Yes,Basic,ICSE,34.39,"Textbooks, Workbooks"
Female,Elementary,High,Advanced,Medium,43,94,3.9,Yes,Basic,CBSE,37.15,"Textbooks, Workbooks"
Male,High School,Medium,Advanced,Medium,88,71,1.8,Yes,Intermediate,ICSE,32.34,"Textbooks, Workbooks"
Female,High School,Medium,Intermediate,Low,91,60,1.8,No,Basic,CBSE,47.12,"Textbooks, Workbooks"
Female,Elementary,Low,Beginner,High,95,84,4.8,Yes,Intermediate,IB,47.25,"Textbooks, Workbooks"
Female,High School,High,Intermediate,Low,51,75,4.7,Yes,Intermediate,ICSE,41.55,"Textbooks, Workbooks"
Male,High School,Medium,Beginner,Low,45,74,4.2,No,Basic,ICSE,27.22,"Textbooks, Workbooks"
Female,High School,High,Advanced,High,72,70,8.5,Yes,Basic,State Board,39.6,"Textbooks, Workbooks"
Female,Elementary,High,Intermediate,Medium,49,96,9.8,Yes,Intermediate,ICSE,39.19,"Textbooks, Workbooks"
Female,High School,Medium,Beginner,Medium,39,98,3.5,No,Basic,CBSE,35.93,"Textbooks, Workbooks"
Male,Elementary,Medium,Advanced,High,48,62,2.9,No,Fluent,IB,27.2,"Textbooks, Workbooks"
Female,High School,High,Intermediate,Medium,41,98,7.7,Yes,Basic,ICSE,37.14,"Textbooks, Workbooks"
Male,High School,Low,Intermediate,Medium,39,79,4.5,Yes,Basic,IB,31.75,"Textbooks, Workbooks"
Female,High School,Medium,Intermediate,High,85,82,2.2,No,Fluent,CBSE,41.59,"Textbooks, Workbooks"
Male,High School,High,Intermediate,Medium,40,74,1.8,No,Intermediate,IB,35.43,"Textbooks, Workbooks"
Female,Elementary,Medium,Advanced,Low,90,77,2.8,Yes,Intermediate,ICSE,43.95,"Textbooks, Workbooks"
Female,High School,High,Advanced,Medium,67,98,0.0,Yes,Intermediate,ICSE,35.24,"Textbooks, Workbooks"
Male,Elementary,High,Advanced,High,46,94,9.4,Yes,Intermediate,CBSE,38.63,"Textbooks, Workbooks"
Male,High School,High,Advanced,Low,83,88,4.3,Yes,Fluent,IB,51.18,"Educational Apps, Science Kits"
Male,Elementary,Medium,Beginner,Medium,74,79,0.8,Yes,Intermediate,ICSE,37.3,"Textbooks, Workbooks"
Female,High School,Medium,Advanced,Medium,54,74,1.6,Yes,Fluent,CBSE,33.19,"Textbooks, Workbooks"
Female,High School,Low,Intermediate,Low,60,91,3.2,Yes,Fluent,IB,36.3,"Textbooks, Workbooks"
Female,Elementary,High,Intermediate,Medium,94,71,5.5,Yes,Basic,ICSE,51.03,"Educational Apps, Science Kits"
Female,Elementary,High,Intermediate,Low,68,71,7.0,Yes,Intermediate,CBSE,27.51,"Textbooks, Workbooks"
Male,Elementary,Medium,Intermediate,Medium,49,84,3.1,Yes,Intermediate,State Board,34.72,"Textbooks, Workbooks"
Female,Elementary,Medium,Beginner,Medium,72,93,9.6,Yes,Basic,CBSE,46.89,"Textbooks, Workbooks"
Female,High School,Low,Intermediate,Low,95,67,7.6,Yes,Basic,CBSE,55.62,"Educational Apps, Science Kits"
Female,Elementary,High,Intermediate,Low,30,83,8.3,Yes,Intermediate,CBSE,31.53,"Textbooks, Workbooks"
Female,Elementary,High,Intermediate,Low,84,60,3.2,Yes,Fluent,CBSE,38.52,"Textbooks, Workbooks"
Female,Elementary,High,Advanced,Low,80,84,3.8,Yes,Intermediate,IB,46.72,"Textbooks, Workbooks"
Female,High School,High,Advanced,Medium,34,93,5.4,Yes,Basic,State Board,31.68,"Textbooks, Workbooks"
Female,High School,High,Beginner,Medium,41,73,4.5,Yes,Intermediate,ICSE,29.14,"Textbooks, Workbooks"
Male,High School,High,Beginner,Low,43,95,2.6,No,Intermediate,IB,36.74,"Textbooks, Workbooks"
Female,High School,Medium,Beginner,Medium,89,65,10.0,Yes,Intermediate,CBSE,51.08,"Educational Apps, Science Kits"
Female,Elementary,Medium,Intermediate,High,69,68,8.5,Yes,Fluent,ICSE,41.6,"Textbooks, Workbooks"
Female,High School,High,Beginner,Low,38,60,2.4,Yes,Fluent,CBSE,32.25,"Textbooks, Workbooks"
Female,Elementary,Medium,Advanced,Medium,71,68,8.9,Yes,Basic,State Board,37.76,"Textbooks, Workbooks"
Male,High School,Medium,Advanced,High,71,83,5.9,Yes,Fluent,CBSE,42.98,"Textbooks, Workbooks"
Male,Elementary,Low,Advanced,Low,62,98,0.1,No,Fluent,ICSE,41.17,"Textbooks, Workbooks"
Male,Elementary,Medium,Intermediate,High,54,77,3.5,Yes,Basic,IB,22.77,"Textbooks, Workbooks"
Male,Elementary,Medium,Intermediate,High,38,98,0.3,Yes,Fluent,State Board,18.82,"Textbooks, Workbooks"
Male,Elementary,Medium,Beginner,Low,73,77,0.9,Yes,Basic,State Board,32.91,"Textbooks, Workbooks"
Male,Elementary,Medium,Beginner,High,87,87,1.8,Yes,Basic,ICSE,51.05,"Educational Apps, Science Kits"
Female,High School,Medium,Beginner,Medium,54,61,4.8,Yes,Fluent,State Board,37.17,"Textbooks, Workbooks"
Male,Elementary,Low,Beginner,Low,61,96,3.8,Yes,Intermediate,IB,43.82,"Textbooks, Workbooks"
Male,Elementary,High,Intermediate,Medium,51,95,1.5,Yes,Fluent,State Board,37.35,"Textbooks, Workbooks"
Female,Elementary,Medium,Advanced,Low,84,83,3.9,Yes,Intermediate,State Board,46.2,"Textbooks, Workbooks"
Male,Elementary,Medium,Intermediate,Medium,90,94,3.0,Yes,Fluent,CBSE,53.19,"Educational Apps, Science Kits"
Female,High School,Low,Beginner,Low,86,65,4.1,Yes,Fluent,CBSE,42.08,"Textbooks, Workbooks"
Female,High School,Medium,Intermediate,High,90,76,1.7,Yes,Fluent,IB,41.45,"Textbooks, Workbooks"
Male,Elementary,Medium,Advanced,Medium,96,89,6.1,Yes,Intermediate,CBSE,59.69,"Educational Apps, Science Kits"
Female,Elementary,High,Intermediate,Medium,31,67,0.4,Yes,Intermediate,State Board,21.32,"Textbooks, Workbooks"
Male,Elementary,High,Advanced,Low,86,69,3.9,Yes,Basic,IB,45.88,"Textbooks, Workbooks"
Male,Elementary,Medium,Beginner,Medium,62,75,8.9,Yes,Intermediate,IB,46.86,"Textbooks, Workbooks"
Female,High School,Medium,Intermediate,Low,92,97,4.2,Yes,Intermediate,ICSE,48.92,"Textbooks, Workbooks"
Female,High School,Medium,Beginner,High,45,85,4.4,No,Intermediate,CBSE,35.89,"Textbooks, Workbooks"
Male,Elementary,High,Beginner,Low,30,90,0.7,Yes,Fluent,ICSE,23.61,"Textbooks, Workbooks"
Female,Elementary,High,Advanced,Medium,93,67,6.1,Yes,Intermediate,ICSE,48.04,"Textbooks, Workbooks"
Female,Elementary,Medium,Advanced,Low,98,94,9.4,No,Fluent,CBSE,62.85,"Educational Apps, Science Kits"
Male,Elementary,Medium,Beginner,Medium,46,93,2.9,Yes,Fluent,ICSE,34.38,"Textbooks, Workbooks"
Male,Elementary,High,Advanced,Medium,69,69,3.9,Yes,Fluent,State Board,38.85,"Textbooks, Workbooks"
Female,High School,High,Advanced,Medium,30,99,5.9,Yes,Fluent,CBSE,29.18,"Textbooks, Workbooks"
Male,High School,Medium,Beginner,Medium,42,71,0.9,Yes,Intermediate,CBSE,31.96,"Textbooks, Workbooks"
Male,Elementary,High,Beginner,Medium,47,86,9.5,Yes,Fluent,ICSE,44.88,"Textbooks, Workbooks"
Male,High School,Medium,Advanced,High,97,78,4.7,Yes,Intermediate,CBSE,50.94,"Educational Apps, Science Kits"
Male,High School,Medium,Beginner,High,43,85,1.2,Yes,Basic,CBSE,27.3,"Textbooks, Workbooks"
Male,High School,High,Beginner,Medium,34,74,3.4,No,Basic,CBSE,22.08,"Textbooks, Workbooks"
Male,Elementary,Medium,Advanced,High,91,90,3.7,No,Fluent,State Board,45.48,"Textbooks, Workbooks"
Male,High School,High,Intermediate,High,62,96,3.5,Yes,Basic,CBSE,35.59,"Textbooks, Workbooks"
Female,High School,Medium,Intermediate,Medium,55,77,6.9,Yes,Basic,ICSE,39.82,"Textbooks, Workbooks"
Male,Elementary,Medium,Beginner,Low,90,88,3.5,No,Basic,IB,39.22,"Textbooks, Workbooks"
Female,High School,Low,Advanced,Medium,97,86,3.2,Yes,Fluent,ICSE,49.28,"Textbooks, Workbooks"
Female,Elementary,Medium,Beginner,Medium,59,97,3.2,Yes,Basic,State Board,36.94,"Textbooks, Workbooks"
Female,High School,Medium,Advanced,Medium,91,79,7.8,Yes,Fluent,IB,54.92,"Educational Apps, Science Kits"
Male,Elementary,High,Beginner,Medium,91,80,3.1,Yes,Intermediate,IB,48.34,"Textbooks, Workbooks"
Male,Elementary,Medium,Beginner,Medium,99,88,0.1,Yes,Basic,IB,44.19,"Textbooks, Workbooks"
Female,High School,High,Advanced,Medium,86,74,3.7,No,Fluent,State Board,43.23,"Textbooks, Workbooks"
Male,High School,Medium,Beginner,Medium,65,81,2.8,No,Intermediate,CBSE,40.98,"Textbooks, Workbooks"
Female,Elementary,High,Intermediate,Low,36,82,9.1,No,Basic,IB,33.19,"Textbooks, Workbooks"
Male,Elementary,Medium,Intermediate,Low,94,63,4.8,Yes,Basic,State Board,35.8,"Textbooks, Workbooks"
Male,High School,Medium,Advanced,Medium,70,83,2.3,Yes,Fluent,CBSE,38.62,"Textbooks, Workbooks"
Female,High School,Medium,Beginner,Medium,61,73,9.8,No,Basic,State Board,32.91,"Textbooks, Workbooks"
Female,High School,Medium,Intermediate,High,43,96,2.5,Yes,Basic,State Board,31.57,"Textbooks, Workbooks"
Female,High School,Medium,Advanced,Low,62,80,7.6,Yes,Fluent,State Board,46.1,"Textbooks, Workbooks"
Male,Elementary,Medium,Advanced,Low,59,98,6.5,Yes,Intermediate,CBSE,42.29,"Textbooks, Workbooks"
Female,Elementary,High,Advanced,Medium,35,72,4.6,No,Intermediate,CBSE,27.79,"Textbooks, Workbooks"
Male,Elementary,High,Intermediate,Medium,39,78,4.1,Yes,Basic,ICSE,25.63,"Textbooks, Workbooks"
Male,High School,High,Intermediate,Low,49,85,8.7,No,Fluent,IB,37.37,"Textbooks, Workbooks"
Male,High School,Medium,Intermediate,Medium,41,95,4.8,Yes,Intermediate,ICSE,31.25,"Textbooks, Workbooks"
Female,Elementary,High,Intermediate,Low,51,92,3.8,Yes,Intermediate,State Board,38.63,"Textbooks, Workbooks"
Female,Elementary,High,Beginner,Low,43,99,3.5,Yes,Intermediate,CBSE,32.58,"Textbooks, Workbooks"
Female,Elementary,Medium,Intermediate,Low,77,75,2.8,Yes,Intermediate,ICSE,42.08,"Textbooks, Workbooks"
Male,Elementary,Medium,Advanced,Medium,83,78,4.1,Yes,Fluent,CBSE,43.6,"Textbooks, Workbooks"
Male,Elementary,Medium,Beginner,High,65,96,1.2,Yes,Intermediate,ICSE,38.99,"Textbooks, Workbooks"
Female,Elementary,Low,Intermediate,Low,90,73,0.7,Yes,Intermediate,CBSE,41.27,"Textbooks, Workbooks"
Male,High School,Low,Beginner,Low,84,89,5.4,Yes,Intermediate,CBSE,45.74,"Textbooks, Workbooks"
Male,Elementary,Low,Advanced,High,43,90,4.5,Yes,Basic,ICSE,33.0,"Textbooks, Workbooks"
Female,Elementary,High,Intermediate,High,31,79,1.7,No,Intermediate,CBSE,22.42,"Textbooks, Workbooks"
Female,Elementary,Medium,Beginner,Low,31,66,1.1,No,Basic,State Board,28.19,"Textbooks, Workbooks"
Female,Elementary,Medium,Intermediate,Medium,90,96,1.4,Yes,Intermediate,IB,39.92,"Textbooks, Workbooks"
Male,Elementary,High,Beginner,Low,35,61,3.2,No,Fluent,ICSE,27.99,"Textbooks, Workbooks"
Male,Elementary,High,Beginner,Low,54,81,4.5,Yes,Fluent,State Board,42.15,"Textbooks, Workbooks"
Male,Elementary,High,Advanced,Medium,96,72,1.9,Yes,Fluent,ICSE,43.83,"Textbooks, Workbooks"
Male,High School,Medium,Advanced,High,52,97,7.6,Yes,Basic,CBSE,38.9,"Textbooks, Workbooks"
Male,Elementary,Medium,Intermediate,Medium,57,90,1.9,Yes,Basic,ICSE,31.8,"Textbooks, Workbooks"
Female,High School,Medium,Intermediate,High,54,60,1.2,Yes,Intermediate,IB,33.59,"Textbooks, Workbooks"
Male,High School,Medium,Beginner,Medium,94,72,9.9,Yes,Fluent,ICSE,54.97,"Educational Apps, Science Kits"
Male,High School,Medium,Advanced,High,95,76,4.5,Yes,Intermediate,State Board,43.58,"Textbooks, Workbooks"
Male,Elementary,Medium,Advanced,Low,72,63,1.7,Yes,Intermediate,State Board,30.09,"Textbooks, Workbooks"
Female,Elementary,High,Beginner,Low,69,90,8.9,Yes,Fluent,IB,44.27,"Textbooks, Workbooks"
Female,Elementary,Low,Advanced,High,52,92,2.3,Yes,Intermediate,ICSE,37.45,"Textbooks, Workbooks"
Female,Elementary,Low,Advanced,Medium,78,73,9.3,No,Basic,IB,48.41,"Textbooks, Workbooks"
Male,Elementary,Low,Beginner,Medium,37,80,1.2,Yes,Basic,ICSE,26.58,"Textbooks, Workbooks"
Female,Elementary,High,Intermediate,Medium,36,81,8.4,Yes,Fluent,IB,33.88,"Textbooks, Workbooks"
Female,Elementary,Medium,Intermediate,Medium,50,64,1.8,Yes,Fluent,CBSE,28.92,"Textbooks, Workbooks"
Female,Elementary,Medium,Intermediate,Medium,64,96,9.4,Yes,Fluent,ICSE,42.88,"Textbooks, Workbooks"
Male,Elementary,Low,Beginner,Low,90,91,5.7,Yes,Fluent,ICSE,50.41,"Educational Apps, Science Kits"
Female,Elementary,Medium,Intermediate,High,97,62,1.9,Yes,Intermediate,IB,40.73,"Textbooks, Workbooks"
Male,High School,Low,Beginner,Medium,59,72,8.4,Yes,Intermediate,State Board,43.16,"Textbooks, Workbooks"
Male,Elementary,Medium,Beginner,Medium,97,70,3.9,Yes,Fluent,ICSE,45.2,"Textbooks, Workbooks"
Female,Elementary,Low,Advanced,Low,38,97,7.3,Yes,Fluent,IB,33.03,"Textbooks, Workbooks"
Male,Elementary,High,Advanced,High,46,83,6.4,Yes,Intermediate,State Board,26.83,"Textbooks, Workbooks"
Female,High School,Medium,Intermediate,Medium,72,68,7.1,Yes,Intermediate,CBSE,39.22,"Textbooks, Workbooks"
Male,Elementary,High,Beginner,Low,86,72,3.4,No,Basic,State Board,43.82,"Textbooks, Workbooks"
Female,Elementary,Medium,Intermediate,Low,42,81,9.4,Yes,Intermediate,State Board,28.62,"Textbooks, Workbooks"
Female,High School,Medium,Intermediate,Low,86,77,5.6,No,Fluent,State Board,50.86,"Educational Apps, Science Kits"
Female,Elementary,Low,Advanced,Medium,55,69,0.8,Yes,Fluent,State Board,26.07,"Textbooks, Workbooks"
Male,High School,Medium,Intermediate,Medium,90,71,0.7,Yes,Basic,IB,42.76,"Textbooks, Workbooks"
Female,High School,Medium,Intermediate,Low,91,89,7.4,Yes,Basic,ICSE,55.05,"Educational Apps, Science Kits"
Male,High School,Medium,Advanced,Medium,48,78,8.5,Yes,Basic,CBSE,28.61,"Textbooks, Workbooks"
Female,High School,High,Intermediate,High,59,78,7.0,Yes,Intermediate,State Board,33.62,"Textbooks, Workbooks"
Male,Elementary,High,Intermediate,Low,42,69,2.8,Yes,Intermediate,IB,28.86,"Textbooks, Workbooks"
Male,High School,High,Beginner,Medium,78,60,2.3,No,Fluent,State Board,40.37,"Textbooks, Workbooks"
Female,High School,Low,Intermediate,Medium,80,66,5.7,Yes,Fluent,IB,31.69,"Textbooks, Workbooks"
Female,Elementary,Medium,Advanced,Medium,38,70,2.0,No,Basic,CBSE,26.74,"Textbooks, Workbooks"
Female,Elementary,Low,Advanced,Low,58,63,3.8,Yes,Basic,State Board,29.86,"Textbooks, Workbooks"
Female,Elementary,Medium,Beginner,Low,37,95,6.3,Yes,Intermediate,ICSE,33.8,"Textbooks, Workbooks"
Female,High School,Medium,Advanced,Low,44,80,2.8,Yes,Fluent,ICSE,30.09,"Textbooks, Workbooks"
Male,Elementary,Low,Advanced,Medium,98,81,3.8,Yes,Fluent,State Board,52.91,"Educational Apps, Science Kits"
Female,High School,High,Advanced,Medium,63,69,3.6,Yes,Basic,State Board,32.62,"Textbooks, Workbooks"
Female,High School,Medium,Intermediate,Low,81,82,4.6,Yes,Intermediate,ICSE,51.74,"Educational Apps, Science Kits"
Male,Elementary,Medium,Beginner,Medium,79,64,6.7,Yes,Fluent,CBSE,45.79,"Textbooks, Workbooks"
Female,Elementary,Low,Beginner,Medium,96,71,7.8,Yes,Fluent,State Board,48.6,"Textbooks, Workbooks"
Female,Elementary,Medium,Beginner,High,34,89,6.7,Yes,Intermediate,State Board,28.35,"Textbooks, Workbooks"
Male,Elementary,High,Beginner,Low,38,92,0.3,Yes,Basic,IB,31.38,"Textbooks, Workbooks"
Female,Elementary,Medium,Advanced,Medium,34,96,9.0,Yes,Basic,State Board,35.0,"Textbooks, Workbooks"
Female,Elementary,High,Intermediate,High,56,77,5.8,Yes,Intermediate,State Board,40.15,"Textbooks, Workbooks"
Female,High School,Low,Advanced,High,76,63,9.2,No,Intermediate,CBSE,44.79,"Textbooks, Workbooks"
Male,High School,Medium,Advanced,Medium,91,86,9.6,Yes,Intermediate,IB,42.65,"Textbooks, Workbooks"
Female,Elementary,High,Advanced,Low,74,82,4.7,Yes,Fluent,CBSE,40.63,"Textbooks, Workbooks"
Male,High School,Medium,Advanced,High,95,65,9.2,No,Intermediate,State Board,50.38,"Educational Apps, Science Kits"
Female,High School,Low,Beginner,High,52,66,3.7,Yes,Basic,State Board,23.97,"Textbooks, Workbooks"
Male,High School,Medium,Beginner,High,90,78,2.6,No,Fluent,IB,49.2,"Textbooks, Workbooks"
Female,High School,Medium,Intermediate,Low,72,74,0.7,Yes,Intermediate,IB,35.3,"Textbooks, Workbooks"
Male,High School,High,Advanced,Low,64,81,4.5,No,Intermediate,CBSE,33.0,"Textbooks, Workbooks"
Male,High School,High,Beginner,Medium,59,91,6.9,Yes,Intermediate,State Board,37.93,"Textbooks, Workbooks"
Male,Elementary,High,Intermediate,High,96,74,9.8,Yes,Basic,State Board,50.67,"Educational Apps, Science Kits"
Male,Elementary,Medium,Advanced,High,39,65,5.2,Yes,Basic,CBSE,29.51,"Textbooks, Workbooks"
Male,Elementary,Medium,Advanced,High,85,65,7.3,Yes,Basic,CBSE,49.14,"Textbooks, Workbooks"
Male,High School,Medium,Beginner,Medium,63,65,9.0,Yes,Fluent,IB,32.54,"Textbooks, Workbooks"
Female,Elementary,High,Advanced,Medium,94,71,5.4,Yes,Basic,State Board,49.84,"Textbooks, Workbooks"
Female,Elementary,High,Advanced,Medium,35,61,1.7,Yes,Intermediate,State Board,18.41,"Textbooks, Workbooks"
Male,Elementary,Low,Beginner,High,99,84,8.5,Yes,Basic,CBSE,55.14,"Educational Apps, Science Kits"
Male,High School,Medium,Intermediate,Medium,72,63,5.7,No,Fluent,State Board,32.74,"Textbooks, Workbooks"
Male,Elementary,Medium,Intermediate,High,45,65,7.6,Yes,Basic,State Board,36.15,"Textbooks, Workbooks"
Male,High School,Medium,Beginner,Medium,92,96,6.6,Yes,Fluent,IB,55.04,"Educational Apps, Science Kits"
Female,Elementary,Medium,Beginner,Low,94,97,0.6,Yes,Intermediate,State Board,50.55,"Educational Apps, Science Kits"
Male,Elementary,Medium,Intermediate,High,34,73,1.7,Yes,Fluent,IB,27.7,"Textbooks, Workbooks"
Female,Elementary,Low,Intermediate,Low,54,78,2.9,No,Basic,State Board,32.04,"Textbooks, Workbooks"
Female,High School,High,Beginner,Medium,56,66,2.8,Yes,Intermediate,State Board,32.94,"Textbooks, Workbooks"
Male,High School,High,Beginner,High,71,77,8.4,Yes,Basic,State Board,42.3,"Textbooks, Workbooks"
Male,High School,High,Beginner,Medium,84,67,6.0,Yes,Basic,CBSE,52.06,"Educational Apps, Science Kits"
Female,High School,Low,Advanced,High,55,87,0.8,Yes,Intermediate,State Board,41.07,"Textbooks, Workbooks"
Female,High School,Medium,Beginner,Medium,45,80,3.9,Yes,Intermediate,State Board,28.49,"Textbooks, Workbooks"
Male,Elementary,Medium,Advanced,High,57,94,5.6,Yes,Basic,ICSE,48.77,"Textbooks, Workbooks"
Male,Elementary,Medium,Intermediate,Low,59,69,2.5,Yes,Intermediate,ICSE,37.68,"Textbooks, Workbooks"
Male,High School,Medium,Intermediate,Medium,74,87,0.4,Yes,Basic,IB,47.41,"Textbooks, Workbooks"
Female,High School,High,Beginner,Medium,48,78,3.8,Yes,Fluent,State Board,26.58,"Textbooks, Workbooks"
Female,Elementary,Low,Beginner,Medium,42,94,4.6,Yes,Fluent,IB,28.4,"Textbooks, Workbooks"
Male,High School,High,Intermediate,Medium,52,87,9.0,Yes,Basic,ICSE,44.75,"Textbooks, Workbooks"
Female,Elementary,High,Intermediate,High,43,62,9.1,Yes,Fluent,IB,25.34,"Textbooks, Workbooks"
Female,High School,High,Intermediate,High,52,98,5.0,Yes,Basic,State Board,36.76,"Textbooks, Workbooks"
Male,Elementary,High,Intermediate,High,69,86,4.7,Yes,Intermediate,ICSE,44.38,"Textbooks, Workbooks"
Male,High School,Medium,Beginner,Medium,93,76,6.4,Yes,Fluent,State Board,52.58,"Educational Apps, Science Kits"
Female,High School,High,Advanced,Medium,88,74,2.6,No,Intermediate,IB,46.32,"Textbooks, Workbooks"
Female,Elementary,Medium,Intermediate,Low,49,98,2.9,Yes,Basic,IB,38.89,"Textbooks, Workbooks"
Male,Elementary,High,Intermediate,High,61,81,0.0,Yes,Basic,CBSE,28.13,"Textbooks, Workbooks"
Male,High School,Low,Advanced,Low,53,79,0.8,Yes,Fluent,ICSE,29.11,"Textbooks, Workbooks"
Male,High School,Medium,Beginner,Medium,75,86,1.8,Yes,Intermediate,IB,44.77,"Textbooks, Workbooks"
Male,Elementary,Medium,Advanced,Low,47,94,6.4,Yes,Basic,ICSE,36.98,"Textbooks, Workbooks"
Male,High School,Medium,Beginner,Medium,77,64,2.1,Yes,Basic,CBSE,34.37,"Textbooks, Workbooks"
Female,Elementary,Medium,Beginner,High,43,61,1.2,Yes,Intermediate,ICSE,29.29,"Textbooks, Workbooks"
Female,Elementary,Medium,Beginner,Medium,83,79,6.2,Yes,Intermediate,IB,43.64,"Textbooks, Workbooks"
Female,High School,High,Beginner,High,50,66,6.5,Yes,Basic,ICSE,32.54,"Textbooks, Workbooks"
Female,Elementary,Medium,Beginner,Medium,34,95,0.6,No,Intermediate,CBSE,27.62,"Textbooks, Workbooks"
Male,Elementary,Medium,Intermediate,High,60,67,7.7,Yes,Fluent,ICSE,37.3,"Textbooks, Workbooks"
Male,High School,Medium,Beginner,Medium,96,86,6.1,Yes,Intermediate,ICSE,54.22,"Educational Apps, Science Kits"
Male,Elementary,Medium,Intermediate,Medium,88,65,4.0,Yes,Fluent,ICSE,45.27,"Textbooks, Workbooks"
Female,Elementary,Medium,Beginner,Medium,73,83,9.8,No,Intermediate,ICSE,41.02,"Textbooks, Workbooks"
Female,Elementary,High,Intermediate,Medium,93,95,0.1,Yes,Basic,IB,45.78,"Textbooks, Workbooks"
Female,Elementary,Low,Advanced,Low,71,64,5.4,No,Basic,State Board,37.26,"Textbooks, Workbooks"
Male,High School,Medium,Advanced,Low,67,79,1.6,Yes,Intermediate,ICSE,29.97,"Textbooks, Workbooks"
Female,Elementary,Medium,Intermediate,Low,36,79,3.3,No,Intermediate,CBSE,30.4,"Textbooks, Workbooks"
Male,High School,Medium,Beginner,Medium,88,99,1.3,Yes,Basic,ICSE,55.57,"Educational Apps, Science Kits"
Male,Elementary,Medium,Intermediate,Medium,98,93,6.7,Yes,Intermediate,CBSE,59.86,"Educational Apps, Science Kits"
Male,High School,High,Intermediate,Medium,99,98,4.0,Yes,Basic,State Board,55.92,"Educational Apps, Science Kits"
Male,Elementary,Medium,Beginner,High,78,69,9.9,Yes,Basic,CBSE,38.31,"Textbooks, Workbooks"
Male,High School,Medium,Advanced,High,40,62,6.5,No,Basic,State Board,28.25,"Textbooks, Workbooks"
Male,Elementary,Medium,Intermediate,Medium,31,93,9.2,Yes,Fluent,CBSE,39.16,"Textbooks, Workbooks"
Female,Elementary,Medium,Advanced,Medium,56,94,2.4,Yes,Fluent,CBSE,42.13,"Textbooks, Workbooks"
Male,Elementary,High,Advanced,Low,45,96,3.2,No,Fluent,IB,35.19,"Textbooks, Workbooks"
Male,Elementary,Medium,Advanced,Medium,93,97,3.6,Yes,Basic,State Board,48.38,"Textbooks, Workbooks"
Female,High School,Medium,Intermediate,High,95,82,8.4,Yes,Basic,ICSE,51.06,"Educational Apps, Science Kits"
Male,High School,High,Intermediate,Low,78,96,2.1,Yes,Intermediate,ICSE,44.51,"Textbooks, Workbooks"
Female,Elementary,Medium,Beginner,Low,45,80,9.5,Yes,Fluent,IB,26.66,"Textbooks, Workbooks"
Female,High School,High,Beginner,Medium,81,86,0.4,Yes,Basic,ICSE,38.29,"Textbooks, Workbooks"
Female,Elementary,Medium,Intermediate,High,34,60,8.9,Yes,Intermediate,IB,19.82,"Textbooks, Workbooks"
Male,Elementary,Medium,Beginner,Medium,65,68,4.5,Yes,Intermediate,CBSE,28.09,"Textbooks, Workbooks"
Male,High School,High,Advanced,High,36,62,5.3,No,Fluent,ICSE,19.33,"Textbooks, Workbooks"
Female,High School,High,Advanced,High,90,97,10.0,Yes,Fluent,State Board,55.3,"Educational Apps, Science Kits"
Male,High School,Medium,Intermediate,Low,58,95,8.7,No,Fluent,CBSE,38.53,"Textbooks, Workbooks"
Male,Elementary,High,Advanced,Low,96,93,9.0,Yes,Basic,State Board,54.71,"Educational Apps, Science Kits"
Female,Elementary,Medium,Intermediate,Medium,59,89,5.9,Yes,Basic,State Board,39.81,"Textbooks, Workbooks"
Female,High School,Medium,Intermediate,Medium,69,90,9.6,Yes,Fluent,ICSE,40.09,"Textbooks, Workbooks"
Male,Elementary,Low,Intermediate,Medium,60,89,6.9,Yes,Intermediate,ICSE,34.48,"Textbooks, Workbooks"
Female,High School,Low,Advanced,Low,77,75,8.2,Yes,Basic,ICSE,40.37,"Textbooks, Workbooks"
Female,High School,High,Intermediate,Low,35,88,7.2,Yes,Basic,CBSE,32.15,"Textbooks, Workbooks"
Female,High School,Low,Intermediate,Low,91,65,7.8,Yes,Fluent,State Board,52.49,"Educational Apps, Science Kits"
Male,High School,Low,Beginner,High,58,73,6.4,Yes,Basic,IB,24.83,"Textbooks, Workbooks"
Male,High School,High,Advanced,High,38,69,7.3,Yes,Fluent,CBSE,35.18,"Textbooks, Workbooks"
Male,High School,Low,Intermediate,Low,83,83,4.4,Yes,Basic,IB,48.93,"Textbooks, Workbooks"
Female,Elementary,Medium,Beginner,Low,40,95,7.1,Yes,Intermediate,ICSE,30.34,"Textbooks, Workbooks"
Male,Elementary,Medium,Intermediate,Low,48,83,2.8,Yes,Basic,State Board,31.28,"Textbooks, Workbooks"
Female,High School,Medium,Advanced,High,34,66,6.3,Yes,Fluent,ICSE,27.89,"Textbooks, Workbooks"
Male,High School,High,Beginner,High,99,96,5.2,Yes,Intermediate,ICSE,53.04,"Educational Apps, Science Kits"
Male,High School,Medium,Beginner,Low,47,99,9.0,No,Intermediate,ICSE,38.59,"Textbooks, Workbooks"
Female,Elementary,Medium,Intermediate,Medium,50,97,6.7,No,Fluent,CBSE,41.92,"Textbooks, Workbooks"
Male,High School,High,Intermediate,Medium,44,84,6.0,Yes,Intermediate,IB,29.33,"Textbooks, Workbooks"
Female,High School,Medium,Advanced,Medium,88,93,3.1,No,Basic,IB,50.16,"Educational Apps, Science Kits"
Male,High School,Medium,Advanced,Medium,35,60,8.6,Yes,Intermediate,IB,28.44,"Textbooks, Workbooks"
Male,Elementary,High,Intermediate,Medium,53,87,0.5,Yes,Intermediate,ICSE,28.45,"Textbooks, Workbooks"
Female,High School,Medium,Beginner,High,89,88,9.0,Yes,Intermediate,CBSE,49.28,"Textbooks, Workbooks"
Female,Elementary,Medium,Advanced,Low,57,91,6.5,No,Basic,ICSE,28.16,"Textbooks, Workbooks"
Female,Elementary,Low,Advanced,High,52,64,1.9,Yes,Intermediate,IB,34.54,"Textbooks, Workbooks"
Male,High School,Medium,Beginner,Medium,75,93,9.0,No,Basic,State Board,45.13,"Textbooks, Workbooks"
Male,Elementary,Low,Intermediate,Medium,66,85,3.3,Yes,Intermediate,CBSE,35.97,"Textbooks, Workbooks"
Male,Elementary,Medium,Advanced,High,43,72,1.7,No,Fluent,State Board,23.08,"Textbooks, Workbooks"
Female,Elementary,High,Beginner,High,77,71,3.2,Yes,Basic,CBSE,45.09,"Textbooks, Workbooks"
Female,High School,Medium,Advanced,High,65,81,9.6,Yes,Basic,State Board,39.94,"Textbooks, Workbooks"
Female,Elementary,Medium,Beginner,High,89,68,7.5,Yes,Basic,ICSE,47.61,"Textbooks, Workbooks"
Male,High School,High,Advanced,High,83,65,9.2,No,Intermediate,CBSE,37.36,"Textbooks, Workbooks"
Male,High School,Medium,Intermediate,Medium,92,95,3.0,Yes,Basic,CBSE,57.68,"Educational Apps, Science Kits"
Female,High School,High,Beginner,High,77,69,0.8,No,Fluent,CBSE,34.13,"Textbooks, Workbooks"
Male,Elementary,Medium,Advanced,High,51,96,5.6,Yes,Fluent,State Board,29.74,"Textbooks, Workbooks"
Female,High School,Low,Advanced,Medium,72,91,4.8,Yes,Intermediate,ICSE,45.0,"Textbooks, Workbooks"
Male,Elementary,High,Beginner,Medium,70,63,7.2,No,Basic,ICSE,37.99,"Textbooks, Workbooks"
Male,Elementary,Medium,Beginner,High,46,63,5.4,No,Intermediate,CBSE,31.24,"Textbooks, Workbooks"
Female,Elementary,High,Intermediate,High,92,72,4.0,Yes,Fluent,ICSE,51.72,"Educational Apps, Science Kits"
Male,Elementary,Low,Beginner,Medium,47,75,0.0,No,Intermediate,State Board,24.05,"Textbooks, Workbooks"
Male,High School,Medium,Advanced,High,32,85,4.7,Yes,Fluent,State Board,26.66,"Textbooks, Workbooks"
Female,High School,Low,Intermediate,High,83,92,1.2,Yes,Fluent,CBSE,42.44,"Textbooks, Workbooks"
Female,Elementary,Low,Beginner,Low,43,63,9.2,No,Intermediate,IB,27.44,"Textbooks, Workbooks"
Male,High School,High,Advanced,High,63,85,9.2,Yes,Fluent,IB,44.31,"Textbooks, Workbooks"
Female,High School,Medium,Beginner,Low,30,68,8.0,No,Fluent,CBSE,22.56,"Textbooks, Workbooks"
Male,High School,High,Advanced,Low,77,70,1.6,No,Fluent,State Board,40.59,"Textbooks, Workbooks"
Female,Elementary,Medium,Advanced,Medium,39,64,1.5,Yes,Basic,IB,25.97,"Textbooks, Workbooks"
Male,High School,Medium,Intermediate,High,40,97,5.6,Yes,Fluent,IB,31.32,"Textbooks, Workbooks"
Male,Elementary,Medium,Intermediate,Low,95,91,7.3,Yes,Intermediate,IB,49.18,"Textbooks, Workbooks"
Female,High School,Medium,Beginner,High,32,88,9.0,Yes,Basic,CBSE,28.98,"Textbooks, Workbooks"
Male,Elementary,Medium,Intermediate,Medium,44,97,8.9,Yes,Basic,State Board,41.2,"Textbooks, Workbooks"
Male,Elementary,Medium,Beginner,High,88,99,1.6,No,Intermediate,ICSE,52.96,"Educational Apps, Science Kits"
Female,Elementary,Low,Intermediate,High,93,87,10.0,Yes,Fluent,CBSE,51.18,"Educational Apps, Science Kits"
Female,High School,High,Intermediate,High,76,83,1.6,Yes,Intermediate,CBSE,36.28,"Textbooks, Workbooks"
Male,Elementary,High,Beginner,High,31,78,8.4,Yes,Intermediate,State Board,28.85,"Textbooks, Workbooks"
Female,High School,Medium,Intermediate,High,59,60,5.9,Yes,Fluent,State Board,33.05,"Textbooks, Workbooks"
Female,Elementary,Low,Intermediate,Low,67,64,6.8,Yes,Fluent,ICSE,37.82,"Textbooks, Workbooks"
Male,High School,Medium,Intermediate,Medium,34,82,6.0,Yes,Basic,CBSE,28.71,"Textbooks, Workbooks"
Male,Elementary,Medium,Intermediate,Low,35,78,8.7,Yes,Basic,CBSE,32.41,"Textbooks, Workbooks"
Female,High School,Medium,Beginner,High,34,61,6.4,Yes,Fluent,CBSE,29.33,"Textbooks, Workbooks"
Female,Elementary,Medium,Advanced,Low,41,61,8.5,Yes,Fluent,IB,31.33,"Textbooks, Workbooks"
Female,Elementary,High,Beginner,Low,33,68,1.5,No,Intermediate,State Board,27.71,"Textbooks, Workbooks"
Male,Elementary,Medium,Beginner,High,53,77,8.7,Yes,Fluent,CBSE,42.4,"Textbooks, Workbooks"
Male,High School,Medium,Beginner,High,54,75,9.9,Yes,Fluent,CBSE,36.09,"Textbooks, Workbooks"
Male,Elementary,Medium,Intermediate,High,55,98,6.6,Yes,Fluent,ICSE,38.8,"Textbooks, Workbooks"
Male,Elementary,High,Intermediate,Low,84,68,9.8,Yes,Fluent,IB,48.23,"Textbooks, Workbooks"
Male,Elementary,Low,Advanced,Medium,75,82,2.2,Yes,Fluent,IB,45.26,"Textbooks, Workbooks"
Male,Elementary,High,Intermediate,Low,75,92,8.3,No,Intermediate,CBSE,45.6,"Textbooks, Workbooks"
Male,High School,High,Advanced,Low,72,97,1.7,Yes,Fluent,IB,49.33,"Textbooks, Workbooks"
Female,Elementary,High,Advanced,Low,89,93,5.2,Yes,Intermediate,IB,46.47,"Textbooks, Workbooks"
Female,Elementary,High,Intermediate,Medium,62,85,6.6,Yes,Intermediate,ICSE,36.82,"Textbooks, Workbooks"
Male,High School,Medium,Advanced,Low,50,76,6.6,No,Basic,ICSE,28.3,"Textbooks, Workbooks"
Male,High School,Medium,Beginner,Medium,66,73,6.7,Yes,Intermediate,IB,40.61,"Textbooks, Workbooks"
Male,High School,Medium,Beginner,Medium,41,72,3.2,Yes,Basic,ICSE,25.37,"Textbooks, Workbooks"
Female,Elementary,Medium,Beginner,Low,50,81,9.7,Yes,Fluent,CBSE,37.54,"Textbooks, Workbooks"
Male,High School,Low,Advanced,High,42,77,0.1,No,Basic,ICSE,25.05,"Textbooks, Workbooks"
Female,High School,Medium,Advanced,High,62,79,6.2,No,Fluent,State Board,38.93,"Textbooks, Workbooks"
Female,High School,Medium,Beginner,High,99,89,8.7,Yes,Fluent,CBSE,57.64,"Educational Apps, Science Kits"
Female,Elementary,High,Intermediate,Medium,90,94,8.9,Yes,Basic,ICSE,52.58,"Educational Apps, Science Kits"
Female,Elementary,Medium,Beginner,High,59,92,7.2,Yes,Intermediate,IB,39.83,"Textbooks, Workbooks"
Female,Elementary,Medium,Intermediate,High,66,76,5.7,Yes,Fluent,CBSE,35.89,"Textbooks, Workbooks"
Male,High School,High,Intermediate,Medium,45,94,4.6,Yes,Basic,ICSE,41.68,"Textbooks, Workbooks"
Male,Elementary,Medium,Advanced,Medium,74,71,4.5,Yes,Intermediate,State Board,42.04,"Textbooks, Workbooks"
Female,High School,High,Advanced,Low,30,61,4.3,Yes,Intermediate,ICSE,17.09,"Textbooks, Workbooks"
Male,High School,High,Intermediate,High,82,93,7.0,No,Fluent,CBSE,44.71,"Textbooks, Workbooks"
Female,High School,Medium,Intermediate,Medium,57,71,7.3,Yes,Intermediate,ICSE,41.06,"Textbooks, Workbooks"
Female,Elementary,Medium,Intermediate,High,82,85,5.1,Yes,Intermediate,State Board,42.96,"Textbooks, Workbooks"
Male,High School,Medium,Advanced,Medium,73,91,7.4,Yes,Fluent,State Board,45.14,"Textbooks, Workbooks"
Male,High School,High,Beginner,High,96,80,5.3,Yes,Intermediate,IB,49.62,"Textbooks, Workbooks"
Male,Elementary,Medium,Intermediate,High,68,64,1.0,Yes,Basic,CBSE,31.7,"Textbooks, Workbooks"
Male,High School,Medium,Advanced,High,39,87,8.5,Yes,Intermediate,State Board,36.55,"Textbooks, Workbooks"
Male,High School,High,Beginner,Medium,80,82,8.7,Yes,Basic,State Board,46.31,"Textbooks, Workbooks"
Female,High School,Medium,Advanced,Low,43,91,2.7,Yes,Intermediate,State Board,32.1,"Textbooks, Workbooks"
Male,Elementary,High,Beginner,High,35,64,7.9,Yes,Fluent,IB,25.31,"Textbooks, Workbooks"
Male,High School,High,Advanced,High,68,94,5.1,Yes,Intermediate,CBSE,33.34,"Textbooks, Workbooks"
Male,Elementary,High,Beginner,Low,77,65,1.2,No,Basic,State Board,33.69,"Textbooks, Workbooks"
Female,Elementary,High,Intermediate,High,54,78,4.0,Yes,Intermediate,CBSE,31.24,"Textbooks, Workbooks"
Male,High School,Medium,Advanced,Medium,62,99,0.8,Yes,Fluent,State Board,37.77,"Textbooks, Workbooks"
Female,High School,High,Beginner,Low,96,65,7.9,Yes,Intermediate,State Board,52.06,"Educational Apps, Science Kits"
Male,High School,Medium,Beginner,Medium,94,73,2.0,No,Intermediate,CBSE,47.23,"Textbooks, Workbooks"
Male,High School,Medium,Beginner,High,69,62,1.6,No,Basic,CBSE,36.93,"Textbooks, Workbooks"
Female,Elementary,Low,Intermediate,Medium,54,70,2.1,Yes,Intermediate,IB,27.2,"Textbooks, Workbooks"
Male,Elementary,High,Advanced,High,86,98,2.3,Yes,Basic,IB,44.57,"Textbooks, Workbooks"
Male,High School,High,Beginner,Low,61,83,6.7,Yes,Fluent,CBSE,39.8,"Textbooks, Workbooks"
Female,Elementary,High,Intermediate,High,75,77,6.4,Yes,Intermediate,CBSE,51.08,"Educational Apps, Science Kits"
Male,High School,Low,Intermediate,High,33,90,1.3,No,Fluent,IB,39.63,"Textbooks, Workbooks"
Female,High School,High,Intermediate,Medium,52,69,7.2,Yes,Fluent,CBSE,32.25,"Textbooks, Workbooks"
Female,High School,High,Intermediate,Medium,51,85,3.5,Yes,Basic,CBSE,29.39,"Textbooks, Workbooks"
Female,High School,Medium,Intermediate,Medium,62,88,4.6,Yes,Intermediate,IB,34.22,"Textbooks, Workbooks"
Female,Elementary,Medium,Intermediate,High,70,61,1.2,Yes,Basic,IB,30.54,"Textbooks, Workbooks"
Female,Elementary,Medium,Intermediate,Low,91,89,7.1,Yes,Basic,IB,56.05,"Educational Apps, Science Kits"
Male,High School,Low,Advanced,Medium,67,98,3.8,Yes,Basic,State Board,44.88,"Textbooks, Workbooks"
Male,High School,Medium,Advanced,Low,85,69,6.3,Yes,Intermediate,ICSE,36.43,"Textbooks, Workbooks"
Male,Elementary,Medium,Intermediate,Medium,92,71,4.3,Yes,Basic,State Board,38.9,"Textbooks, Workbooks"
Female,Elementary,Medium,Beginner,Medium,84,79,0.5,Yes,Fluent,CBSE,45.53,"Textbooks, Workbooks"
Female,Elementary,Low,Beginner,High,80,78,7.0,Yes,Intermediate,IB,54.14,"Educational Apps, Science Kits"
Female,High School,Medium,Beginner,Medium,94,65,5.5,No,Fluent,State Board,51.01,"Educational Apps, Science Kits"
Female,Elementary,Low,Intermediate,Medium,86,82,4.3,Yes,Basic,State Board,42.31,"Textbooks, Workbooks"
Male,High School,High,Beginner,High,56,78,2.0,No,Basic,CBSE,30.08,"Textbooks, Workbooks"
Male,High School,Medium,Advanced,Medium,86,90,6.2,Yes,Fluent,State Board,50.08,"Educational Apps, Science Kits"
Female,Elementary,Medium,Advanced,Medium,84,92,2.8,No,Fluent,ICSE,48.98,"Textbooks, Workbooks"
Female,High School,Medium,Advanced,High,33,61,4.3,Yes,Basic,IB,26.84,"Textbooks, Workbooks"
Male,Elementary,Medium,Advanced,Medium,94,74,0.6,Yes,Intermediate,IB,36.37,"Textbooks, Workbooks"
Female,High School,High,Intermediate,Low,85,70,7.8,Yes,Intermediate,CBSE,47.41,"Textbooks, Workbooks"
Female,High School,Low,Advanced,Medium,82,85,0.9,Yes,Basic,CBSE,44.0,"Textbooks, Workbooks"
Female,High School,Medium,Beginner,Medium,73,77,8.9,Yes,Basic,IB,47.33,"Textbooks, Workbooks"
Male,High School,High,Beginner,Low,45,60,8.7,Yes,Fluent,IB,31.57,"Textbooks, Workbooks"
Male,High School,Medium,Advanced,High,52,91,9.7,No,Fluent,State Board,49.2,"Textbooks, Workbooks"
Female,High School,Low,Advanced,Medium,60,63,9.1,Yes,Basic,CBSE,39.46,"Textbooks, Workbooks"
Male,Elementary,Low,Advanced,High,57,81,9.7,No,Basic,CBSE,35.7,"Textbooks, Workbooks"
Female,Elementary,Low,Beginner,Low,79,95,8.9,Yes,Basic,IB,49.19,"Textbooks, Workbooks"
Female,High School,High,Beginner,High,45,88,1.1,Yes,Fluent,ICSE,29.5,"Textbooks, Workbooks"
Male,Elementary,Medium,Advanced,High,70,95,4.4,Yes,Basic,CBSE,35.82,"Textbooks, Workbooks"
Female,High School,High,Beginner,High,38,92,0.8,Yes,Basic,CBSE,22.8,"Textbooks, Workbooks"
Female,Elementary,High,Beginner,Medium,31,98,5.5,Yes,Fluent,CBSE,37.04,"Textbooks, Workbooks"
Male,Elementary,Medium,Intermediate,Medium,72,73,5.3,Yes,Fluent,IB,38.81,"Textbooks, Workbooks"
Female,High School,Low,Advanced,Medium,95,96,9.2,No,Intermediate,State Board,63.61,"Educational Apps, Science Kits"
Female,Elementary,Low,Advanced,High,78,64,9.7,Yes,Fluent,IB,43.69,"Textbooks, Workbooks"
Female,High School,Medium,Intermediate,High,50,81,2.6,Yes,Intermediate,IB,36.46,"Textbooks, Workbooks"
Male,Elementary,Medium,Intermediate,Low,48,64,5.8,Yes,Intermediate,CBSE,36.18,"Textbooks, Workbooks"
Female,High School,Medium,Beginner,High,86,96,4.6,Yes,Basic,CBSE,50.96,"Educational Apps, Science Kits"
Male,Elementary,Medium,Intermediate,High,89,97,5.5,Yes,Basic,ICSE,48.55,"Textbooks, Workbooks"
Female,High School,High,Advanced,Medium,48,93,5.3,Yes,Fluent,IB,41.8,"Textbooks, Workbooks"
Female,Elementary,Medium,Advanced,Low,93,74,9.1,Yes,Basic,State Board,47.37,"Textbooks, Workbooks"
Female,High School,Medium,Advanced,High,64,96,9.0,No,Fluent,State Board,46.38,"Textbooks, Workbooks"
Female,Elementary,High,Beginner,Medium,62,86,1.2,No,Basic,IB,42.64,"Textbooks, Workbooks"
Male,High School,Low,Beginner,High,96,60,3.5,Yes,Intermediate,CBSE,48.62,"Textbooks, Workbooks"
Male,Elementary,Medium,Advanced,High,77,88,7.5,Yes,Intermediate,CBSE,45.48,"Textbooks, Workbooks"
Female,High School,Low,Advanced,Low,89,67,6.8,Yes,Basic,ICSE,44.3,"Textbooks, Workbooks"
Female,Elementary,Low,Beginner,Medium,74,92,6.3,Yes,Fluent,State Board,50.25,"Educational Apps, Science Kits"
Female,High School,Medium,Beginner,Medium,97,66,9.9,Yes,Intermediate,CBSE,58.52,"Educational Apps, Science Kits"
Female,High School,Medium,Intermediate,High,97,88,3.4,Yes,Basic,CBSE,46.48,"Textbooks, Workbooks"
Female,High School,Medium,Beginner,Low,44,90,5.2,No,Fluent,CBSE,35.5,"Textbooks, Workbooks"
Female,High School,High,Beginner,Low,44,97,9.8,Yes,Basic,ICSE,42.29,"Textbooks, Workbooks"
Female,Elementary,Low,Advanced,High,52,67,7.0,Yes,Fluent,State Board,34.45,"Textbooks, Workbooks"
Female,Elementary,Medium,Advanced,Low,89,90,6.5,No,Fluent,ICSE,50.83,"Educational Apps, Science Kits"
Male,Elementary,Low,Advanced,Medium,43,96,1.5,Yes,Intermediate,ICSE,35.41,"Textbooks, Workbooks"
Male,High School,Medium,Intermediate,Medium,31,74,2.5,Yes,Basic,ICSE,22.15,"Textbooks, Workbooks"
Male,High School,Medium,Beginner,Medium,72,91,3.8,Yes,Intermediate,ICSE,44.21,"Textbooks, Workbooks"
Female,High School,High,Intermediate,Medium,45,85,4.6,No,Intermediate,IB,31.99,"Textbooks, Workbooks"
Female,High School,Medium,Beginner,Medium,57,70,5.0,No,Intermediate,CBSE,35.39,"Textbooks, Workbooks"
Female,High School,Low,Beginner,High,61,82,9.0,Yes,Fluent,ICSE,47.51,"Textbooks, Workbooks"
Male,Elementary,Medium,Advanced,Low,31,93,1.1,Yes,Intermediate,State Board,31.51,"Textbooks, Workbooks"
Female,Elementary,Low,Beginner,Medium,36,92,2.5,Yes,Intermediate,ICSE,27.51,"Textbooks, Workbooks"
Male,Elementary,Medium,Intermediate,Medium,67,76,1.4,Yes,Basic,ICSE,36.88,"Textbooks, Workbooks"
Female,High School,Medium,Advanced,Medium,77,92,7.4,Yes,Intermediate,State Board,53.07,"Educational Apps, Science Kits"
Male,High School,Low,Intermediate,Medium,31,61,9.7,Yes,Basic,ICSE,25.79,"Textbooks, Workbooks"
Male,High School,Medium,Intermediate,Low,71,63,8.9,Yes,Intermediate,CBSE,40.0,"Textbooks, Workbooks"
Male,High School,Medium,Advanced,High,71,71,7.2,Yes,Fluent,State Board,47.07,"Textbooks, Workbooks"
Female,High School,Medium,Beginner,Medium,49,88,0.2,Yes,Fluent,CBSE,31.16,"Textbooks, Workbooks"
Male,High School,Low,Intermediate,Medium,35,98,3.5,Yes,Basic,State Board,25.7,"Textbooks, Workbooks"
Female,High School,High,Beginner,Medium,40,78,8.6,Yes,Basic,IB,36.14,"Textbooks, Workbooks"
Female,Elementary,Medium,Advanced,Low,98,61,6.5,Yes,Intermediate,CBSE,49.19,"Textbooks, Workbooks"
Female,Elementary,High,Beginner,Low,69,66,2.1,Yes,Fluent,ICSE,39.73,"Textbooks, Workbooks"
Female,High School,Medium,Beginner,Low,65,81,4.7,Yes,Fluent,ICSE,41.32,"Textbooks, Workbooks"
Female,High School,Medium,Advanced,Low,80,70,0.9,Yes,Basic,ICSE,42.15,"Textbooks, Workbooks"
Male,High School,Medium,Beginner,Low,76,92,5.2,Yes,Intermediate,State Board,42.83,"Textbooks, Workbooks"
Female,Elementary,Medium,Intermediate,Medium,46,79,9.0,Yes,Fluent,ICSE,39.96,"Textbooks, Workbooks"
Female,Elementary,Low,Intermediate,Medium,55,64,0.4,No,Basic,CBSE,38.4,"Textbooks, Workbooks"
Female,High School,Medium,Intermediate,Medium,82,63,6.1,Yes,Intermediate,CBSE,39.44,"Textbooks, Workbooks"
Female,Elementary,High,Beginner,Low,77,73,2.3,Yes,Basic,IB,37.01,"Textbooks, Workbooks"
Female,Elementary,Medium,Intermediate,High,56,62,9.9,Yes,Intermediate,State Board,41.29,"Textbooks, Workbooks"
Male,Elementary,Low,Beginner,High,75,77,0.7,No,Fluent,CBSE,38.87,"Textbooks, Workbooks"
Male,High School,Medium,Beginner,High,96,86,6.2,Yes,Basic,ICSE,48.24,"Textbooks, Workbooks"
Female,Elementary,High,Beginner,Medium,48,63,2.6,Yes,Fluent,ICSE,24.77,"Textbooks, Workbooks"
Male,Elementary,High,Beginner,Medium,94,62,8.8,Yes,Basic,CBSE,61.3,"Educational Apps, Science Kits"
Male,High School,Low,Advanced,Low,65,86,1.2,Yes,Basic,IB,30.75,"Textbooks, Workbooks"
Female,High School,High,Intermediate,High,96,87,4.3,No,Fluent,IB,45.82,"Textbooks, Workbooks"
Male,Elementary,Medium,Intermediate,Low,71,81,1.9,Yes,Basic,CBSE,41.2,"Textbooks, Workbooks"
Female,High School,Medium,Beginner,Medium,96,88,8.0,Yes,Intermediate,CBSE,49.4,"Textbooks, Workbooks"
Male,Elementary,Medium,Advanced,Medium,98,75,3.5,Yes,Intermediate,State Board,48.8,"Textbooks, Workbooks"
Male,Elementary,High,Beginner,Medium,78,94,1.9,No,Intermediate,State Board,37.9,"Textbooks, Workbooks"
Male,High School,High,Intermediate,Medium,66,78,7.3,Yes,Basic,CBSE,40.32,"Textbooks, Workbooks"
Female,High School,High,Intermediate,Low,75,89,8.2,Yes,Basic,ICSE,45.52,"Textbooks, Workbooks"
Male,Elementary,Low,Advanced,Medium,85,74,4.6,No,Basic,CBSE,41.53,"Textbooks, Workbooks"
Male,High School,High,Beginner,High,92,64,3.8,Yes,Fluent,State Board,45.47,"Textbooks, Workbooks"
Female,High School,Low,Advanced,High,59,90,6.3,No,Basic,CBSE,37.44,"Textbooks, Workbooks"
Female,Elementary,Medium,Beginner,Medium,92,90,6.5,Yes,Basic,IB,53.76,"Educational Apps, Science Kits"
Male,Elementary,Medium,Advanced,Medium,55,68,6.6,Yes,Fluent,State Board,31.35,"Textbooks, Workbooks"
Female,Elementary,Medium,Intermediate,Low,52,72,2.8,Yes,Basic,IB,33.72,"Textbooks, Workbooks"
Male,Elementary,Medium,Advanced,Low,49,80,9.4,Yes,Fluent,State Board,40.4,"Textbooks, Workbooks"
Male,Elementary,Medium,Intermediate,Low,75,90,2.1,Yes,Fluent,State Board,44.61,"Textbooks, Workbooks"
Female,Elementary,High,Intermediate,Medium,60,60,3.7,Yes,Fluent,State Board,38.32,"Textbooks, Workbooks"
Female,High School,Medium,Beginner,High,96,72,2.8,Yes,Fluent,ICSE,40.08,"Textbooks, Workbooks"
Female,High School,Medium,Advanced,Medium,50,93,9.3,Yes,Fluent,State Board,34.81,"Textbooks, Workbooks"
Male,Elementary,High,Advanced,Low,80,95,8.3,Yes,Intermediate,IB,42.94,"Textbooks, Workbooks"
Female,High School,Low,Advanced,Medium,68,75,8.1,Yes,Intermediate,State Board,43.69,"Textbooks, Workbooks"
Male,High School,Medium,Advanced,Low,92,69,0.0,Yes,Basic,IB,38.15,"Textbooks, Workbooks"
Female,Elementary,Medium,Beginner,High,98,97,6.9,Yes,Basic,CBSE,52.77,"Educational Apps, Science Kits"
Male,High School,Medium,Beginner,Low,49,93,2.3,Yes,Basic,IB,36.75,"Textbooks, Workbooks"
Female,High School,Medium,Beginner,Medium,52,84,9.7,Yes,Basic,IB,42.98,"Textbooks, Workbooks"
Male,Elementary,Low,Intermediate,Medium,71,60,5.3,Yes,Basic,IB,28.43,"Textbooks, Workbooks"
Female,High School,High,Intermediate,Low,32,71,5.6,Yes,Fluent,State Board,27.41,"Textbooks, Workbooks"
Male,High School,Low,Intermediate,Low,56,81,3.6,Yes,Intermediate,IB,32.98,"Textbooks, Workbooks"
Female,Elementary,Medium,Beginner,Medium,53,81,5.4,Yes,Intermediate,IB,36.7,"Textbooks, Workbooks"
Female,High School,Low,Intermediate,Low,38,61,7.5,Yes,Intermediate,IB,29.44,"Textbooks, Workbooks"
Male,High School,Medium,Advanced,Medium,31,67,5.6,Yes,Fluent,IB,25.36,"Textbooks, Workbooks"
Female,High School,Medium,Intermediate,High,35,92,6.4,Yes,Intermediate,IB,39.34,"Textbooks, Workbooks"
Male,Elementary,High,Beginner,Medium,50,64,4.7,Yes,Fluent,ICSE,32.75,"Textbooks, Workbooks"
Male,Elementary,High,Beginner,Medium,58,69,7.2,Yes,Intermediate,CBSE,34.46,"Textbooks, Workbooks"
Female,High School,Medium,Beginner,High,42,62,9.0,Yes,Fluent,IB,30.5,"Textbooks, Workbooks"
Male,High School,High,Beginner,Medium,98,70,0.5,Yes,Basic,CBSE,37.14,"Textbooks, Workbooks"
Female,Elementary,Medium,Advanced,High,71,89,1.1,Yes,Basic,State Board,32.14,"Textbooks, Workbooks"
Female,Elementary,Medium,Intermediate,Low,30,87,6.9,Yes,Fluent,IB,28.22,"Textbooks, Workbooks"
Male,High School,Medium,Intermediate,High,49,64,3.8,Yes,Fluent,State Board,31.56,"Textbooks, Workbooks"
Female,Elementary,Medium,Beginner,Medium,72,71,2.8,No,Fluent,ICSE,42.89,"Textbooks, Workbooks"
Male,High School,High,Intermediate,High,30,88,1.8,Yes,Intermediate,State Board,21.81,"Textbooks, Workbooks"
Male,High School,Low,Advanced,Low,69,85,5.7,Yes,Basic,State Board,44.1,"Textbooks, Workbooks"
Female,Elementary,Medium,Beginner,Low,36,88,3.5,No,Intermediate,State Board,36.65,"Textbooks, Workbooks"
Female,Elementary,High,Intermediate,Low,64,88,5.1,Yes,Basic,IB,45.67,"Textbooks, Workbooks"
Male,High School,High,Intermediate,High,81,73,9.6,Yes,Intermediate,State Board,49.99,"Textbooks, Workbooks"
Male,High School,High,Intermediate,Medium,63,95,7.6,No,Intermediate,ICSE,37.38,"Textbooks, Workbooks"
Female,Elementary,Medium,Intermediate,High,79,94,8.0,Yes,Fluent,IB,46.1,"Textbooks, Workbooks"
Female,High School,Medium,Beginner,Low,98,67,1.2,Yes,Basic,IB,48.33,"Textbooks, Workbooks"
Female,Elementary,Medium,Beginner,Low,58,75,3.2,Yes,Intermediate,CBSE,36.94,"Textbooks, Workbooks"
Female,Elementary,Medium,Advanced,Low,30,64,1.1,Yes,Fluent,State Board,24.07,"Textbooks, Workbooks"
Male,Elementary,High,Beginner,Medium,87,75,9.7,Yes,Fluent,State Board,53.16,"Educational Apps, Science Kits"
Female,Elementary,High,Intermediate,High,94,72,6.8,No,Fluent,IB,47.45,"Textbooks, Workbooks"
Male,Elementary,High,Intermediate,Medium,46,67,0.2,Yes,Fluent,IB,24.66,"Textbooks, Workbooks"
Male,High School,Low,Intermediate,High,91,85,4.8,No,Intermediate,State Board,65.58,"Educational Apps, Science Kits"
Female,Elementary,High,Advanced,Low,71,64,2.6,Yes,Intermediate,ICSE,37.52,"Textbooks, Workbooks"
Male,Elementary,High,Beginner,Medium,57,68,5.4,Yes,Basic,CBSE,40.28,"Textbooks, Workbooks"
Female,Elementary,Medium,Beginner,High,32,97,1.8,Yes,Intermediate,State Board,28.14,"Textbooks, Workbooks"
Male,Elementary,Medium,Beginner,Low,34,61,0.6,Yes,Fluent,IB,23.16,"Textbooks, Workbooks"
Female,Elementary,High,Intermediate,Low,95,66,3.2,Yes,Basic,CBSE,43.85,"Textbooks, Workbooks"
Male,Elementary,Medium,Intermediate,Medium,83,89,3.0,Yes,Basic,CBSE,45.51,"Textbooks, Workbooks"
Male,Elementary,High,Intermediate,Low,67,76,7.2,Yes,Intermediate,State Board,35.16,"Textbooks, Workbooks"
Female,High School,Medium,Advanced,High,73,90,4.7,Yes,Basic,IB,47.07,"Textbooks, Workbooks"
Female,High School,High,Advanced,High,86,60,2.9,Yes,Intermediate,IB,55.02,"Educational Apps, Science Kits"
Male,High School,High,Intermediate,High,53,87,5.7,Yes,Fluent,IB,37.71,"Textbooks, Workbooks"
Male,High School,Medium,Advanced,High,88,89,0.7,Yes,Fluent,State Board,37.08,"Textbooks, Workbooks"
Female,Elementary,High,Advanced,Low,37,90,6.6,Yes,Intermediate,IB,29.48,"Textbooks, Workbooks"
Male,High School,Medium,Advanced,Low,31,83,1.5,Yes,Fluent,State Board,31.91,"Textbooks, Workbooks"
Female,Elementary,Medium,Beginner,High,70,90,2.8,Yes,Intermediate,IB,35.19,"Textbooks, Workbooks"
Male,High School,Low,Advanced,Medium,85,70,2.8,Yes,Intermediate,CBSE,44.05,"Textbooks, Workbooks"
Female,High School,Medium,Intermediate,Medium,77,75,4.7,Yes,Fluent,ICSE,47.07,"Textbooks, Workbooks"
Male,Elementary,High,Beginner,High,51,68,9.5,Yes,Fluent,CBSE,38.35,"Textbooks, Workbooks"
Female,Elementary,High,Advanced,Medium,47,89,3.2,Yes,Basic,IB,25.59,"Textbooks, Workbooks"
Female,High School,Medium,Intermediate,Low,70,71,2.8,No,Fluent,CBSE,35.28,"Textbooks, Workbooks"
Male,High School,Medium,Advanced,High,96,75,1.7,Yes,Fluent,ICSE,50.09,"Educational Apps, Science Kits"
Female,High School,Low,Intermediate,Medium,77,92,3.9,Yes,Intermediate,CBSE,40.28,"Textbooks, Workbooks"
Male,High School,Medium,Intermediate,High,52,65,1.8,No,Intermediate,IB,31.36,"Textbooks, Workbooks"
Female,Elementary,High,Advanced,Medium,31,60,1.4,No,Fluent,IB,17.54,"Textbooks, Workbooks"
Female,High School,Medium,Advanced,Low,33,72,8.6,Yes,Basic,State Board,33.1,"Textbooks, Workbooks"
Female,High School,Medium,Beginner,Low,55,96,0.5,No,Intermediate,IB,35.34,"Textbooks, Workbooks"
Male,High School,Medium,Advanced,High,48,94,7.1,Yes,Intermediate,ICSE,39.09,"Textbooks, Workbooks"
Female,High School,Low,Intermediate,Medium,78,85,2.0,No,Fluent,State Board,38.91,"Textbooks, Workbooks"
Male,High School,High,Beginner,Medium,82,68,0.1,Yes,Fluent,IB,34.83,"Textbooks, Workbooks"
Female,Elementary,Medium,Intermediate,Medium,35,76,8.0,Yes,Fluent,IB,21.45,"Textbooks, Workbooks"
Male,Elementary,Medium,Intermediate,Medium,91,97,7.0,Yes,Fluent,IB,49.42,"Textbooks, Workbooks"
Male,Elementary,High,Advanced,Low,30,94,3.3,Yes,Fluent,IB,26.63,"Textbooks, Workbooks"
Male,Elementary,High,Intermediate,Medium,45,84,0.8,No,Basic,CBSE,31.64,"Textbooks, Workbooks"
Female,Elementary,High,Advanced,Low,81,66,3.6,Yes,Intermediate,State Board,33.27,"Textbooks, Workbooks"
Male,High School,High,Intermediate,Medium,36,90,1.8,No,Basic,State Board,35.35,"Textbooks, Workbooks"
Female,Elementary,High,Beginner,Medium,64,91,9.3,Yes,Basic,IB,41.23,"Textbooks, Workbooks"
Male,Elementary,Medium,Advanced,Low,97,78,5.3,Yes,Fluent,CBSE,47.92,"Textbooks, Workbooks"
Male,High School,Low,Beginner,Medium,44,76,9.6,Yes,Intermediate,ICSE,37.48,"Textbooks, Workbooks"
Male,Elementary,Medium,Advanced,Medium,86,65,3.5,Yes,Fluent,CBSE,40.99,"Textbooks, Workbooks"
Male,Elementary,High,Beginner,Low,52,84,5.6,Yes,Basic,CBSE,38.33,"Textbooks, Workbooks"
Female,Elementary,Low,Advanced,High,40,92,1.9,Yes,Intermediate,CBSE,27.19,"Textbooks, Workbooks"
Male,Elementary,Low,Beginner,Low,33,78,8.1,Yes,Intermediate,State Board,27.81,"Textbooks, Workbooks"
Male,High School,Low,Beginner,Medium,87,74,0.4,Yes,Fluent,CBSE,40.3,"Textbooks, Workbooks"
Female,High School,High,Advanced,Low,69,94,7.0,Yes,Basic,CBSE,41.98,"Textbooks, Workbooks"
Male,Elementary,Medium,Advanced,High,87,91,3.9,No,Fluent,CBSE,48.42,"Textbooks, Workbooks"
Male,High School,Medium,Intermediate,High,96,97,5.8,Yes,Intermediate,ICSE,57.91,"Educational Apps, Science Kits"
Male,Elementary,Low,Intermediate,Medium,67,95,5.9,Yes,Fluent,State Board,33.29,"Textbooks, Workbooks"
Male,High School,High,Advanced,High,31,91,7.1,Yes,Intermediate,IB,36.06,"Textbooks, Workbooks"
Female,High School,Medium,Advanced,Low,69,91,2.0,Yes,Fluent,State Board,41.11,"Textbooks, Workbooks"
Female,High School,Medium,Beginner,Low,85,99,5.3,Yes,Basic,ICSE,55.26,"Educational Apps, Science Kits"
Male,High School,Medium,Beginner,Medium,64,95,4.3,Yes,Basic,CBSE,42.05,"Textbooks, Workbooks"
Female,High School,Medium,Intermediate,Medium,78,93,2.8,Yes,Fluent,CBSE,46.38,"Textbooks, Workbooks"
Female,High School,Medium,Intermediate,Medium,96,69,5.0,Yes,Basic,CBSE,42.62,"Textbooks, Workbooks"
Male,High School,Medium,Intermediate,Medium,73,92,9.5,Yes,Fluent,ICSE,52.81,"Educational Apps, Science Kits"
Female,High School,Medium,Beginner,Medium,60,69,9.5,Yes,Intermediate,CBSE,34.65,"Textbooks, Workbooks"
Male,High School,High,Beginner,High,94,94,2.8,Yes,Basic,ICSE,48.55,"Textbooks, Workbooks"
Female,High School,Medium,Beginner,Low,47,81,8.8,Yes,Basic,CBSE,44.59,"Textbooks, Workbooks"
Female,High School,Low,Intermediate,Low,65,82,8.8,Yes,Basic,CBSE,45.37,"Textbooks, Workbooks"
Female,Elementary,High,Advanced,Medium,91,66,2.5,Yes,Intermediate,ICSE,40.93,"Textbooks, Workbooks"
Male,High School,High,Intermediate,Medium,58,80,6.0,Yes,Basic,ICSE,36.93,"Textbooks, Workbooks"
Female,Elementary,Low,Beginner,Low,52,60,8.7,Yes,Basic,ICSE,36.99,"Textbooks, Workbooks"
Male,High School,Low,Intermediate,Low,32,72,5.1,Yes,Fluent,ICSE,31.59,"Textbooks, Workbooks"
Male,Elementary,High,Intermediate,Medium,59,68,3.7,Yes,Fluent,State Board,29.49,"Textbooks, Workbooks"
Female,Elementary,High,Intermediate,Low,74,79,6.5,No,Intermediate,State Board,46.57,"Textbooks, Workbooks"
Male,Elementary,Medium,Intermediate,High,78,69,1.7,Yes,Intermediate,CBSE,38.33,"Textbooks, Workbooks"
Female,High School,Medium,Beginner,Low,48,85,1.6,Yes,Fluent,CBSE,27.01,"Textbooks, Workbooks"
Male,High School,Low,Intermediate,Low,93,60,8.3,Yes,Basic,IB,51.1,"Educational Apps, Science Kits"
Male,High School,Medium,Beginner,Medium,34,76,0.4,Yes,Fluent,CBSE,21.4,"Textbooks, Workbooks"
Female,High School,Low,Intermediate,High,85,76,8.0,Yes,Fluent,CBSE,43.1,"Textbooks, Workbooks"
Female,Elementary,Medium,Beginner,Medium,63,98,2.9,Yes,Intermediate,CBSE,40.15,"Textbooks, Workbooks"
Female,High School,Low,Advanced,Medium,77,71,4.8,Yes,Intermediate,State Board,42.34,"Textbooks, Workbooks"
Female,High School,Medium,Beginner,Low,55,74,5.4,Yes,Basic,CBSE,34.51,"Textbooks, Workbooks"
Male,High School,Medium,Beginner,Medium,34,60,7.7,Yes,Fluent,CBSE,22.46,"Textbooks, Workbooks"
Male,High School,Medium,Advanced,Low,60,91,8.8,Yes,Basic,IB,49.5,"Textbooks, Workbooks"
Male,High School,Low,Advanced,Medium,53,70,8.0,No,Intermediate,State Board,39.56,"Textbooks, Workbooks"
Female,High School,Medium,Advanced,Medium,51,64,5.7,Yes,Intermediate,State Board,34.96,"Textbooks, Workbooks"
Male,High School,High,Advanced,Low,51,77,3.5,Yes,Intermediate,ICSE,28.81,"Textbooks, Workbooks"
Female,High School,Medium,Advanced,Low,86,77,5.3,Yes,Basic,CBSE,43.83,"Textbooks, Workbooks"
Male,Elementary,High,Advanced,High,59,82,0.3,No,Basic,CBSE,27.59,"Textbooks, Workbooks"
Female,Elementary,Medium,Intermediate,Medium,76,66,2.4,Yes,Fluent,State Board,36.83,"Textbooks, Workbooks"
Male,High School,Medium,Intermediate,High,96,85,3.7,Yes,Intermediate,ICSE,43.86,"Textbooks, Workbooks"
Male,High School,Medium,Advanced,Low,68,60,3.2,Yes,Fluent,ICSE,32.46,"Textbooks, Workbooks"
Female,High School,High,Beginner,Medium,95,87,1.0,Yes,Intermediate,IB,57.06,"Educational Apps, Science Kits"
Male,High School,Low,Beginner,Low,58,79,0.5,Yes,Fluent,IB,43.95,"Textbooks, Workbooks"
Female,Elementary,Low,Advanced,Low,43,82,4.2,No,Intermediate,State Board,31.44,"Textbooks, Workbooks"
Male,Elementary,Medium,Intermediate,Medium,33,91,0.7,Yes,Fluent,State Board,24.8,"Textbooks, Workbooks"
Male,High School,High,Intermediate,High,34,97,2.9,Yes,Basic,State Board,33.78,"Textbooks, Workbooks"
Female,Elementary,High,Beginner,Medium,73,98,4.7,Yes,Basic,State Board,43.53,"Textbooks, Workbooks"
Female,Elementary,Medium,Advanced,High,53,77,2.1,Yes,Fluent,IB,37.45,"Textbooks, Workbooks"
Male,High School,Medium,Intermediate,Medium,57,92,0.8,Yes,Intermediate,ICSE,36.23,"Textbooks, Workbooks"
Male,High School,Medium,Advanced,Medium,53,84,4.3,Yes,Basic,State Board,41.13,"Textbooks, Workbooks"
Male,High School,Medium,Advanced,High,34,91,4.5,Yes,Fluent,CBSE,36.02,"Textbooks, Workbooks"
Male,Elementary,Medium,Beginner,Medium,42,87,9.2,No,Basic,ICSE,33.41,"Textbooks, Workbooks"
Male,Elementary,High,Advanced,Medium,84,72,1.3,No,Fluent,CBSE,39.81,"Textbooks, Workbooks"
Male,High School,High,Advanced,Medium,59,78,6.1,Yes,Fluent,State Board,39.18,"Textbooks, Workbooks"
Female,High School,Medium,Beginner,Medium,78,62,3.2,Yes,Basic,ICSE,46.3,"Textbooks, Workbooks"
Female,Elementary,Medium,Intermediate,High,44,86,1.2,Yes,Basic,State Board,37.22,"Textbooks, Workbooks"
Female,Elementary,Medium,Advanced,Low,59,76,3.9,Yes,Fluent,ICSE,35.63,"Textbooks, Workbooks"
Male,High School,Medium,Beginner,Low,57,88,4.3,Yes,Fluent,ICSE,36.61,"Textbooks, Workbooks"
Male,Elementary,Medium,Intermediate,High,33,92,3.6,Yes,Fluent,ICSE,32.07,"Textbooks, Workbooks"
Male,High School,Low,Advanced,High,97,87,7.7,No,Fluent,CBSE,54.47,"Educational Apps, Science Kits"
Female,High School,Low,Intermediate,Medium,44,79,8.4,Yes,Fluent,CBSE,36.97,"Textbooks, Workbooks"
Female,Elementary,Medium,Beginner,Low,63,93,1.5,Yes,Basic,State Board,38.42,"Textbooks, Workbooks"
Male,Elementary,High,Advanced,Medium,72,75,1.7,Yes,Intermediate,CBSE,28.23,"Textbooks, Workbooks"
Male,Elementary,Medium,Beginner,Low,90,98,4.2,Yes,Fluent,CBSE,50.72,"Educational Apps, Science Kits"
Female,High School,Medium,Beginner,Medium,92,61,3.2,Yes,Intermediate,State Board,43.44,"Textbooks, Workbooks"
Female,High School,Medium,Advanced,Low,31,87,8.2,Yes,Intermediate,State Board,31.53,"Textbooks, Workbooks"
Female,High School,Low,Beginner,Medium,81,76,10.0,Yes,Intermediate,IB,50.04,"Educational Apps, Science Kits"
Male,High School,High,Intermediate,Low,81,79,1.8,No,Fluent,IB,36.08,"Textbooks, Workbooks"
Male,High School,High,Beginner,Medium,44,77,7.6,Yes,Basic,ICSE,36.41,"Textbooks, Workbooks"
Male,High School,Low,Advanced,Medium,69,87,6.1,Yes,Intermediate,CBSE,40.18,"Textbooks, Workbooks"
Female,Elementary,High,Advanced,Medium,57,87,6.4,No,Fluent,CBSE,31.99,"Textbooks, Workbooks"
Female,High School,Medium,Intermediate,Low,84,75,2.6,Yes,Basic,ICSE,45.58,"Textbooks, Workbooks"
Male,High School,High,Advanced,Low,79,92,1.0,Yes,Basic,ICSE,44.78,"Textbooks, Workbooks"
Male,High School,Medium,Beginner,Medium,51,80,5.4,Yes,Intermediate,ICSE,27.6,"Textbooks, Workbooks"
Female,High School,Medium,Beginner,Medium,58,64,6.1,Yes,Intermediate,CBSE,28.95,"Textbooks, Workbooks"
Male,Elementary,Medium,Advanced,Medium,41,96,9.6,Yes,Intermediate,CBSE,32.5,"Textbooks, Workbooks"
Female,High School,High,Intermediate,Low,67,77,6.8,Yes,Basic,State Board,34.22,"Textbooks, Workbooks"
Female,Elementary,Low,Intermediate,High,31,64,4.4,Yes,Basic,CBSE,22.17,"Textbooks, Workbooks"
Male,Elementary,High,Advanced,High,41,70,9.9,No,Basic,IB,36.21,"Textbooks, Workbooks"
Female,High School,Low,Beginner,Medium,84,81,3.7,Yes,Intermediate,State Board,47.2,"Textbooks, Workbooks"
Male,High School,High,Advanced,Medium,41,82,1.6,No,Intermediate,ICSE,26.59,"Textbooks, Workbooks"
Female,Elementary,Low,Advanced,High,38,85,6.2,Yes,Fluent,CBSE,24.84,"Textbooks, Workbooks"
Female,Elementary,High,Intermediate,High,61,86,2.7,Yes,Fluent,ICSE,38.09,"Textbooks, Workbooks"
Male,High School,Medium,Beginner,High,37,62,9.2,No,Intermediate,IB,32.69,"Textbooks, Workbooks"
Female,Elementary,Medium,Intermediate,Medium,57,61,4.3,No,Basic,ICSE,30.0,"Textbooks, Workbooks"
Male,High School,High,Intermediate,High,85,76,1.5,Yes,Basic,State Board,37.88,"Textbooks, Workbooks"
Male,High School,High,Beginner,Low,65,62,1.4,Yes,Intermediate,CBSE,33.23,"Textbooks, Workbooks"
Female,Elementary,Medium,Beginner,Medium,66,62,6.5,Yes,Fluent,ICSE,33.92,"Textbooks, Workbooks"
Male,High School,Low,Beginner,Medium,61,99,3.7,Yes,Intermediate,CBSE,31.23,"Textbooks, Workbooks"
Male,High School,Medium,Advanced,Medium,68,75,3.6,Yes,Intermediate,State Board,32.72,"Textbooks, Workbooks"
Male,High School,Medium,Beginner,Medium,78,71,6.1,Yes,Basic,State Board,39.53,"Textbooks, Workbooks"
Male,Elementary,Medium,Advanced,Low,47,60,2.2,Yes,Intermediate,State Board,32.44,"Textbooks, Workbooks"
Male,Elementary,Medium,Intermediate,High,52,63,1.5,Yes,Intermediate,IB,25.55,"Textbooks, Workbooks"
Male,Elementary,Low,Beginner,Medium,62,76,6.6,No,Basic,State Board,36.12,"Textbooks, Workbooks"
Female,High School,High,Advanced,High,80,78,0.1,Yes,Basic,IB,40.55,"Textbooks, Workbooks"
Male,Elementary,High,Advanced,Low,72,63,9.1,Yes,Basic,CBSE,42.96,"Textbooks, Workbooks"
Female,Elementary,Low,Advanced,Medium,33,98,1.8,No,Basic,State Board,22.96,"Textbooks, Workbooks"
Female,Elementary,Medium,Advanced,Medium,96,79,4.5,Yes,Fluent,State Board,47.65,"Textbooks, Workbooks"
Male,High School,Medium,Intermediate,Medium,31,98,2.1,Yes,Fluent,IB,34.22,"Textbooks, Workbooks"
Female,High School,Medium,Beginner,High,74,63,2.2,Yes,Intermediate,State Board,38.52,"Textbooks, Workbooks"
Female,Elementary,Low,Beginner,Low,69,76,8.4,Yes,Basic,ICSE,45.34,"Textbooks, Workbooks"
Male,Elementary,Medium,Beginner,Low,31,74,5.9,Yes,Basic,IB,30.08,"Textbooks, Workbooks"
Male,Elementary,Medium,Beginner,High,61,87,3.1,No,Basic,IB,33.31,"Textbooks, Workbooks"
Male,High School,Medium,Beginner,Medium,30,75,2.5,Yes,Fluent,IB,29.14,"Textbooks, Workbooks"
Female,Elementary,High,Beginner,Low,47,65,2.1,Yes,Intermediate,IB,25.15,"Textbooks, Workbooks"
Female,High School,High,Advanced,Medium,93,87,5.5,Yes,Intermediate,CBSE,47.84,"Textbooks, Workbooks"
Male,High School,Low,Beginner,Medium,61,91,7.3,Yes,Intermediate,IB,39.88,"Textbooks, Workbooks"
Male,High School,Medium,Advanced,Medium,38,76,2.5,Yes,Basic,CBSE,32.85,"Textbooks, Workbooks"
Female,Elementary,High,Intermediate,Low,84,84,3.3,Yes,Fluent,CBSE,51.17,"Educational Apps, Science Kits"
Female,Elementary,Low,Advanced,Medium,96,98,7.2,Yes,Basic,CBSE,47.99,"Textbooks, Workbooks"
Female,High School,High,Intermediate,Medium,53,76,7.4,Yes,Basic,ICSE,38.32,"Textbooks, Workbooks"
Female,High School,High,Beginner,High,40,74,2.1,Yes,Fluent,ICSE,17.41,"Textbooks, Workbooks"
Male,High School,High,Intermediate,High,57,77,3.8,No,Intermediate,CBSE,38.5,"Textbooks, Workbooks"
Female,High School,Medium,Intermediate,Medium,45,79,8.7,Yes,Fluent,State Board,31.78,"Textbooks, Workbooks"
Female,Elementary,Medium,Advanced,Medium,41,82,7.4,Yes,Basic,ICSE,35.32,"Textbooks, Workbooks"
Female,Elementary,High,Advanced,Low,97,64,1.6,Yes,Basic,IB,46.97,"Textbooks, Workbooks"
Female,High School,Medium,Intermediate,Medium,33,98,3.9,No,Fluent,State Board,25.4,"Textbooks, Workbooks"
Male,High School,Low,Intermediate,Low,95,71,9.7,Yes,Fluent,ICSE,55.41,"Educational Apps, Science Kits"
Male,High School,Medium,Beginner,High,60,76,5.3,Yes,Fluent,IB,34.05,"Textbooks, Workbooks"
Female,Elementary,Low,Advanced,High,85,89,7.2,No,Intermediate,State Board,40.74,"Textbooks, Workbooks"
Female,High School,High,Intermediate,Medium,79,78,0.9,Yes,Intermediate,ICSE,40.97,"Textbooks, Workbooks"
Male,Elementary,Medium,Advanced,Low,96,91,8.3,Yes,Fluent,State Board,55.49,"Educational Apps, Science Kits"
Male,High School,High,Beginner,Low,30,75,6.0,No,Fluent,CBSE,31.48,"Textbooks, Workbooks"
Female,Elementary,High,Beginner,High,98,61,1.8,Yes,Basic,CBSE,38.8,"Textbooks, Workbooks"
Female,Elementary,Low,Intermediate,High,68,71,3.8,Yes,Fluent,ICSE,28.32,"Textbooks, Workbooks"
Male,High School,Medium,Beginner,Low,81,62,0.8,Yes,Intermediate,IB,35.79,"Textbooks, Workbooks"
Male,Elementary,High,Intermediate,Medium,65,67,7.8,No,Fluent,IB,38.03,"Textbooks, Workbooks"
Male,Elementary,Medium,Advanced,Low,96,96,7.4,No,Fluent,CBSE,49.71,"Textbooks, Workbooks"
Male,Elementary,High,Advanced,Low,41,83,4.9,Yes,Fluent,IB,27.85,"Textbooks, Workbooks"
Male,Elementary,High,Intermediate,Low,90,84,4.5,Yes,Basic,CBSE,46.14,"Textbooks, Workbooks"
Male,High School,Low,Intermediate,Medium,40,84,4.6,No,Intermediate,ICSE,22.59,"Textbooks, Workbooks"
Female,High School,High,Intermediate,Low,43,73,0.4,Yes,Fluent,ICSE,23.49,"Textbooks, Workbooks"
Male,High School,Low,Advanced,Low,83,95,3.7,Yes,Basic,State Board,49.01,"Textbooks, Workbooks"
Male,High School,Low,Advanced,Low,37,74,1.3,Yes,Fluent,ICSE,30.76,"Textbooks, Workbooks"
Male,High School,High,Beginner,Medium,62,91,1.8,Yes,Intermediate,State Board,31.44,"Textbooks, Workbooks"
Male,Elementary,High,Beginner,Medium,33,61,9.6,Yes,Basic,CBSE,28.94,"Textbooks, Workbooks"
Female,Elementary,Medium,Advanced,Low,59,80,2.6,Yes,Basic,State Board,41.95,"Textbooks, Workbooks"
Female,Elementary,Medium,Advanced,High,83,63,4.8,Yes,Basic,State Board,45.13,"Textbooks, Workbooks"
Male,Elementary,Medium,Intermediate,Low,35,88,8.9,Yes,Intermediate,ICSE,35.27,"Textbooks, Workbooks"
Female,High School,Medium,Advanced,Medium,34,88,4.1,Yes,Fluent,State Board,24.12,"Textbooks, Workbooks"
Female,High School,Medium,Advanced,Low,80,82,5.3,Yes,Basic,IB,50.54,"Educational Apps, Science Kits"
Female,Elementary,Medium,Beginner,Low,43,62,1.7,Yes,Intermediate,CBSE,23.49,"Textbooks, Workbooks"
Female,High School,Medium,Beginner,Low,63,80,2.9,No,Basic,IB,33.92,"Textbooks, Workbooks"
Female,Elementary,High,Intermediate,Low,70,75,5.1,Yes,Basic,ICSE,42.57,"Textbooks, Workbooks"
Female,Elementary,Medium,Beginner,High,68,79,3.6,Yes,Basic,CBSE,37.6,"Textbooks, Workbooks"
Male,High School,Low,Intermediate,Medium,47,94,0.4,No,Intermediate,CBSE,33.23,"Textbooks, Workbooks"
Male,High School,High,Advanced,High,49,64,4.0,No,Intermediate,State Board,33.5,"Textbooks, Workbooks"
Male,High School,High,Advanced,Low,37,85,8.2,No,Fluent,CBSE,36.03,"Textbooks, Workbooks"
Male,High School,High,Intermediate,Medium,55,66,1.2,No,Basic,ICSE,28.25,"Textbooks, Workbooks"
Male,High School,Low,Beginner,Low,56,75,0.2,Yes,Fluent,CBSE,38.82,"Textbooks, Workbooks"
Female,High School,Low,Beginner,High,61,76,1.2,Yes,Fluent,CBSE,48.97,"Textbooks, Workbooks"
Male,High School,Medium,Advanced,High,71,61,6.9,Yes,Basic,State Board,40.13,"Textbooks, Workbooks"
Male,Elementary,Medium,Beginner,High,79,71,7.9,Yes,Basic,ICSE,50.0,"Educational Apps, Science Kits"
Female,High School,Medium,Intermediate,Low,78,72,0.5,Yes,Fluent,ICSE,40.58,"Textbooks, Workbooks"
Female,Elementary,Medium,Advanced,Medium,94,64,8.9,No,Basic,State Board,48.54,"Textbooks, Workbooks"
Male,Elementary,Low,Beginner,Low,92,75,6.3,Yes,Basic,State Board,49.31,"Textbooks, Workbooks"
Female,High School,Medium,Advanced,Low,56,87,5.2,Yes,Fluent,IB,35.09,"Textbooks, Workbooks"
Female,Elementary,Medium,Advanced,Low,64,67,2.5,Yes,Basic,IB,31.49,"Textbooks, Workbooks"
Female,High School,Medium,Beginner,Low,67,87,3.7,Yes,Basic,State Board,36.95,"Textbooks, Workbooks"
Female,Elementary,Medium,Intermediate,Medium,67,67,9.5,Yes,Intermediate,IB,42.69,"Textbooks, Workbooks"
Male,Elementary,Medium,Beginner,Medium,71,88,9.1,Yes,Basic,CBSE,49.22,"Textbooks, Workbooks"
Female,Elementary,Medium,Beginner,Medium,71,77,6.3,Yes,Intermediate,ICSE,42.18,"Textbooks, Workbooks"
Male,High School,Medium,Beginner,High,78,75,5.8,Yes,Basic,IB,43.04,"Textbooks, Workbooks"
Male,Elementary,Medium,Beginner,Low,86,85,2.1,Yes,Fluent,IB,47.73,"Textbooks, Workbooks"
Female,Elementary,Low,Beginner,Low,83,81,9.5,Yes,Fluent,ICSE,44.1,"Textbooks, Workbooks"
Female,Elementary,Medium,Beginner,Medium,39,74,7.6,Yes,Intermediate,CBSE,27.87,"Textbooks, Workbooks"
Female,High School,High,Intermediate,Medium,89,72,3.8,Yes,Basic,ICSE,44.38,"Textbooks, Workbooks"
Male,Elementary,Medium,Advanced,Low,69,81,8.2,Yes,Intermediate,ICSE,40.05,"Textbooks, Workbooks"
Female,High School,Low,Intermediate,High,30,80,2.1,Yes,Basic,State Board,29.91,"Textbooks, Workbooks"
Female,Elementary,High,Beginner,Medium,93,83,2.1,Yes,Basic,ICSE,41.55,"Textbooks, Workbooks"
Female,Elementary,Medium,Intermediate,Medium,41,60,7.9,Yes,Basic,CBSE,27.78,"Textbooks, Workbooks"
Female,Elementary,Low,Advanced,Medium,86,88,5.6,Yes,Intermediate,State Board,46.12,"Textbooks, Workbooks"
Female,High School,Medium,Intermediate,Medium,55,60,5.6,Yes,Intermediate,IB,34.68,"Textbooks, Workbooks"
Male,Elementary,High,Beginner,Medium,69,60,5.7,No,Intermediate,State Board,35.86,"Textbooks, Workbooks"
Female,Elementary,Medium,Advanced,Medium,72,68,1.3,Yes,Fluent,IB,30.7,"Textbooks, Workbooks"
Female,Elementary,Medium,Beginner,Low,42,80,3.5,Yes,Intermediate,CBSE,32.83,"Textbooks, Workbooks"
Female,Elementary,Medium,Beginner,High,85,73,5.7,Yes,Basic,ICSE,45.37,"Textbooks, Workbooks"
Male,High School,Low,Advanced,Medium,46,87,2.5,Yes,Intermediate,ICSE,29.78,"Textbooks, Workbooks"
Female,Elementary,Medium,Advanced,Medium,53,77,5.0,Yes,Fluent,IB,36.67,"Textbooks, Workbooks"
Male,Elementary,High,Beginner,Medium,87,92,5.6,Yes,Fluent,IB,54.59,"Educational Apps, Science Kits"
Male,Elementary,Medium,Intermediate,Medium,90,61,9.4,Yes,Fluent,ICSE,49.67,"Textbooks, Workbooks"
Female,Elementary,Low,Advanced,Low,57,93,2.5,Yes,Intermediate,CBSE,35.39,"Textbooks, Workbooks"
Female,High School,Low,Intermediate,High,96,83,4.4,Yes,Fluent,IB,51.33,"Educational Apps, Science Kits"
Female,Elementary,Medium,Intermediate,High,80,78,9.8,No,Fluent,CBSE,41.71,"Textbooks, Workbooks"
Male,Elementary,High,Advanced,Low,68,61,1.9,Yes,Fluent,State Board,34.37,"Textbooks, Workbooks"
Male,High School,Medium,Intermediate,Low,95,65,7.8,No,Fluent,CBSE,49.08,"Textbooks, Workbooks"
Male,Elementary,Medium,Advanced,High,69,74,1.8,Yes,Fluent,State Board,34.2,"Textbooks, Workbooks"
Male,Elementary,Low,Advanced,High,42,70,8.5,Yes,Intermediate,ICSE,39.7,"Textbooks, Workbooks"
Male,Elementary,Medium,Advanced,Medium,48,75,4.9,Yes,Fluent,CBSE,30.59,"Textbooks, Workbooks"
Male,High School,Low,Advanced,Medium,35,80,9.7,No,Intermediate,ICSE,35.45,"Textbooks, Workbooks"
Female,Elementary,High,Intermediate,High,47,86,1.7,Yes,Basic,CBSE,30.99,"Textbooks, Workbooks"
Female,High School,Medium,Intermediate,Low,38,81,6.9,Yes,Intermediate,IB,26.77,"Textbooks, Workbooks"
Male,High School,High,Advanced,Medium,97,62,7.0,Yes,Intermediate,ICSE,43.04,"Textbooks, Workbooks"
Female,High School,High,Advanced,Medium,83,62,7.2,No,Fluent,ICSE,41.67,"Textbooks, Workbooks"
Female,High School,High,Advanced,High,79,80,1.0,Yes,Fluent,ICSE,41.7,"Textbooks, Workbooks"
Male,High School,Medium,Advanced,Low,99,65,2.9,Yes,Fluent,State Board,38.81,"Textbooks, Workbooks"
Male,High School,Low,Beginner,Medium,40,84,3.4,No,Intermediate,ICSE,24.75,"Textbooks, Workbooks"
Female,High School,High,Intermediate,Medium,84,96,3.2,Yes,Intermediate,IB,44.13,"Textbooks, Workbooks"
Male,Elementary,High,Intermediate,High,71,89,6.8,Yes,Fluent,ICSE,43.58,"Textbooks, Workbooks"
Male,Elementary,High,Advanced,Medium,40,98,0.5,Yes,Basic,State Board,30.32,"Textbooks, Workbooks"
Female,High School,Low,Beginner,High,96,79,7.3,No,Basic,State Board,50.1,"Educational Apps, Science Kits"
Male,High School,Medium,Beginner,High,31,60,5.3,Yes,Basic,ICSE,22.43,"Textbooks, Workbooks"
Female,High School,High,Beginner,Medium,95,94,1.7,No,Basic,IB,43.79,"Textbooks, Workbooks"
Female,High School,Low,Advanced,Low,55,85,2.3,Yes,Fluent,CBSE,35.7,"Textbooks, Workbooks"
Female,High School,Medium,Beginner,Medium,66,80,1.0,Yes,Fluent,IB,36.99,"Textbooks, Workbooks"
Female,High School,Medium,Advanced,High,65,69,4.6,Yes,Intermediate,CBSE,42.61,"Textbooks, Workbooks"
Female,Elementary,Low,Beginner,Low,45,88,5.9,Yes,Basic,State Board,34.98,"Textbooks, Workbooks"
Male,Elementary,Medium,Advanced,Medium,95,62,5.8,Yes,Intermediate,State Board,46.2,"Textbooks, Workbooks"
Male,High School,Medium,Advanced,Low,50,72,9.6,Yes,Fluent,State Board,32.1,"Textbooks, Workbooks"
Male,High School,Low,Intermediate,Low,36,68,3.0,No,Intermediate,ICSE,25.48,"Textbooks, Workbooks"
Male,High School,Medium,Advanced,Medium,40,75,7.6,Yes,Intermediate,ICSE,29.36,"Textbooks, Workbooks"
Female,Elementary,Medium,Beginner,Medium,85,87,7.2,Yes,Basic,State Board,47.41,"Textbooks, Workbooks"
Female,High School,Medium,Intermediate,Medium,73,87,0.6,Yes,Basic,CBSE,40.13,"Textbooks, Workbooks"
Male,Elementary,High,Beginner,High,83,70,9.3,Yes,Basic,ICSE,48.69,"Textbooks, Workbooks"
Female,Elementary,Medium,Advanced,Low,86,89,9.3,Yes,Basic,IB,49.78,"Textbooks, Workbooks"
Male,Elementary,Medium,Intermediate,Low,87,70,4.0,Yes,Intermediate,IB,46.1,"Textbooks, Workbooks"
Male,High School,High,Advanced,High,66,88,4.2,Yes,Fluent,IB,35.79,"Textbooks, Workbooks"
Male,High School,High,Advanced,Medium,77,71,8.2,No,Basic,CBSE,53.97,"Educational Apps, Science Kits"
Female,Elementary,Low,Beginner,Low,91,67,5.0,Yes,Fluent,CBSE,41.18,"Textbooks, Workbooks"
Female,Elementary,Medium,Beginner,High,68,69,8.0,No,Intermediate,CBSE,37.35,"Textbooks, Workbooks"
Female,Elementary,Medium,Beginner,High,93,94,0.4,Yes,Intermediate,State Board,34.29,"Textbooks, Workbooks"
Female,Elementary,Medium,Intermediate,Medium,97,95,2.5,Yes,Basic,ICSE,43.2,"Textbooks, Workbooks"
Male,High School,High,Beginner,High,97,72,0.9,Yes,Intermediate,State Board,43.79,"Textbooks, Workbooks"
Female,Elementary,High,Advanced,Low,56,86,4.5,Yes,Fluent,CBSE,35.84,"Textbooks, Workbooks"
Female,High School,High,Intermediate,Low,99,99,8.5,Yes,Basic,IB,56.23,"Educational Apps, Science Kits"
Female,Elementary,Medium,Beginner,High,89,61,5.7,Yes,Fluent,CBSE,46.37,"Textbooks, Workbooks"
Male,High School,Medium,Beginner,Medium,73,87,5.2,Yes,Basic,IB,45.8,"Textbooks, Workbooks"
Male,Elementary,High,Beginner,Low,59,93,3.7,Yes,Basic,ICSE,39.23,"Textbooks, Workbooks"
Female,High School,Medium,Advanced,Medium,87,80,0.6,Yes,Intermediate,State Board,40.75,"Textbooks, Workbooks"
Female,High School,Medium,Beginner,Medium,65,65,7.7,Yes,Intermediate,CBSE,34.44,"Textbooks, Workbooks"
Female,High School,High,Advanced,Low,34,98,5.7,Yes,Fluent,State Board,31.84,"Textbooks, Workbooks"
Female,Elementary,Medium,Intermediate,Medium,48,85,9.3,Yes,Basic,State Board,34.35,"Textbooks, Workbooks"
Male,High School,Medium,Beginner,Low,41,95,4.3,No,Fluent,IB,38.64,"Textbooks, Workbooks"
Female,Elementary,High,Advanced,Medium,89,99,4.0,No,Basic,IB,49.85,"Textbooks, Workbooks"
Female,High School,Low,Beginner,Medium,40,77,9.7,Yes,Intermediate,CBSE,32.24,"Textbooks, Workbooks"
Female,High School,Low,Beginner,Low,82,98,1.4,No,Intermediate,State Board,39.64,"Textbooks, Workbooks"
Male,Elementary,Medium,Intermediate,Low,49,64,2.5,Yes,Basic,ICSE,30.98,"Textbooks, Workbooks"
Male,High School,Medium,Intermediate,High,56,85,4.9,Yes,Fluent,CBSE,37.91,"Textbooks, Workbooks"
Female,High School,Low,Advanced,Medium,87,70,5.2,Yes,Intermediate,ICSE,46.23,"Textbooks, Workbooks"
Female,Elementary,Medium,Advanced,Medium,34,75,5.5,No,Basic,State Board,26.53,"Textbooks, Workbooks"
Female,High School,Medium,Advanced,Low,38,78,2.1,Yes,Basic,State Board,20.21,"Textbooks, Workbooks"
Female,High School,High,Intermediate,Medium,61,64,9.3,Yes,Basic,State Board,41.07,"Textbooks, Workbooks"
Female,High School,Medium,Advanced,Medium,83,66,7.0,Yes,Basic,IB,46.47,"Textbooks, Workbooks"
Male,High School,High,Intermediate,Low,74,62,2.6,Yes,Fluent,CBSE,34.43,"Textbooks, Workbooks"
Male,Elementary,Medium,Intermediate,Medium,56,84,2.9,No,Basic,CBSE,38.58,"Textbooks, Workbooks"
Male,High School,Medium,Beginner,Medium,57,69,8.8,Yes,Fluent,IB,40.53,"Textbooks, Workbooks"
Female,High School,Medium,Beginner,Medium,47,64,3.8,Yes,Fluent,ICSE,34.89,"Textbooks, Workbooks"
Male,High School,Low,Advanced,Low,60,91,5.6,No,Fluent,CBSE,42.1,"Textbooks, Workbooks"
Male,High School,High,Intermediate,Low,70,91,1.2,Yes,Fluent,CBSE,39.63,"Textbooks, Workbooks"
Male,High School,Medium,Intermediate,High,63,64,2.5,Yes,Intermediate,CBSE,37.94,"Textbooks, Workbooks"
Female,High School,Low,Intermediate,High,36,78,4.2,No,Fluent,State Board,29.61,"Textbooks, Workbooks"
Female,High School,Medium,Beginner,Medium,34,71,6.6,Yes,Fluent,ICSE,31.55,"Textbooks, Workbooks"
Male,High School,Medium,Intermediate,High,50,90,2.8,Yes,Fluent,State Board,27.85,"Textbooks, Workbooks"
Female,Elementary,Medium,Advanced,Medium,35,76,9.5,Yes,Basic,IB,34.65,"Textbooks, Workbooks"
Male,Elementary,Low,Advanced,Low,74,81,2.2,Yes,Intermediate,IB,39.68,"Textbooks, Workbooks"
Male,Elementary,Low,Beginner,Low,64,81,7.8,Yes,Fluent,State Board,44.33,"Textbooks, Workbooks"
Male,Elementary,Medium,Advanced,Medium,32,85,3.6,Yes,Fluent,IB,28.42,"Textbooks, Workbooks"
Male,High School,Medium,Intermediate,Medium,62,90,8.3,Yes,Intermediate,State Board,43.28,"Textbooks, Workbooks"
Female,High School,Medium,Intermediate,Medium,67,65,9.2,Yes,Fluent,ICSE,40.32,"Textbooks, Workbooks"
Female,Elementary,Low,Advanced,High,45,71,1.9,Yes,Basic,ICSE,22.29,"Textbooks, Workbooks"
Female,Elementary,Medium,Beginner,High,37,86,4.9,Yes,Basic,IB,31.55,"Textbooks, Workbooks"
Female,Elementary,High,Intermediate,High,32,76,1.5,Yes,Fluent,CBSE,26.16,"Textbooks, Workbooks"
Male,High School,High,Intermediate,High,98,69,7.1,Yes,Basic,ICSE,49.71,"Textbooks, Workbooks"
Female,High School,High,Beginner,High,48,64,8.3,No,Intermediate,IB,36.19,"Textbooks, Workbooks"
Male,Elementary,Low,Intermediate,Medium,36,63,3.9,Yes,Intermediate,IB,24.49,"Textbooks, Workbooks"
Female,Elementary,High,Advanced,Low,79,98,4.0,Yes,Fluent,CBSE,42.24,"Textbooks, Workbooks"
Female,Elementary,Medium,Advanced,Medium,35,74,2.0,Yes,Basic,CBSE,24.57,"Textbooks, Workbooks"
Female,Elementary,High,Beginner,Medium,34,61,3.1,Yes,Basic,ICSE,27.98,"Textbooks, Workbooks"
Male,Elementary,Medium,Beginner,Medium,90,67,3.2,Yes,Fluent,ICSE,41.32,"Textbooks, Workbooks"
Male,High School,Medium,Advanced,High,87,75,1.6,Yes,Intermediate,IB,45.49,"Textbooks, Workbooks"
Male,Elementary,Medium,Beginner,High,51,79,3.1,No,Fluent,State Board,33.61,"Textbooks, Workbooks"
Male,High School,Medium,Advanced,Medium,86,83,9.1,Yes,Fluent,ICSE,49.08,"Textbooks, Workbooks"
Female,Elementary,High,Beginner,Medium,61,94,3.3,Yes,Fluent,State Board,42.17,"Textbooks, Workbooks"
Male,Elementary,High,Advanced,High,46,76,2.7,Yes,Basic,State Board,29.12,"Textbooks, Workbooks"
Male,High School,High,Intermediate,Low,87,64,3.8,Yes,Intermediate,CBSE,44.17,"Textbooks, Workbooks"
Female,Elementary,Medium,Intermediate,Low,70,73,9.6,Yes,Basic,State Board,48.73,"Textbooks, Workbooks"
Female,High School,Medium,Advanced,High,51,73,7.6,Yes,Basic,ICSE,42.56,"Textbooks, Workbooks"
Male,High School,Low,Intermediate,High,71,90,2.0,No,Basic,ICSE,37.49,"Textbooks, Workbooks"
Female,Elementary,High,Advanced,Medium,37,79,7.5,Yes,Fluent,State Board,34.72,"Textbooks, Workbooks"
Male,Elementary,Medium,Beginner,High,75,72,7.7,Yes,Basic,ICSE,49.05,"Textbooks, Workbooks"
Female,High School,High,Intermediate,Medium,77,68,9.5,Yes,Intermediate,ICSE,51.49,"Educational Apps, Science Kits"
Male,High School,Medium,Intermediate,Medium,32,93,8.9,Yes,Fluent,CBSE,32.55,"Textbooks, Workbooks"
Male,Elementary,Medium,Intermediate,Medium,59,71,1.0,Yes,Intermediate,ICSE,29.8,"Textbooks, Workbooks"
Male,High School,High,Advanced,Low,57,99,4.5,No,Fluent,CBSE,41.35,"Textbooks, Workbooks"
Male,Elementary,Low,Intermediate,Low,54,75,7.0,Yes,Basic,ICSE,38.38,"Textbooks, Workbooks"
Male,High School,Medium,Beginner,High,66,60,9.7,Yes,Basic,State Board,35.56,"Textbooks, Workbooks"
Female,Elementary,Low,Intermediate,Low,80,75,0.9,Yes,Fluent,IB,42.49,"Textbooks, Workbooks"
Male,High School,High,Beginner,Low,68,65,3.7,Yes,Intermediate,State Board,40.12,"Textbooks, Workbooks"
Male,High School,Low,Intermediate,Medium,96,79,4.9,No,Fluent,State Board,50.75,"Educational Apps, Science Kits"
Male,Elementary,Low,Intermediate,Low,30,65,4.1,Yes,Intermediate,ICSE,25.17,"Textbooks, Workbooks"
Male,High School,Medium,Beginner,High,67,94,4.6,Yes,Basic,CBSE,39.02,"Textbooks, Workbooks"
Male,High School,Medium,Intermediate,Low,81,62,3.7,Yes,Basic,CBSE,35.01,"Textbooks, Workbooks"
Female,High School,Medium,Beginner,Medium,92,80,9.7,Yes,Basic,IB,52.71,"Educational Apps, Science Kits"
Female,High School,Low,Beginner,Medium,81,66,8.0,Yes,Fluent,IB,45.19,"Textbooks, Workbooks"
Male,High School,High,Beginner,High,89,73,7.4,No,Basic,State Board,41.35,"Textbooks, Workbooks"
Female,High School,High,Intermediate,Medium,42,89,4.1,Yes,Basic,State Board,33.96,"Textbooks, Workbooks"
Male,High School,Medium,Intermediate,Medium,46,81,8.8,Yes,Basic,CBSE,39.69,"Textbooks, Workbooks"
Female,Elementary,High,Beginner,High,59,73,0.9,Yes,Intermediate,CBSE,33.94,"Textbooks, Workbooks"
Female,High School,Medium,Intermediate,Low,67,84,1.4,Yes,Basic,ICSE,40.91,"Textbooks, Workbooks"
Male,High School,Medium,Advanced,Medium,40,62,9.5,Yes,Intermediate,CBSE,31.8,"Textbooks, Workbooks"
Female,Elementary,Medium,Beginner,High,56,64,5.7,No,Basic,CBSE,33.01,"Textbooks, Workbooks"
Female,High School,Medium,Beginner,Medium,67,64,1.6,Yes,Basic,IB,39.21,"Textbooks, Workbooks"
Male,High School,Medium,Advanced,High,57,68,9.5,Yes,Intermediate,CBSE,40.66,"Textbooks, Workbooks"
Male,Elementary,Medium,Advanced,Low,55,97,9.7,No,Intermediate,State Board,38.67,"Textbooks, Workbooks"
Female,High School,High,Beginner,Low,62,96,8.8,Yes,Basic,State Board,39.54,"Textbooks, Workbooks"
Female,High School,Medium,Advanced,Low,61,63,2.4,Yes,Fluent,IB,38.04,"Textbooks, Workbooks"
Female,Elementary,Medium,Beginner,High,83,79,2.8,Yes,Intermediate,ICSE,40.36,"Textbooks, Workbooks"
Male,Elementary,Low,Intermediate,High,54,80,4.1,No,Fluent,State Board,33.14,"Textbooks, Workbooks"
Female,High School,Medium,Advanced,Medium,53,83,5.8,Yes,Intermediate,IB,35.4,"Textbooks, Workbooks"
Female,High School,Medium,Beginner,Low,69,66,9.9,Yes,Intermediate,ICSE,49.65,"Textbooks, Workbooks"
Female,Elementary,Medium,Beginner,Low,56,67,9.6,Yes,Basic,IB,29.76,"Textbooks, Workbooks"
Male,High School,High,Beginner,Medium,75,70,9.2,Yes,Fluent,IB,45.76,"Textbooks, Workbooks"
Male,Elementary,High,Advanced,Medium,98,68,0.9,Yes,Fluent,ICSE,51.16,"Educational Apps, Science Kits"
Male,Elementary,Medium,Intermediate,High,98,65,7.6,Yes,Basic,CBSE,53.24,"Educational Apps, Science Kits"
Male,Elementary,Medium,Intermediate,High,68,99,8.8,Yes,Basic,IB,47.9,"Textbooks, Workbooks"
Female,High School,High,Advanced,High,58,76,3.3,No,Basic,CBSE,31.19,"Textbooks, Workbooks"
Male,Elementary,Medium,Beginner,Medium,60,72,2.2,Yes,Intermediate,CBSE,32.67,"Textbooks, Workbooks"
Female,Elementary,Low,Beginner,High,94,76,7.5,Yes,Fluent,CBSE,50.76,"Educational Apps, Science Kits"
Female,Elementary,Medium,Beginner,High,44,61,0.9,Yes,Basic,ICSE,24.85,"Textbooks, Workbooks"
Female,High School,Low,Advanced,Medium,38,89,9.4,Yes,Intermediate,IB,38.76,"Textbooks, Workbooks"
Female,High School,High,Advanced,Medium,42,91,1.6,No,Intermediate,IB,38.48,"Textbooks, Workbooks"
Male,High School,Medium,Beginner,Low,74,95,4.6,No,Basic,CBSE,45.11,"Textbooks, Workbooks"
Male,Elementary,Medium,Beginner,Medium,35,66,9.8,No,Fluent,IB,33.47,"Textbooks, Workbooks"
Male,High School,Low,Beginner,High,73,75,9.9,Yes,Basic,CBSE,44.9,"Textbooks, Workbooks"
Male,High School,Medium,Advanced,Medium,31,78,7.8,No,Basic,ICSE,27.23,"Textbooks, Workbooks"
Male,Elementary,High,Advanced,High,58,74,8.4,No,Intermediate,ICSE,40.92,"Textbooks, Workbooks"
Female,Elementary,Low,Intermediate,Low,77,73,9.7,Yes,Fluent,State Board,40.61,"Textbooks, Workbooks"
Male,High School,Medium,Beginner,High,41,66,9.3,Yes,Fluent,IB,34.56,"Textbooks, Workbooks"
Male,High School,High,Beginner,High,96,92,6.2,No,Basic,CBSE,47.88,"Textbooks, Workbooks"
Male,Elementary,Medium,Intermediate,Medium,79,93,7.3,Yes,Fluent,ICSE,51.43,"Educational Apps, Science Kits"
Male,High School,Medium,Beginner,High,40,83,5.9,Yes,Intermediate,State Board,27.2,"Textbooks, Workbooks"
Female,Elementary,Medium,Intermediate,Medium,34,94,5.1,Yes,Intermediate,IB,34.05,"Textbooks, Workbooks"
Female,Elementary,Medium,Advanced,Low,74,80,8.8,Yes,Intermediate,CBSE,52.16,"Educational Apps, Science Kits"
Female,High School,Low,Intermediate,Low,76,83,7.4,Yes,Basic,CBSE,43.65,"Textbooks, Workbooks"
Female,High School,Low,Intermediate,Medium,35,96,8.6,Yes,Intermediate,State Board,32.48,"Textbooks, Workbooks"
Female,High School,Medium,Advanced,High,98,75,1.0,Yes,Basic,IB,45.52,"Textbooks, Workbooks"
Male,High School,High,Beginner,Low,92,76,5.8,Yes,Fluent,State Board,50.55,"Educational Apps, Science Kits"
Female,Elementary,Low,Intermediate,Medium,96,88,3.3,Yes,Fluent,CBSE,42.66,"Textbooks, Workbooks"
Female,High School,Medium,Intermediate,High,76,77,5.1,Yes,Intermediate,IB,40.72,"Textbooks, Workbooks"
Female,High School,Medium,Beginner,Low,63,70,6.1,No,Basic,IB,43.09,"Textbooks, Workbooks"
Male,High School,High,Intermediate,Low,41,62,8.5,Yes,Fluent,ICSE,31.48,"Textbooks, Workbooks"
Male,Elementary,Medium,Advanced,Medium,56,77,0.3,Yes,Intermediate,ICSE,29.29,"Textbooks, Workbooks"
Female,High School,High,Intermediate,Low,98,75,1.6,Yes,Intermediate,State Board,44.77,"Textbooks, Workbooks"
Male,High School,Low,Beginner,Low,97,60,9.2,Yes,Basic,IB,53.44,"Educational Apps, Science Kits"
Male,Elementary,High,Beginner,Low,57,86,9.7,Yes,Fluent,CBSE,45.88,"Textbooks, Workbooks"
Female,Elementary,Medium,Intermediate,Low,74,90,0.6,Yes,Intermediate,ICSE,42.36,"Textbooks, Workbooks"
Male,Elementary,Medium,Beginner,Medium,31,87,3.3,Yes,Fluent,CBSE,30.45,"Textbooks, Workbooks"
Male,Elementary,Medium,Beginner,Medium,38,99,0.1,Yes,Intermediate,IB,24.46,"Textbooks, Workbooks"
Male,Elementary,High,Intermediate,High,60,86,7.6,Yes,Intermediate,IB,39.54,"Textbooks, Workbooks"
Female,High School,Low,Intermediate,Medium,65,68,6.8,No,Fluent,CBSE,41.37,"Textbooks, Workbooks"
Female,Elementary,Low,Beginner,High,44,97,5.6,Yes,Basic,State Board,37.03,"Textbooks, Workbooks"
Female,Elementary,Medium,Intermediate,High,91,95,6.9,Yes,Basic,ICSE,52.19,"Educational Apps, Science Kits"
Male,Elementary,High,Advanced,High,60,86,5.4,Yes,Basic,ICSE,33.82,"Textbooks, Workbooks"
Female,Elementary,High,Intermediate,Medium,56,85,2.4,Yes,Basic,ICSE,35.81,"Textbooks, Workbooks"
Male,Elementary,Medium,Beginner,High,31,86,7.5,Yes,Basic,State Board,22.37,"Textbooks, Workbooks"
Male,Elementary,Medium,Advanced,High,72,63,7.8,Yes,Basic,ICSE,40.67,"Textbooks, Workbooks"
Male,Elementary,Low,Beginner,Medium,30,97,8.5,Yes,Intermediate,CBSE,32.18,"Textbooks, Workbooks"
Female,Elementary,High,Beginner,Low,38,71,9.5,Yes,Basic,ICSE,27.43,"Textbooks, Workbooks"
Female,High School,High,Advanced,Medium,89,74,7.5,No,Fluent,CBSE,48.02,"Textbooks, Workbooks"
Female,High School,Medium,Intermediate,Low,31,89,0.5,Yes,Fluent,ICSE,20.55,"Textbooks, Workbooks"
Female,High School,Medium,Beginner,Low,87,73,0.2,Yes,Fluent,ICSE,39.9,"Textbooks, Workbooks"
Male,Elementary,High,Intermediate,Medium,94,67,7.4,Yes,Intermediate,CBSE,41.95,"Textbooks, Workbooks"
Female,Elementary,High,Intermediate,Medium,41,87,0.6,No,Fluent,State Board,34.85,"Textbooks, Workbooks"
Male,Elementary,Medium,Advanced,High,84,90,3.2,Yes,Intermediate,CBSE,35.84,"Textbooks, Workbooks"
Female,High School,Medium,Beginner,Medium,39,61,1.4,No,Basic,State Board,26.12,"Textbooks, Workbooks"
Female,Elementary,Medium,Advanced,Medium,94,74,9.7,Yes,Basic,CBSE,43.98,"Textbooks, Workbooks"
Female,Elementary,Medium,Advanced,Medium,94,99,3.2,Yes,Intermediate,IB,50.25,"Educational Apps, Science Kits"
Male,Elementary,Medium,Beginner,Medium,90,67,0.6,No,Fluent,CBSE,44.0,"Textbooks, Workbooks"
Male,High School,Medium,Beginner,Medium,98,64,9.5,Yes,Fluent,IB,51.42,"Educational Apps, Science Kits"
Male,High School,Medium,Advanced,High,64,63,6.1,Yes,Fluent,CBSE,36.22,"Textbooks, Workbooks"
Male,Elementary,Medium,Advanced,Medium,40,71,0.4,Yes,Fluent,CBSE,21.16,"Textbooks, Workbooks"
Male,High School,Medium,Advanced,Medium,97,69,8.3,Yes,Basic,CBSE,48.11,"Textbooks, Workbooks"
Female,Elementary,Medium,Beginner,Medium,67,63,1.5,Yes,Intermediate,IB,36.1,"Textbooks, Workbooks"
Male,Elementary,High,Beginner,High,68,69,8.0,Yes,Fluent,IB,37.75,"Textbooks, Workbooks"
Male,High School,Medium,Advanced,High,50,88,6.0,Yes,Basic,IB,42.9,"Textbooks, Workbooks"
Male,High School,Low,Beginner,Medium,65,87,1.8,Yes,Basic,CBSE,39.71,"Textbooks, Workbooks"
Male,High School,Medium,Beginner,Medium,49,88,7.5,Yes,Fluent,CBSE,46.89,"Textbooks, Workbooks"
Female,High School,High,Beginner,High,72,78,4.5,Yes,Basic,IB,35.89,"Textbooks, Workbooks"
Male,Elementary,High,Intermediate,High,50,72,6.4,Yes,Fluent,IB,22.54,"Textbooks, Workbooks"
Female,Elementary,Medium,Intermediate,Medium,64,93,8.7,No,Intermediate,CBSE,43.2,"Textbooks, Workbooks"
Female,High School,High,Advanced,Low,93,79,2.6,Yes,Intermediate,State Board,41.62,"Textbooks, Workbooks"
Female,High School,Low,Intermediate,Medium,61,77,3.7,No,Fluent,ICSE,37.98,"Textbooks, Workbooks"
Male,Elementary,High,Advanced,Medium,65,95,10.0,Yes,Fluent,State Board,46.94,"Textbooks, Workbooks"
Female,Elementary,Medium,Advanced,Medium,98,60,5.1,Yes,Fluent,IB,51.54,"Educational Apps, Science Kits"
Male,Elementary,Low,Beginner,Low,81,85,5.6,Yes,Basic,CBSE,47.62,"Textbooks, Workbooks"
Male,Elementary,Medium,Advanced,Low,33,62,2.9,Yes,Fluent,ICSE,17.48,"Textbooks, Workbooks"
Male,High School,Medium,Advanced,Medium,36,62,4.2,No,Basic,ICSE,26.0,"Textbooks, Workbooks"
Male,High School,Medium,Advanced,High,53,80,5.0,Yes,Fluent,IB,39.13,"Textbooks, Workbooks"
Male,High School,High,Advanced,High,50,77,2.6,Yes,Intermediate,State Board,36.07,"Textbooks, Workbooks"
Female,Elementary,High,Beginner,Medium,86,90,2.4,No,Intermediate,CBSE,45.63,"Textbooks, Workbooks"
Female,Elementary,Medium,Beginner,High,48,95,6.0,Yes,Fluent,CBSE,35.86,"Textbooks, Workbooks"
Male,High School,Medium,Advanced,Low,57,90,1.8,Yes,Basic,IB,42.79,"Textbooks, Workbooks"
Female,High School,Low,Intermediate,Medium,61,67,5.5,Yes,Intermediate,IB,34.67,"Textbooks, Workbooks"
Male,High School,Low,Intermediate,Low,63,84,7.1,Yes,Basic,CBSE,44.64,"Textbooks, Workbooks"
Female,Elementary,Medium,Advanced,High,45,79,2.0,Yes,Fluent,ICSE,35.23,"Textbooks, Workbooks"
Female,High School,Low,Beginner,High,67,70,7.5,No,Basic,IB,45.56,"Textbooks, Workbooks"
Female,Elementary,High,Advanced,High,33,99,3.6,Yes,Intermediate,CBSE,34.84,"Textbooks, Workbooks"
Female,High School,Medium,Advanced,Medium,85,60,9.9,Yes,Intermediate,ICSE,49.43,"Textbooks, Workbooks"
Female,High School,Low,Beginner,High,69,80,9.8,Yes,Basic,ICSE,44.04,"Textbooks, Workbooks"
Male,High School,Medium,Intermediate,High,79,76,8.0,Yes,Basic,ICSE,48.88,"Textbooks, Workbooks"
Male,Elementary,Low,Advanced,Low,69,87,3.4,Yes,Fluent,ICSE,39.26,"Textbooks, Workbooks"
Female,Elementary,Medium,Beginner,High,78,77,9.4,Yes,Intermediate,ICSE,51.0,"Educational Apps, Science Kits"
Male,Elementary,High,Beginner,Low,77,88,10.0,Yes,Fluent,State Board,43.33,"Textbooks, Workbooks"
Female,Elementary,Medium,Advanced,High,35,69,4.6,Yes,Fluent,CBSE,26.9,"Textbooks, Workbooks"
Male,Elementary,Low,Beginner,Low,34,68,6.1,Yes,Fluent,CBSE,24.86,"Textbooks, Workbooks"
Female,Elementary,High,Advanced,Low,74,93,0.1,No,Intermediate,ICSE,33.0,"Textbooks, Workbooks"
Female,High School,Low,Intermediate,High,45,79,0.4,Yes,Basic,CBSE,25.14,"Textbooks, Workbooks"
Female,Elementary,High,Advanced,Low,46,90,5.0,Yes,Intermediate,CBSE,26.71,"Textbooks, Workbooks"
Male,High School,Medium,Intermediate,Low,88,62,6.1,No,Intermediate,CBSE,42.49,"Textbooks, Workbooks"
Male,Elementary,Medium,Beginner,Medium,85,60,3.1,Yes,Basic,IB,41.66,"Textbooks, Workbooks"
Female,High School,High,Advanced,High,64,92,1.0,Yes,Fluent,ICSE,41.87,"Textbooks, Workbooks"
Female,High School,High,Beginner,Low,37,67,7.8,Yes,Intermediate,ICSE,28.12,"Textbooks, Workbooks"
Male,Elementary,Low,Advanced,High,90,77,4.2,Yes,Intermediate,State Board,38.47,"Textbooks, Workbooks"
Male,High School,Medium,Beginner,High,56,89,6.5,Yes,Basic,CBSE,37.86,"Textbooks, Workbooks"
Male,Elementary,High,Intermediate,Medium,49,92,6.5,Yes,Fluent,CBSE,41.36,"Textbooks, Workbooks"
Male,Elementary,Low,Advanced,Medium,86,81,5.5,No,Intermediate,CBSE,39.02,"Textbooks, Workbooks"
Male,Elementary,Medium,Beginner,Low,99,76,1.8,Yes,Fluent,IB,43.7,"Textbooks, Workbooks"
Female,Elementary,High,Advanced,Medium,52,68,6.2,No,Intermediate,IB,33.0,"Textbooks, Workbooks"
Male,High School,Medium,Advanced,Low,31,81,3.2,Yes,Basic,State Board,19.43,"Textbooks, Workbooks"
Female,Elementary,High,Intermediate,Low,56,69,8.2,Yes,Intermediate,ICSE,33.82,"Textbooks, Workbooks"
Female,High School,High,Beginner,Medium,61,92,1.9,Yes,Intermediate,ICSE,42.95,"Textbooks, Workbooks"
Male,High School,Medium,Advanced,Medium,79,98,2.9,Yes,Fluent,IB,47.93,"Textbooks, Workbooks"
Male,High School,High,Advanced,High,93,62,4.4,No,Fluent,IB,40.14,"Textbooks, Workbooks"
Female,Elementary,Medium,Advanced,Medium,69,76,7.4,No,Intermediate,IB,45.09,"Textbooks, Workbooks"
Male,High School,Medium,Advanced,High,62,68,7.2,Yes,Fluent,ICSE,39.07,"Textbooks, Workbooks"
Female,Elementary,Medium,Advanced,Low,58,99,3.4,Yes,Basic,State Board,45.99,"Textbooks, Workbooks"
Male,High School,High,Beginner,Low,62,95,5.1,Yes,Intermediate,ICSE,41.12,"Textbooks, Workbooks"
Male,Elementary,High,Advanced,Medium,46,78,2.3,Yes,Intermediate,ICSE,26.5,"Textbooks, Workbooks"
Male,Elementary,Medium,Advanced,Low,94,93,7.7,Yes,Intermediate,State Board,47.97,"Textbooks, Workbooks"
Female,Elementary,Medium,Advanced,High,72,61,2.0,Yes,Intermediate,CBSE,37.19,"Textbooks, Workbooks"
Male,Elementary,High,Beginner,Medium,92,86,8.2,Yes,Fluent,ICSE,51.44,"Educational Apps, Science Kits"
Female,High School,Medium,Advanced,Medium,87,78,9.4,Yes,Basic,CBSE,51.66,"Educational Apps, Science Kits"
Male,High School,Low,Advanced,Medium,72,92,9.9,Yes,Intermediate,ICSE,44.48,"Textbooks, Workbooks"
Female,Elementary,Medium,Intermediate,Medium,66,85,8.6,Yes,Intermediate,ICSE,46.1,"Textbooks, Workbooks"
Male,High School,High,Intermediate,Medium,75,93,2.2,Yes,Fluent,ICSE,47.24,"Textbooks, Workbooks"
Female,Elementary,High,Advanced,Low,54,87,4.2,Yes,Fluent,CBSE,36.85,"Textbooks, Workbooks"
Female,Elementary,High,Advanced,Low,96,75,0.9,Yes,Fluent,IB,49.4,"Textbooks, Workbooks"
Female,High School,Medium,Intermediate,Medium,80,81,1.6,Yes,Intermediate,CBSE,42.74,"Textbooks, Workbooks"
Female,Elementary,High,Beginner,Low,67,87,0.5,Yes,Fluent,ICSE,38.16,"Textbooks, Workbooks"
Female,Elementary,Medium,Beginner,High,67,73,6.4,Yes,Intermediate,IB,37.72,"Textbooks, Workbooks"
Female,Elementary,High,Intermediate,Low,30,65,5.3,Yes,Fluent,CBSE,30.28,"Textbooks, Workbooks"
Male,Elementary,Medium,Advanced,Low,83,70,9.2,Yes,Fluent,State Board,44.53,"Textbooks, Workbooks"
Female,Elementary,Low,Intermediate,Low,94,79,4.6,Yes,Basic,IB,49.28,"Textbooks, Workbooks"
Female,High School,Medium,Beginner,Medium,51,95,6.4,No,Fluent,CBSE,34.15,"Textbooks, Workbooks"
Female,High School,Medium,Intermediate,Low,90,75,4.0,Yes,Intermediate,IB,49.33,"Textbooks, Workbooks"
Male,High School,High,Beginner,Low,87,65,8.3,Yes,Basic,ICSE,45.95,"Textbooks, Workbooks"
Male,Elementary,High,Advanced,Medium,83,67,9.3,No,Basic,CBSE,48.73,"Textbooks, Workbooks"
Male,Elementary,Medium,Advanced,Medium,48,95,4.3,Yes,Fluent,State Board,30.15,"Textbooks, Workbooks"
Female,Elementary,High,Advanced,High,99,63,0.8,No,Fluent,CBSE,40.2,"Textbooks, Workbooks"
Male,Elementary,Medium,Beginner,High,63,93,1.6,Yes,Basic,CBSE,34.64,"Textbooks, Workbooks"
Male,Elementary,High,Intermediate,Low,73,79,7.2,No,Basic,IB,44.56,"Textbooks, Workbooks"
Female,Elementary,High,Advanced,Low,96,83,3.3,Yes,Fluent,ICSE,49.11,"Textbooks, Workbooks"
Female,High School,High,Beginner,Medium,81,62,7.9,Yes,Basic,State Board,42.71,"Textbooks, Workbooks"
Male,Elementary,Medium,Advanced,High,51,87,7.5,Yes,Intermediate,ICSE,34.74,"Textbooks, Workbooks"
Female,High School,Medium,Intermediate,High,58,89,6.9,Yes,Basic,State Board,34.46,"Textbooks, Workbooks"
Female,Elementary,High,Advanced,Low,43,88,8.1,Yes,Fluent,State Board,38.38,"Textbooks, Workbooks"
Female,High School,Medium,Beginner,Medium,91,80,7.6,Yes,Intermediate,State Board,45.76,"Textbooks, Workbooks"
Female,Elementary,High,Beginner,High,44,86,6.3,Yes,Intermediate,ICSE,35.95,"Textbooks, Workbooks"
Male,High School,High,Advanced,High,43,84,0.0,Yes,Fluent,State Board,22.06,"Textbooks, Workbooks"
Female,High School,Medium,Advanced,Low,96,62,5.2,Yes,Basic,CBSE,46.92,"Textbooks, Workbooks"
Male,Elementary,High,Beginner,Medium,51,60,6.0,Yes,Fluent,CBSE,37.17,"Textbooks, Workbooks"
Male,Elementary,High,Advanced,Low,36,82,9.6,No,Intermediate,IB,35.43,"Textbooks, Workbooks"
Male,High School,Medium,Advanced,Low,36,64,6.5,No,Basic,CBSE,28.43,"Textbooks, Workbooks"
Male,Elementary,Medium,Advanced,Medium,46,90,5.8,Yes,Intermediate,State Board,39.45,"Textbooks, Workbooks"
Female,Elementary,High,Intermediate,Low,61,84,5.4,Yes,Basic,State Board,36.23,"Textbooks, Workbooks"
Female,Elementary,Medium,Intermediate,High,85,94,1.0,Yes,Fluent,State Board,41.91,"Textbooks, Workbooks"
Female,High School,Low,Intermediate,High,91,60,4.3,Yes,Intermediate,ICSE,45.33,"Textbooks, Workbooks"
Male,Elementary,High,Advanced,High,87,74,1.3,Yes,Fluent,State Board,40.71,"Textbooks, Workbooks"
Male,High School,Medium,Beginner,Medium,87,98,0.5,No,Intermediate,CBSE,42.73,"Textbooks, Workbooks"
Male,High School,High,Advanced,Low,32,83,3.3,Yes,Basic,ICSE,21.72,"Textbooks, Workbooks"
Female,Elementary,Low,Advanced,Low,30,93,6.5,Yes,Fluent,State Board,26.51,"Textbooks, Workbooks"
Male,High School,Low,Intermediate,Medium,96,77,8.7,Yes,Fluent,State Board,55.64,"Educational Apps, Science Kits"
Female,Elementary,High,Beginner,Medium,49,84,8.1,Yes,Intermediate,ICSE,40.51,"Textbooks, Workbooks"
Female,Elementary,Low,Intermediate,Medium,91,95,2.9,Yes,Fluent,IB,59.23,"Educational Apps, Science Kits"
Female,High School,High,Beginner,Medium,85,60,0.5,No,Fluent,ICSE,43.27,"Textbooks, Workbooks"
Female,High School,High,Advanced,Medium,82,68,4.0,Yes,Basic,ICSE,43.49,"Textbooks, Workbooks"
Male,High School,High,Advanced,Low,94,90,3.1,No,Fluent,State Board,52.77,"Educational Apps, Science Kits"
Female,High School,Low,Advanced,Medium,85,81,3.7,Yes,Fluent,IB,40.47,"Textbooks, Workbooks"
Male,High School,Medium,Beginner,Medium,74,97,5.6,Yes,Basic,ICSE,47.75,"Textbooks, Workbooks"
Female,Elementary,High,Intermediate,High,47,61,0.3,Yes,Intermediate,State Board,25.53,"Textbooks, Workbooks"
Male,High School,Medium,Intermediate,Medium,77,79,3.7,No,Basic,IB,51.32,"Educational Apps, Science Kits"
Male,Elementary,Medium,Intermediate,Low,67,82,5.6,Yes,Intermediate,CBSE,45.8,"Textbooks, Workbooks"
Female,Elementary,Medium,Beginner,Medium,51,71,4.3,Yes,Fluent,CBSE,36.17,"Textbooks, Workbooks"
Female,High School,Low,Beginner,High,30,69,6.7,Yes,Basic,State Board,23.24,"Textbooks, Workbooks"
Female,High School,High,Advanced,Low,71,91,1.9,No,Intermediate,CBSE,54.46,"Educational Apps, Science Kits"
Male,High School,High,Intermediate,High,98,64,1.5,Yes,Basic,ICSE,43.78,"Textbooks, Workbooks"
Female,High School,High,Beginner,Low,58,88,3.1,Yes,Fluent,CBSE,34.04,"Textbooks, Workbooks"
Female,High School,Medium,Intermediate,Medium,35,92,1.0,Yes,Intermediate,State Board,31.72,"Textbooks, Workbooks"
Male,Elementary,High,Intermediate,High,85,82,2.4,Yes,Basic,State Board,37.88,"Textbooks, Workbooks"
Female,Elementary,Medium,Beginner,Medium,41,95,0.9,Yes,Intermediate,CBSE,26.42,"Textbooks, Workbooks"
Male,Elementary,Medium,Beginner,Medium,68,72,4.0,Yes,Fluent,CBSE,34.79,"Textbooks, Workbooks"
Female,High School,Medium,Advanced,Low,41,61,7.1,Yes,Basic,State Board,30.93,"Textbooks, Workbooks"
Male,High School,High,Advanced,Low,62,70,2.9,Yes,Intermediate,State Board,36.01,"Textbooks, Workbooks"
Male,Elementary,High,Advanced,Medium,82,87,0.0,Yes,Intermediate,IB,39.29,"Textbooks, Workbooks"
Female,High School,High,Intermediate,Medium,48,84,5.6,Yes,Intermediate,State Board,33.61,"Textbooks, Workbooks"
Male,High School,High,Intermediate,Medium,87,95,6.9,Yes,Fluent,ICSE,37.89,"Textbooks, Workbooks"
Female,High School,High,Advanced,High,72,77,3.9,Yes,Intermediate,ICSE,39.46,"Textbooks, Workbooks"
Female,Elementary,Low,Intermediate,Medium,74,98,3.0,No,Basic,State Board,44.07,"Textbooks, Workbooks"
Male,High School,High,Intermediate,Medium,48,68,4.9,Yes,Basic,IB,35.9,"Textbooks, Workbooks"
Female,Elementary,Medium,Intermediate,Medium,66,61,1.0,No,Fluent,State Board,32.89,"Textbooks, Workbooks"
Male,High School,Medium,Intermediate,Medium,40,95,6.4,Yes,Fluent,State Board,37.39,"Textbooks, Workbooks"
Male,High School,Low,Beginner,Medium,85,76,7.3,No,Intermediate,ICSE,46.04,"Textbooks, Workbooks"
Male,Elementary,Medium,Beginner,Medium,54,92,7.0,Yes,Fluent,State Board,47.79,"Textbooks, Workbooks"
Male,High School,Medium,Advanced,High,98,94,3.3,Yes,Intermediate,ICSE,51.45,"Educational Apps, Science Kits"
Male,High School,Medium,Advanced,Medium,74,92,8.4,Yes,Intermediate,CBSE,47.26,"Textbooks, Workbooks"
Male,High School,Medium,Intermediate,Medium,91,91,9.5,Yes,Fluent,State Board,49.62,"Textbooks, Workbooks"
Male,Elementary,High,Intermediate,Medium,43,79,3.0,Yes,Intermediate,CBSE,33.9,"Textbooks, Workbooks"
Male,High School,High,Beginner,Low,63,89,2.6,Yes,Intermediate,ICSE,39.76,"Textbooks, Workbooks"
Female,High School,Medium,Intermediate,High,89,81,7.0,Yes,Intermediate,IB,53.94,"Educational Apps, Science Kits"
Female,High School,Medium,Intermediate,Medium,93,84,7.1,Yes,Intermediate,IB,49.03,"Textbooks, Workbooks"
Male,High School,Medium,Advanced,Medium,99,70,5.1,Yes,Basic,CBSE,49.71,"Textbooks, Workbooks"
Female,High School,Medium,Intermediate,High,80,93,9.2,No,Fluent,State Board,56.12,"Educational Apps, Science Kits"
Female,Elementary,Low,Beginner,High,71,87,1.5,Yes,Basic,CBSE,47.83,"Textbooks, Workbooks"
Female,Elementary,High,Intermediate,Medium,50,94,4.8,Yes,Intermediate,State Board,41.18,"Textbooks, Workbooks"
Female,High School,Medium,Intermediate,High,34,63,0.4,Yes,Fluent,ICSE,25.05,"Textbooks, Workbooks"
Female,High School,Low,Intermediate,Low,95,68,0.5,Yes,Fluent,IB,38.77,"Textbooks, Workbooks"
Female,Elementary,Medium,Intermediate,Medium,99,81,0.5,Yes,Fluent,State Board,45.63,"Textbooks, Workbooks"
Male,High School,Medium,Intermediate,Low,90,84,4.9,Yes,Intermediate,IB,39.3,"Textbooks, Workbooks"
Female,High School,Medium,Beginner,Low,37,80,5.9,Yes,Fluent,CBSE,33.02,"Textbooks, Workbooks"
Female,High School,Low,Advanced,Low,95,84,0.0,Yes,Fluent,IB,45.05,"Textbooks, Workbooks"
Female,High School,High,Intermediate,Medium,91,76,6.3,Yes,Basic,IB,51.03,"Educational Apps, Science Kits"
Female,High School,Medium,Advanced,Low,49,74,4.9,Yes,Fluent,CBSE,31.76,"Textbooks, Workbooks"
Male,High School,Low,Advanced,Medium,33,66,2.2,Yes,Basic,IB,20.52,"Textbooks, Workbooks"
Male,High School,Low,Beginner,Medium,44,91,0.2,Yes,Intermediate,CBSE,28.06,"Textbooks, Workbooks"
Male,High School,Medium,Advanced,High,85,67,1.6,Yes,Fluent,IB,47.27,"Textbooks, Workbooks"
Male,Elementary,Low,Intermediate,Low,49,62,6.0,Yes,Intermediate,State Board,37.16,"Textbooks, Workbooks"
Female,Elementary,Low,Intermediate,Low,53,92,6.6,Yes,Intermediate,CBSE,38.38,"Textbooks, Workbooks"
Male,High School,Medium,Intermediate,Medium,38,95,6.5,Yes,Fluent,ICSE,40.42,"Textbooks, Workbooks"
Male,High School,Medium,Intermediate,Medium,50,76,1.5,Yes,Intermediate,IB,35.05,"Textbooks, Workbooks"
Male,High School,Low,Beginner,Low,70,60,9.1,Yes,Intermediate,IB,38.97,"Textbooks, Workbooks"
Male,High School,Medium,Advanced,High,42,95,4.1,Yes,Fluent,ICSE,30.53,"Textbooks, Workbooks"
Female,Elementary,Medium,Beginner,Low,34,99,7.7,Yes,Fluent,IB,30.41,"Textbooks, Workbooks"
Male,Elementary,Low,Advanced,High,93,76,1.7,No,Fluent,CBSE,44.21,"Textbooks, Workbooks"
Female,Elementary,Medium,Beginner,Low,75,96,4.7,Yes,Basic,IB,48.2,"Textbooks, Workbooks"
Male,Elementary,Low,Beginner,High,99,84,5.2,Yes,Intermediate,ICSE,49.16,"Textbooks, Workbooks"
Female,High School,Low,Beginner,Medium,88,84,7.7,Yes,Intermediate,State Board,45.81,"Textbooks, Workbooks"
Female,High School,Medium,Intermediate,High,80,72,6.2,Yes,Basic,CBSE,50.3,"Educational Apps, Science Kits"
Male,High School,Medium,Intermediate,Medium,45,72,4.0,Yes,Intermediate,CBSE,32.52,"Textbooks, Workbooks"
Male,Elementary,Low,Beginner,Low,80,71,2.8,Yes,Fluent,IB,40.63,"Textbooks, Workbooks"
Male,High School,Medium,Advanced,Medium,71,91,9.7,Yes,Fluent,State Board,37.87,"Textbooks, Workbooks"
Male,High School,High,Advanced,Medium,40,94,2.8,No,Intermediate,ICSE,34.69,"Textbooks, Workbooks"
Female,Elementary,High,Intermediate,Low,97,87,1.3,No,Intermediate,IB,42.78,"Textbooks, Workbooks"
Female,Elementary,High,Beginner,Low,81,79,3.0,Yes,Intermediate,IB,43.47,"Textbooks, Workbooks"
Male,Elementary,High,Intermediate,High,39,87,3.3,No,Fluent,IB,33.62,"Textbooks, Workbooks"
Male,Elementary,High,Intermediate,Low,92,90,1.3,Yes,Intermediate,ICSE,51.44,"Educational Apps, Science Kits"
Female,Elementary,High,Intermediate,Medium,65,83,7.1,Yes,Intermediate,CBSE,37.46,"Textbooks, Workbooks"
Male,High School,Medium,Beginner,Medium,74,70,6.2,Yes,Fluent,ICSE,45.98,"Textbooks, Workbooks"
Female,High School,Medium,Beginner,Medium,35,75,3.2,Yes,Fluent,ICSE,27.37,"Textbooks, Workbooks"
Male,Elementary,Low,Intermediate,Low,35,97,9.9,Yes,Fluent,CBSE,37.85,"Textbooks, Workbooks"
Female,High School,Medium,Beginner,Medium,95,76,6.6,No,Intermediate,IB,44.94,"Textbooks, Workbooks"
Female,High School,High,Advanced,Low,93,64,7.0,Yes,Intermediate,IB,40.9,"Textbooks, Workbooks"
Female,High School,Medium,Advanced,Low,67,79,5.6,Yes,Basic,ICSE,48.14,"Textbooks, Workbooks"
Female,High School,High,Intermediate,Medium,98,94,5.5,Yes,Basic,ICSE,59.85,"Educational Apps, Science Kits"
Female,Elementary,Medium,Advanced,High,90,73,0.2,Yes,Fluent,CBSE,34.31,"Textbooks, Workbooks"
Male,High School,Medium,Intermediate,Low,92,85,7.7,Yes,Fluent,ICSE,54.78,"Educational Apps, Science Kits"
Female,High School,Medium,Intermediate,Low,49,83,9.1,Yes,Fluent,IB,35.86,"Textbooks, Workbooks"
Male,High School,Medium,Intermediate,Medium,93,90,1.2,Yes,Intermediate,CBSE,51.27,"Educational Apps, Science Kits"
Female,Elementary,Medium,Beginner,Medium,66,77,8.0,Yes,Basic,IB,35.09,"Textbooks, Workbooks"
Female,High School,High,Beginner,Medium,65,98,5.3,Yes,Fluent,IB,41.66,"Textbooks, Workbooks"
Male,Elementary,High,Beginner,High,39,81,2.9,Yes,Intermediate,CBSE,30.95,"Textbooks, Workbooks"
Male,Elementary,High,Beginner,High,63,80,9.2,Yes,Intermediate,State Board,34.55,"Textbooks, Workbooks"
Male,Elementary,Medium,Intermediate,Medium,74,93,0.2,Yes,Intermediate,CBSE,34.7,"Textbooks, Workbooks"
Male,Elementary,High,Beginner,Medium,92,84,2.7,Yes,Intermediate,IB,45.52,"Textbooks, Workbooks"
Female,High School,Medium,Advanced,High,42,99,8.9,Yes,Intermediate,CBSE,32.67,"Textbooks, Workbooks"
Male,Elementary,Medium,Advanced,Low,54,89,4.8,No,Basic,CBSE,36.42,"Textbooks, Workbooks"
Female,Elementary,High,Beginner,Medium,73,65,6.0,Yes,Intermediate,ICSE,39.28,"Textbooks, Workbooks"
Male,Elementary,Medium,Advanced,Medium,53,84,7.5,Yes,Fluent,State Board,39.92,"Textbooks, Workbooks"
Male,Elementary,Low,Advanced,Low,98,64,1.5,Yes,Fluent,State Board,46.98,"Textbooks, Workbooks"
Female,Elementary,Medium,Beginner,High,76,88,2.2,Yes,Fluent,ICSE,39.59,"Textbooks, Workbooks"
Female,High School,High,Intermediate,High,79,81,10.0,Yes,Fluent,IB,51.8,"Educational Apps, Science Kits"
Male,Elementary,Medium,Intermediate,Medium,65,62,2.4,Yes,Fluent,IB,28.98,"Textbooks, Workbooks"
Female,High School,Medium,Intermediate,High,62,89,5.4,Yes,Intermediate,CBSE,35.99,"Textbooks, Workbooks"
Female,High School,Medium,Beginner,Medium,32,83,3.0,Yes,Basic,State Board,16.59,"Textbooks, Workbooks"
Female,Elementary,High,Intermediate,High,60,76,8.5,Yes,Fluent,CBSE,38.91,"Textbooks, Workbooks"
Female,High School,High,Intermediate,Low,89,79,9.6,Yes,Basic,ICSE,56.5,"Educational Apps, Science Kits"
Female,High School,Medium,Advanced,Low,58,85,1.4,Yes,Intermediate,CBSE,34.71,"Textbooks, Workbooks"
Female,High School,Low,Intermediate,Low,73,64,6.0,Yes,Basic,IB,35.97,"Textbooks, Workbooks"
Female,Elementary,Medium,Beginner,Medium,74,72,8.1,Yes,Intermediate,State Board,34.45,"Textbooks, Workbooks"
Female,Elementary,Medium,Intermediate,Low,71,98,8.2,Yes,Intermediate,ICSE,39.08,"Textbooks, Workbooks"
Male,Elementary,High,Advanced,Low,50,63,4.4,Yes,Fluent,IB,28.95,"Textbooks, Workbooks"
Female,Elementary,Low,Advanced,High,61,76,2.3,Yes,Fluent,IB,33.2,"Textbooks, Workbooks"
Male,Elementary,Medium,Advanced,High,57,99,3.9,Yes,Fluent,IB,41.08,"Textbooks, Workbooks"
Female,Elementary,High,Advanced,Medium,76,94,7.5,Yes,Fluent,IB,52.68,"Educational Apps, Science Kits"
Female,Elementary,Medium,Intermediate,High,76,90,9.9,Yes,Basic,IB,50.07,"Educational Apps, Science Kits"
Female,High School,High,Advanced,High,46,75,5.5,Yes,Basic,ICSE,30.06,"Textbooks, Workbooks"
Female,High School,High,Advanced,Medium,58,93,2.0,No,Intermediate,IB,39.06,"Textbooks, Workbooks"
Male,Elementary,High,Advanced,Medium,77,91,0.4,Yes,Basic,IB,43.39,"Textbooks, Workbooks"
Male,High School,Medium,Intermediate,High,31,92,9.4,Yes,Intermediate,IB,38.04,"Textbooks, Workbooks"
Female,Elementary,Medium,Beginner,Medium,62,67,4.8,Yes,Intermediate,State Board,32.11,"Textbooks, Workbooks"
Male,Elementary,High,Advanced,Low,92,89,7.2,Yes,Intermediate,IB,53.7,"Educational Apps, Science Kits"
Female,Elementary,Medium,Advanced,Medium,97,62,6.6,Yes,Intermediate,CBSE,50.68,"Educational Apps, Science Kits"
Female,High School,Medium,Advanced,Medium,68,76,8.9,Yes,Fluent,ICSE,41.82,"Textbooks, Workbooks"
Male,Elementary,Medium,Intermediate,High,34,83,2.7,No,Intermediate,ICSE,21.78,"Textbooks, Workbooks"
Male,Elementary,Medium,Intermediate,Medium,97,75,4.4,Yes,Fluent,CBSE,48.69,"Textbooks, Workbooks"
Female,Elementary,High,Advanced,High,81,79,9.1,Yes,Intermediate,IB,44.58,"Textbooks, Workbooks"
Female,Elementary,Low,Beginner,High,81,69,5.9,Yes,Fluent,ICSE,47.16,"Textbooks, Workbooks"
Male,High School,Low,Advanced,Medium,58,83,0.7,Yes,Fluent,IB,33.21,"Textbooks, Workbooks"
Female,Elementary,High,Beginner,High,66,66,1.9,Yes,Basic,State Board,34.68,"Textbooks, Workbooks"
Male,High School,High,Beginner,Low,37,79,2.4,Yes,Basic,CBSE,25.95,"Textbooks, Workbooks"
Female,High School,Medium,Intermediate,Medium,49,72,9.9,Yes,Intermediate,ICSE,35.47,"Textbooks, Workbooks"
Female,Elementary,Medium,Intermediate,High,70,88,2.2,Yes,Fluent,ICSE,46.99,"Textbooks, Workbooks"
Male,Elementary,Medium,Intermediate,Medium,99,69,8.7,Yes,Intermediate,IB,54.17,"Educational Apps, Science Kits"
Male,High School,Medium,Beginner,High,65,68,0.8,Yes,Basic,CBSE,27.89,"Textbooks, Workbooks"
Male,High School,High,Beginner,Low,61,66,1.8,Yes,Intermediate,State Board,32.65,"Textbooks, Workbooks"
Female,High School,Low,Beginner,High,34,92,8.7,Yes,Basic,State Board,28.04,"Textbooks, Workbooks"
Female,High School,Low,Intermediate,Low,49,83,9.0,Yes,Fluent,ICSE,44.7,"Textbooks, Workbooks"
Female,Elementary,Medium,Intermediate,Medium,97,75,1.8,No,Fluent,IB,51.86,"Educational Apps, Science Kits"
Female,High School,Medium,Intermediate,Medium,51,91,2.3,Yes,Fluent,IB,41.13,"Textbooks, Workbooks"
Male,High School,Low,Advanced,Medium,60,63,5.3,No,Fluent,IB,27.54,"Textbooks, Workbooks"
Female,High School,Low,Beginner,Low,70,73,0.5,Yes,Intermediate,State Board,31.28,"Textbooks, Workbooks"
Female,High School,High,Beginner,Medium,34,88,9.5,Yes,Fluent,IB,30.39,"Textbooks, Workbooks"
Female,Elementary,Low,Advanced,Medium,39,81,3.6,Yes,Basic,CBSE,25.24,"Textbooks, Workbooks"
Male,Elementary,High,Beginner,Medium,66,82,4.9,No,Intermediate,ICSE,35.64,"Textbooks, Workbooks"
Female,Elementary,Medium,Beginner,Medium,85,85,1.1,Yes,Basic,IB,39.71,"Textbooks, Workbooks"
Female,High School,Medium,Advanced,Medium,53,85,0.3,Yes,Basic,State Board,30.92,"Textbooks, Workbooks"
Male,High School,Medium,Beginner,High,45,81,4.7,No,Fluent,CBSE,34.2,"Textbooks, Workbooks"
Female,Elementary,Medium,Intermediate,High,31,62,1.2,No,Intermediate,ICSE,24.1,"Textbooks, Workbooks"
Female,Elementary,Medium,Advanced,Medium,44,76,6.3,Yes,Basic,ICSE,36.93,"Textbooks, Workbooks"
Male,High School,Medium,Beginner,Medium,70,73,7.9,Yes,Fluent,IB,43.47,"Textbooks, Workbooks"
Female,Elementary,High,Intermediate,Medium,92,89,0.3,Yes,Fluent,State Board,47.15,"Textbooks, Workbooks"
Female,High School,High,Beginner,Low,78,72,6.1,Yes,Intermediate,State Board,48.44,"Textbooks, Workbooks"
Female,High School,Medium,Advanced,Medium,55,85,8.2,Yes,Intermediate,ICSE,42.72,"Textbooks, Workbooks"
Male,High School,Medium,Intermediate,Low,95,99,4.4,Yes,Fluent,IB,53.16,"Educational Apps, Science Kits"
Female,High School,High,Beginner,Low,58,91,9.6,Yes,Intermediate,State Board,34.71,"Textbooks, Workbooks"
Female,High School,Medium,Advanced,Medium,99,93,1.1,Yes,Intermediate,State Board,55.78,"Educational Apps, Science Kits"
Male,High School,High,Beginner,Medium,89,82,3.2,Yes,Fluent,CBSE,38.79,"Textbooks, Workbooks"
Male,Elementary,High,Beginner,Low,94,93,2.3,No,Intermediate,ICSE,45.6,"Textbooks, Workbooks"
Female,Elementary,Low,Intermediate,High,69,71,10.0,Yes,Intermediate,IB,33.38,"Textbooks, Workbooks"
Female,Elementary,Medium,Beginner,High,40,82,2.9,No,Fluent,CBSE,37.14,"Textbooks, Workbooks"
Female,High School,Medium,Advanced,High,81,87,3.9,No,Fluent,IB,42.13,"Textbooks, Workbooks"
Female,Elementary,High,Advanced,Medium,93,78,8.5,Yes,Basic,State Board,51.38,"Educational Apps, Science Kits"
Male,High School,Medium,Intermediate,Low,32,93,9.3,Yes,Fluent,ICSE,26.75,"Textbooks, Workbooks"
Female,High School,High,Intermediate,Low,40,67,9.4,No,Basic,CBSE,33.18,"Textbooks, Workbooks"
Male,High School,Medium,Beginner,Low,57,93,5.6,No,Intermediate,ICSE,43.81,"Textbooks, Workbooks"
Male,High School,Low,Advanced,Low,91,75,6.6,Yes,Fluent,State Board,44.69,"Textbooks, Workbooks"
Female,Elementary,Low,Intermediate,High,77,66,3.5,Yes,Intermediate,ICSE,39.51,"Textbooks, Workbooks"
Female,Elementary,Medium,Beginner,High,57,86,6.1,Yes,Fluent,IB,39.79,"Textbooks, Workbooks"
Male,Elementary,Medium,Beginner,High,75,79,3.0,No,Fluent,State Board,35.78,"Textbooks, Workbooks"
Male,High School,Medium,Advanced,High,93,94,7.5,No,Fluent,IB,56.21,"Educational Apps, Science Kits"
Female,Elementary,Medium,Advanced,Medium,84,76,3.1,Yes,Basic,CBSE,39.43,"Textbooks, Workbooks"
Male,Elementary,Low,Beginner,High,31,87,8.8,Yes,Fluent,IB,32.68,"Textbooks, Workbooks"
Female,Elementary,Low,Advanced,High,45,67,1.4,Yes,Fluent,CBSE,26.72,"Textbooks, Workbooks"
Female,High School,High,Beginner,Medium,40,63,5.7,Yes,Basic,State Board,33.46,"Textbooks, Workbooks"
Male,Elementary,Medium,Beginner,Low,32,92,5.2,Yes,Fluent,State Board,31.24,"Textbooks, Workbooks"
Male,High School,Medium,Advanced,Low,84,81,2.6,Yes,Basic,ICSE,34.29,"Textbooks, Workbooks"
Female,Elementary,High,Intermediate,Medium,71,90,0.3,Yes,Intermediate,ICSE,39.28,"Textbooks, Workbooks"
Male,High School,High,Beginner,Medium,58,60,1.5,Yes,Basic,ICSE,31.13,"Textbooks, Workbooks"
Female,Elementary,Low,Advanced,High,98,73,9.7,Yes,Intermediate,State Board,54.76,"Educational Apps, Science Kits"
Female,Elementary,Medium,Beginner,Medium,60,66,9.4,Yes,Fluent,ICSE,36.45,"Textbooks, Workbooks"
Female,Elementary,High,Beginner,Medium,54,67,1.2,No,Basic,CBSE,23.77,"Textbooks, Workbooks"
Male,High School,High,Beginner,Low,35,67,3.7,Yes,Intermediate,State Board,19.39,"Textbooks, Workbooks"
Female,Elementary,High,Advanced,Medium,89,83,4.7,Yes,Intermediate,CBSE,46.38,"Textbooks, Workbooks"
Female,Elementary,Medium,Advanced,Medium,96,60,4.8,No,Basic,State Board,52.64,"Educational Apps, Science Kits"
Female,High School,Low,Advanced,High,51,94,3.0,Yes,Fluent,ICSE,34.83,"Textbooks, Workbooks"
Female,High School,Medium,Intermediate,Medium,70,67,9.1,No,Intermediate,IB,41.52,"Textbooks, Workbooks"
Female,High School,High,Beginner,High,82,64,9.1,Yes,Basic,ICSE,46.45,"Textbooks, Workbooks"
Female,High School,Medium,Intermediate,Medium,89,91,0.2,No,Intermediate,CBSE,48.72,"Textbooks, Workbooks"
Female,Elementary,Low,Beginner,Medium,68,60,6.5,Yes,Intermediate,IB,36.34,"Textbooks, Workbooks"
Female,Elementary,High,Advanced,High,84,61,0.7,No,Basic,ICSE,41.99,"Textbooks, Workbooks"
Female,High School,Medium,Beginner,High,59,74,6.0,Yes,Basic,State Board,41.28,"Textbooks, Workbooks"
Female,Elementary,Low,Beginner,Low,31,68,8.7,Yes,Fluent,State Board,31.75,"Textbooks, Workbooks"
Female,High School,Low,Beginner,High,37,71,6.5,Yes,Fluent,ICSE,34.06,"Textbooks, Workbooks"
Male,Elementary,Medium,Intermediate,Low,92,69,4.7,Yes,Intermediate,CBSE,53.91,"Educational Apps, Science Kits"
Female,High School,Medium,Advanced,Medium,88,83,9.6,Yes,Fluent,CBSE,50.76,"Educational Apps, Science Kits"
Female,Elementary,Medium,Advanced,Low,57,78,7.5,No,Intermediate,State Board,36.17,"Textbooks, Workbooks"
Female,High School,Low,Beginner,Medium,67,76,2.5,Yes,Basic,CBSE,31.17,"Textbooks, Workbooks"
Male,High School,Low,Advanced,Medium,47,61,3.9,Yes,Basic,CBSE,30.39,"Textbooks, Workbooks"
Female,Elementary,Medium,Intermediate,Medium,91,69,7.6,No,Fluent,IB,47.76,"Textbooks, Workbooks"
Male,Elementary,Medium,Intermediate,Medium,52,64,0.2,Yes,Intermediate,IB,31.42,"Textbooks, Workbooks"
Female,Elementary,Low,Advanced,Medium,94,98,0.6,Yes,Fluent,CBSE,47.22,"Textbooks, Workbooks"
Female,High School,Medium,Intermediate,Low,69,65,8.6,No,Intermediate,State Board,36.62,"Textbooks, Workbooks"
Male,Elementary,Low,Intermediate,High,89,61,0.4,Yes,Intermediate,IB,39.84,"Textbooks, Workbooks"
Female,High School,Medium,Advanced,Medium,34,67,6.8,Yes,Basic,ICSE,20.65,"Textbooks, Workbooks"
Male,Elementary,Low,Advanced,Medium,47,63,3.2,Yes,Basic,IB,28.4,"Textbooks, Workbooks"
Male,Elementary,Low,Beginner,High,67,90,8.3,Yes,Intermediate,ICSE,41.51,"Textbooks, Workbooks"
Female,High School,Medium,Beginner,Low,58,95,8.5,No,Fluent,CBSE,47.4,"Textbooks, Workbooks"
Female,High School,Medium,Intermediate,Medium,55,67,9.5,Yes,Fluent,ICSE,42.91,"Textbooks, Workbooks"
Female,Elementary,High,Advanced,Medium,89,90,1.0,Yes,Fluent,CBSE,45.48,"Textbooks, Workbooks"
Female,High School,Low,Intermediate,Low,65,76,4.2,Yes,Intermediate,State Board,29.9,"Textbooks, Workbooks"
Male,High School,Low,Advanced,Medium,58,99,5.7,Yes,Intermediate,CBSE,35.99,"Textbooks, Workbooks"
Male,Elementary,Medium,Intermediate,High,60,73,9.2,Yes,Intermediate,CBSE,39.79,"Textbooks, Workbooks"
Female,High School,High,Intermediate,Low,92,67,2.7,Yes,Basic,IB,40.38,"Textbooks, Workbooks"
Male,Elementary,Medium,Intermediate,Medium,42,84,0.7,Yes,Intermediate,ICSE,27.34,"Textbooks, Workbooks"
Male,Elementary,Medium,Beginner,Medium,69,73,2.0,No,Fluent,State Board,43.73,"Textbooks, Workbooks"
Female,High School,Medium,Advanced,Medium,99,82,5.0,Yes,Intermediate,IB,48.88,"Textbooks, Workbooks"
Male,Elementary,Low,Intermediate,High,31,76,6.8,Yes,Intermediate,CBSE,28.84,"Textbooks, Workbooks"
Male,High School,High,Beginner,High,37,71,6.9,Yes,Basic,IB,31.1,"Textbooks, Workbooks"
Female,Elementary,Medium,Intermediate,Medium,72,79,0.7,Yes,Basic,CBSE,33.73,"Textbooks, Workbooks"
Male,High School,High,Intermediate,High,78,93,7.6,Yes,Basic,ICSE,45.08,"Textbooks, Workbooks"
Female,High School,Medium,Advanced,High,51,70,6.6,No,Basic,CBSE,33.01,"Textbooks, Workbooks"
Male,High School,Medium,Intermediate,Medium,64,86,4.1,No,Fluent,CBSE,39.58,"Textbooks, Workbooks"
Female,High School,Low,Advanced,High,48,68,5.7,Yes,Intermediate,IB,35.74,"Textbooks, Workbooks"
Male,High School,Medium,Beginner,High,33,77,7.7,Yes,Intermediate,CBSE,25.64,"Textbooks, Workbooks"
Male,Elementary,Low,Beginner,Low,48,97,2.6,Yes,Basic,ICSE,34.38,"Textbooks, Workbooks"
Female,Elementary,Medium,Intermediate,Medium,49,95,9.4,Yes,Fluent,State Board,27.62,"Textbooks, Workbooks"
Female,High School,Medium,Beginner,High,33,87,1.4,Yes,Fluent,ICSE,26.38,"Textbooks, Workbooks"
Female,Elementary,High,Advanced,Medium,78,79,9.0,No,Basic,CBSE,48.09,"Textbooks, Workbooks"
Female,High School,Medium,Advanced,High,55,88,7.4,Yes,Basic,ICSE,39.81,"Textbooks, Workbooks"
Male,High School,Medium,Beginner,Medium,32,63,6.6,No,Basic,CBSE,34.91,"Textbooks, Workbooks"
Male,Elementary,Low,Advanced,Medium,81,74,0.8,No,Intermediate,CBSE,37.28,"Textbooks, Workbooks"
Male,Elementary,Medium,Advanced,Low,65,87,9.2,Yes,Basic,ICSE,42.37,"Textbooks, Workbooks"
Female,High School,Low,Intermediate,Medium,70,99,3.0,Yes,Intermediate,IB,41.43,"Textbooks, Workbooks"
Male,High School,High,Intermediate,Medium,99,83,7.5,Yes,Basic,State Board,55.22,"Educational Apps, Science Kits"
Male,High School,High,Advanced,High,80,96,8.8,Yes,Basic,State Board,57.37,"Educational Apps, Science Kits"
Female,High School,Medium,Beginner,Medium,45,75,2.4,Yes,Fluent,CBSE,33.99,"Textbooks, Workbooks"
Female,High School,Low,Advanced,Low,76,81,9.1,Yes,Fluent,IB,44.31,"Textbooks, Workbooks"
Male,High School,Medium,Intermediate,Medium,75,76,6.1,Yes,Intermediate,IB,36.16,"Textbooks, Workbooks"
Female,Elementary,High,Beginner,Medium,84,60,6.6,Yes,Intermediate,State Board,47.36,"Textbooks, Workbooks"
Male,High School,Medium,Advanced,High,68,90,9.1,Yes,Fluent,CBSE,46.09,"Textbooks, Workbooks"
Male,High School,Low,Beginner,High,35,84,5.3,Yes,Fluent,ICSE,33.17,"Textbooks, Workbooks"
Female,Elementary,High,Beginner,Medium,90,71,4.4,Yes,Intermediate,CBSE,39.9,"Textbooks, Workbooks"
Male,High School,High,Beginner,Low,38,79,6.3,Yes,Fluent,State Board,28.13,"Textbooks, Workbooks"
Female,High School,Low,Advanced,Low,40,78,5.5,Yes,Intermediate,ICSE,26.97,"Textbooks, Workbooks"
Female,Elementary,High,Intermediate,Low,94,64,0.6,No,Basic,CBSE,45.59,"Textbooks, Workbooks"
Male,High School,Medium,Beginner,High,88,74,1.8,Yes,Fluent,IB,34.49,"Textbooks, Workbooks"
Male,Elementary,Medium,Beginner,Low,99,84,0.1,Yes,Intermediate,CBSE,41.32,"Textbooks, Workbooks"
Male,High School,Medium,Advanced,Medium,36,94,1.1,Yes,Basic,ICSE,29.66,"Textbooks, Workbooks"
Female,Elementary,High,Intermediate,Medium,90,62,7.3,Yes,Fluent,ICSE,38.27,"Textbooks, Workbooks"
Male,Elementary,Medium,Intermediate,High,86,77,0.0,Yes,Intermediate,CBSE,42.64,"Textbooks, Workbooks"
Female,Elementary,Low,Advanced,High,63,81,3.0,Yes,Intermediate,State Board,34.65,"Textbooks, Workbooks"
Female,High School,High,Beginner,High,74,75,4.5,No,Intermediate,ICSE,29.81,"Textbooks, Workbooks"
Male,High School,Low,Advanced,High,74,74,9.4,Yes,Intermediate,State Board,49.33,"Textbooks, Workbooks"
Female,Elementary,High,Intermediate,High,44,64,3.3,No,Fluent,CBSE,19.81,"Textbooks, Workbooks"
Male,Elementary,Medium,Beginner,High,38,72,7.8,Yes,Basic,State Board,33.51,"Textbooks, Workbooks"
Male,High School,Low,Beginner,High,75,87,4.1,Yes,Intermediate,IB,47.07,"Textbooks, Workbooks"
Male,High School,Low,Intermediate,High,75,69,1.0,Yes,Intermediate,CBSE,38.62,"Textbooks, Workbooks"
Male,High School,High,Beginner,Medium,65,75,1.0,Yes,Fluent,CBSE,39.07,"Textbooks, Workbooks"
Male,High School,Medium,Advanced,Medium,75,61,4.3,Yes,Basic,ICSE,32.42,"Textbooks, Workbooks"
Male,High School,Medium,Intermediate,Medium,71,95,0.6,Yes,Fluent,CBSE,36.79,"Textbooks, Workbooks"
Male,Elementary,Medium,Intermediate,Medium,59,84,5.7,Yes,Fluent,IB,43.53,"Textbooks, Workbooks"
Female,High School,High,Beginner,High,40,64,4.9,Yes,Fluent,IB,34.27,"Textbooks, Workbooks"
Male,Elementary,Medium,Intermediate,High,62,87,7.0,Yes,Fluent,CBSE,49.89,"Textbooks, Workbooks"
Female,High School,Medium,Advanced,Medium,69,76,1.9,Yes,Intermediate,State Board,34.94,"Textbooks, Workbooks"
Female,Elementary,Medium,Intermediate,Medium,99,61,5.9,Yes,Intermediate,ICSE,48.01,"Textbooks, Workbooks"
Female,Elementary,High,Beginner,High,72,74,1.7,Yes,Fluent,State Board,41.43,"Textbooks, Workbooks"
Male,High School,Medium,Intermediate,Low,68,97,7.2,Yes,Basic,IB,43.45,"Textbooks, Workbooks"
Female,Elementary,Medium,Beginner,Low,68,88,3.1,Yes,Basic,CBSE,30.99,"Textbooks, Workbooks"
Female,Elementary,High,Beginner,High,82,82,6.1,Yes,Fluent,CBSE,49.18,"Textbooks, Workbooks"
Male,Elementary,High,Advanced,Low,60,77,8.8,Yes,Intermediate,State Board,39.51,"Textbooks, Workbooks"
Male,Elementary,Low,Intermediate,Medium,92,73,4.9,Yes,Intermediate,IB,48.61,"Textbooks, Workbooks"
Female,High School,High,Advanced,Low,54,91,1.9,Yes,Basic,ICSE,38.2,"Textbooks, Workbooks"
Male,Elementary,Medium,Advanced,Low,70,65,8.9,No,Basic,CBSE,44.52,"Textbooks, Workbooks"
Male,High School,Low,Intermediate,Medium,79,87,3.6,Yes,Fluent,State Board,45.62,"Textbooks, Workbooks"
Male,Elementary,Medium,Advanced,Medium,88,77,7.3,Yes,Basic,IB,49.27,"Textbooks, Workbooks"
Male,High School,Medium,Advanced,Medium,78,94,3.2,No,Intermediate,CBSE,46.99,"Textbooks, Workbooks"
Female,High School,High,Beginner,Low,59,97,3.0,No,Basic,State Board,33.99,"Textbooks, Workbooks"
Male,High School,Medium,Advanced,High,74,63,6.4,Yes,Basic,State Board,39.1,"Textbooks, Workbooks"
Male,Elementary,Medium,Intermediate,Medium,97,90,1.6,Yes,Intermediate,IB,45.58,"Textbooks, Workbooks"
Male,High School,Medium,Beginner,Medium,82,70,8.7,Yes,Fluent,State Board,45.5,"Textbooks, Workbooks"
Female,High School,Medium,Advanced,Low,55,70,3.9,Yes,Basic,CBSE,32.2,"Textbooks, Workbooks"
Female,Elementary,Low,Advanced,Medium,69,88,0.2,Yes,Intermediate,State Board,30.43,"Textbooks, Workbooks"
Male,High School,Low,Intermediate,Medium,41,78,3.1,Yes,Fluent,State Board,26.41,"Textbooks, Workbooks"
Male,Elementary,Medium,Advanced,Medium,30,76,7.8,No,Basic,ICSE,33.52,"Textbooks, Workbooks"
Female,Elementary,High,Intermediate,High,99,63,8.6,Yes,Basic,ICSE,49.19,"Textbooks, Workbooks"
Male,High School,Medium,Advanced,High,30,63,5.7,Yes,Fluent,IB,25.75,"Textbooks, Workbooks"
Male,Elementary,Medium,Advanced,Medium,37,71,2.9,Yes,Basic,CBSE,35.34,"Textbooks, Workbooks"
Female,Elementary,Medium,Intermediate,Low,62,66,5.3,Yes,Fluent,State Board,37.66,"Textbooks, Workbooks"
Male,Elementary,Medium,Beginner,Medium,97,80,8.4,Yes,Intermediate,ICSE,59.32,"Educational Apps, Science Kits"
Male,High School,High,Intermediate,Low,79,92,3.2,Yes,Fluent,State Board,45.5,"Textbooks, Workbooks"
Female,Elementary,High,Beginner,High,35,96,3.9,Yes,Fluent,State Board,29.19,"Textbooks, Workbooks"
Female,Elementary,Medium,Beginner,Medium,89,71,5.4,Yes,Basic,State Board,44.46,"Textbooks, Workbooks"
Male,Elementary,Medium,Intermediate,High,92,66,8.9,Yes,Fluent,IB,50.8,"Educational Apps, Science Kits"
Female,High School,Medium,Intermediate,High,81,74,5.8,Yes,Basic,ICSE,45.03,"Textbooks, Workbooks"
Male,Elementary,Medium,Advanced,Medium,32,96,2.1,Yes,Fluent,State Board,33.62,"Textbooks, Workbooks"
Male,High School,Medium,Advanced,Medium,99,68,0.9,Yes,Intermediate,ICSE,55.27,"Educational Apps, Science Kits"
Male,Elementary,High,Beginner,Medium,35,92,1.0,Yes,Intermediate,State Board,32.0,"Textbooks, Workbooks"
Female,High School,High,Advanced,Low,66,97,9.5,No,Fluent,State Board,46.86,"Textbooks, Workbooks"
Female,High School,Medium,Intermediate,High,80,75,8.2,Yes,Fluent,CBSE,48.37,"Textbooks, Workbooks"
Male,High School,High,Beginner,Medium,56,90,7.7,Yes,Basic,CBSE,42.44,"Textbooks, Workbooks"
Male,Elementary,High,Advanced,Low,75,74,5.0,Yes,Intermediate,ICSE,42.61,"Textbooks, Workbooks"
Female,Elementary,High,Advanced,High,98,61,6.7,No,Basic,State Board,46.73,"Textbooks, Workbooks"
Female,Elementary,High,Intermediate,Low,46,72,1.3,Yes,Basic,ICSE,26.36,"Textbooks, Workbooks"
Female,High School,Medium,Intermediate,Low,46,64,6.2,No,Basic,State Board,32.67,"Textbooks, Workbooks"
Male,Elementary,Medium,Advanced,Medium,52,92,8.1,Yes,Intermediate,ICSE,35.56,"Textbooks, Workbooks"
Female,Elementary,High,Beginner,Medium,68,91,0.6,Yes,Fluent,ICSE,38.06,"Textbooks, Workbooks"
Female,High School,High,Beginner,Medium,62,80,3.0,Yes,Intermediate,IB,43.4,"Textbooks, Workbooks"
Male,Elementary,High,Intermediate,Medium,95,61,1.1,Yes,Basic,IB,37.71,"Textbooks, Workbooks"
Male,Elementary,Low,Intermediate,Low,39,95,2.6,No,Basic,ICSE,29.17,"Textbooks, Workbooks"
Male,High School,Medium,Intermediate,Medium,69,92,7.7,Yes,Basic,CBSE,43.35,"Textbooks, Workbooks"
Female,High School,Low,Advanced,Medium,44,70,3.3,Yes,Basic,CBSE,33.58,"Textbooks, Workbooks"
Male,Elementary,Medium,Advanced,High,72,82,6.9,Yes,Fluent,State Board,45.32,"Textbooks, Workbooks"
Male,High School,Low,Intermediate,Low,41,97,7.7,No,Basic,IB,39.87,"Textbooks, Workbooks"
Male,Elementary,Low,Beginner,Low,51,92,8.2,Yes,Fluent,ICSE,43.98,"Textbooks, Workbooks"
Male,Elementary,Low,Intermediate,High,47,99,8.7,Yes,Fluent,CBSE,49.81,"Textbooks, Workbooks"
Female,Elementary,Medium,Intermediate,High,95,67,6.0,Yes,Basic,State Board,40.08,"Textbooks, Workbooks"
Male,Elementary,Medium,Beginner,High,91,95,2.8,No,Basic,State Board,61.19,"Educational Apps, Science Kits"
Female,Elementary,Low,Beginner,Low,90,95,1.5,Yes,Fluent,ICSE,52.24,"Educational Apps, Science Kits"
Female,High School,Medium,Beginner,Medium,89,92,5.0,Yes,Fluent,State Board,59.17,"Educational Apps, Science Kits"
Female,High School,Low,Beginner,Medium,68,88,1.0,Yes,Basic,IB,36.74,"Textbooks, Workbooks"
Male,Elementary,High,Advanced,High,51,90,9.1,No,Intermediate,IB,40.44,"Textbooks, Workbooks"
Female,High School,Medium,Advanced,Low,43,89,4.4,No,Basic,CBSE,28.79,"Textbooks, Workbooks"
Male,High School,Medium,Intermediate,Low,36,67,8.7,Yes,Intermediate,ICSE,24.02,"Textbooks, Workbooks"
Male,Elementary,High,Advanced,Medium,64,85,7.1,Yes,Fluent,IB,41.63,"Textbooks, Workbooks"
Male,High School,Medium,Intermediate,Low,63,82,8.6,No,Intermediate,CBSE,40.37,"Textbooks, Workbooks"
Female,High School,High,Intermediate,Medium,96,85,8.8,Yes,Basic,State Board,52.64,"Educational Apps, Science Kits"
Male,Elementary,Medium,Beginner,High,92,97,0.5,Yes,Fluent,ICSE,43.99,"Textbooks, Workbooks"
Male,Elementary,High,Beginner,High,31,98,7.3,Yes,Fluent,ICSE,34.65,"Textbooks, Workbooks"
Male,Elementary,Medium,Advanced,Medium,74,61,2.3,Yes,Fluent,State Board,37.91,"Textbooks, Workbooks"
Female,Elementary,High,Advanced,High,92,85,9.9,Yes,Intermediate,IB,53.95,"Educational Apps, Science Kits"
Female,Elementary,High,Advanced,Low,31,77,7.8,Yes,Intermediate,State Board,26.32,"Textbooks, Workbooks"
Female,Elementary,Medium,Advanced,Low,83,86,0.0,Yes,Fluent,State Board,38.39,"Textbooks, Workbooks"
Male,Elementary,Medium,Beginner,Medium,80,76,9.3,Yes,Intermediate,CBSE,47.56,"Textbooks, Workbooks"
Female,High School,Medium,Beginner,Low,70,74,2.9,Yes,Basic,ICSE,33.72,"Textbooks, Workbooks"
Male,Elementary,Low,Advanced,Low,34,66,4.2,Yes,Intermediate,State Board,27.28,"Textbooks, Workbooks"
Male,High School,Medium,Intermediate,Medium,54,76,6.1,Yes,Fluent,CBSE,31.12,"Textbooks, Workbooks"
Female,High School,High,Beginner,High,30,78,9.2,Yes,Basic,State Board,35.47,"Textbooks, Workbooks"
Male,Elementary,Medium,Beginner,High,38,86,9.3,Yes,Fluent,ICSE,32.16,"Textbooks, Workbooks"
Female,High School,Medium,Beginner,Medium,95,99,5.6,No,Fluent,State Board,59.27,"Educational Apps, Science Kits"
Male,High School,High,Beginner,Low,96,76,3.2,Yes,Basic,ICSE,49.89,"Textbooks, Workbooks"
Female,High School,Medium,Advanced,Low,33,91,2.8,Yes,Fluent,ICSE,25.19,"Textbooks, Workbooks"
Male,Elementary,Low,Advanced,Medium,50,75,3.6,No,Basic,CBSE,33.74,"Textbooks, Workbooks"
Male,High School,High,Intermediate,Low,90,89,1.8,Yes,Intermediate,State Board,51.58,"Educational Apps, Science Kits"
Male,High School,High,Beginner,Low,55,73,6.7,Yes,Basic,State Board,33.24,"Textbooks, Workbooks"
Male,Elementary,Low,Advanced,Medium,73,77,5.3,Yes,Intermediate,State Board,39.57,"Textbooks, Workbooks"
Male,High School,High,Advanced,Medium,66,81,7.7,Yes,Basic,IB,43.3,"Textbooks, Workbooks"
Female,High School,Medium,Beginner,Low,39,75,0.9,Yes,Basic,ICSE,30.78,"Textbooks, Workbooks"
Male,High School,Medium,Advanced,High,76,75,4.0,No,Fluent,IB,40.7,"Textbooks, Workbooks"
Female,High School,Low,Advanced,High,52,85,2.4,Yes,Intermediate,ICSE,35.08,"Textbooks, Workbooks"
Female,High School,Medium,Advanced,Medium,83,65,5.4,Yes,Basic,IB,48.69,"Textbooks, Workbooks"
Female,Elementary,Medium,Intermediate,Low,88,66,4.7,Yes,Basic,State Board,41.62,"Textbooks, Workbooks"
Male,High School,Medium,Advanced,High,48,68,4.5,Yes,Fluent,CBSE,26.68,"Textbooks, Workbooks"
Male,Elementary,High,Beginner,Medium,54,85,3.2,Yes,Fluent,ICSE,39.71,"Textbooks, Workbooks"
Male,High School,Low,Beginner,Low,96,61,7.3,Yes,Intermediate,ICSE,50.91,"Educational Apps, Science Kits"
Female,Elementary,High,Beginner,Medium,42,95,4.8,No,Fluent,IB,27.72,"Textbooks, Workbooks"
Male,Elementary,Medium,Advanced,Medium,50,62,2.0,Yes,Basic,IB,35.31,"Textbooks, Workbooks"
Male,Elementary,High,Intermediate,Medium,51,80,5.5,Yes,Basic,IB,37.85,"Textbooks, Workbooks"
Female,High School,Medium,Advanced,Medium,76,62,6.0,Yes,Basic,CBSE,42.67,"Textbooks, Workbooks"
Female,High School,Low,Beginner,Medium,92,68,0.2,No,Fluent,ICSE,41.68,"Textbooks, Workbooks"
Female,High School,Low,Intermediate,High,58,71,2.0,Yes,Intermediate,CBSE,30.64,"Textbooks, Workbooks"
Female,High School,High,Intermediate,Medium,78,67,2.4,Yes,Basic,CBSE,40.44,"Textbooks, Workbooks"
Female,High School,High,Advanced,Low,54,96,2.5,Yes,Fluent,IB,40.64,"Textbooks, Workbooks"
Female,Elementary,Medium,Beginner,Low,52,80,2.4,Yes,Basic,State Board,29.03,"Textbooks, Workbooks"
Male,Elementary,Medium,Advanced,Medium,78,96,2.7,Yes,Fluent,IB,44.1,"Textbooks, Workbooks"
Female,Elementary,Medium,Beginner,Medium,52,99,2.6,Yes,Intermediate,ICSE,39.67,"Textbooks, Workbooks"
Male,High School,High,Intermediate,Low,34,62,8.8,Yes,Fluent,State Board,33.6,"Textbooks, Workbooks"
Male,High School,High,Advanced,Medium,58,80,3.2,Yes,Intermediate,ICSE,32.64,"Textbooks, Workbooks"
Male,Elementary,High,Intermediate,Low,34,85,3.5,Yes,Intermediate,ICSE,28.97,"Textbooks, Workbooks"
Female,High School,High,Beginner,High,68,83,2.7,Yes,Fluent,State Board,36.79,"Textbooks, Workbooks"
Male,High School,High,Intermediate,High,64,93,9.7,No,Intermediate,IB,45.54,"Textbooks, Workbooks"
Female,Elementary,Medium,Intermediate,Low,59,91,5.4,Yes,Fluent,IB,40.22,"Textbooks, Workbooks"
Female,Elementary,High,Intermediate,Medium,85,86,6.1,Yes,Basic,State Board,48.53,"Textbooks, Workbooks"
Male,High School,High,Advanced,High,31,89,7.4,Yes,Intermediate,CBSE,36.29,"Textbooks, Workbooks"
Female,High School,High,Beginner,Low,44,63,3.3,Yes,Basic,ICSE,28.36,"Textbooks, Workbooks"
Male,Elementary,Medium,Intermediate,High,80,61,9.7,Yes,Basic,CBSE,38.32,"Textbooks, Workbooks"
Male,High School,Low,Intermediate,Medium,52,82,1.5,Yes,Intermediate,ICSE,29.13,"Textbooks, Workbooks"
Female,Elementary,Medium,Intermediate,Medium,55,63,4.6,Yes,Fluent,ICSE,44.34,"Textbooks, Workbooks"
Male,Elementary,Medium,Intermediate,Low,40,96,1.5,Yes,Fluent,ICSE,27.43,"Textbooks, Workbooks"
Male,Elementary,Medium,Beginner,High,53,70,7.9,No,Fluent,CBSE,38.15,"Textbooks, Workbooks"
Male,High School,Medium,Beginner,Medium,38,95,1.1,Yes,Fluent,State Board,35.25,"Textbooks, Workbooks"
Female,Elementary,Medium,Advanced,High,39,95,5.5,Yes,Basic,State Board,40.95,"Textbooks, Workbooks"
Male,Elementary,Medium,Beginner,High,86,74,1.0,Yes,Fluent,CBSE,42.6,"Textbooks, Workbooks"
Female,High School,Medium,Beginner,Medium,44,96,4.5,No,Intermediate,CBSE,38.2,"Textbooks, Workbooks"
Female,Elementary,Low,Intermediate,Low,62,62,2.8,Yes,Basic,State Board,33.16,"Textbooks, Workbooks"
Male,High School,High,Advanced,Low,40,89,9.0,Yes,Fluent,IB,32.66,"Textbooks, Workbooks"
Male,High School,High,Advanced,Low,48,82,0.5,Yes,Basic,State Board,30.06,"Textbooks, Workbooks"
Female,High School,Low,Intermediate,High,71,92,6.5,Yes,Intermediate,IB,41.79,"Textbooks, Workbooks"
Female,Elementary,High,Advanced,Low,87,60,7.0,No,Intermediate,State Board,50.86,"Educational Apps, Science Kits"
Male,Elementary,High,Beginner,Medium,47,60,8.9,Yes,Fluent,CBSE,40.69,"Textbooks, Workbooks"
Male,High School,Low,Advanced,Medium,47,62,8.8,Yes,Intermediate,IB,34.31,"Textbooks, Workbooks"
Female,High School,Medium,Intermediate,High,51,68,9.8,Yes,Basic,IB,32.96,"Textbooks, Workbooks"
Female,High School,Medium,Advanced,Medium,81,91,2.5,Yes,Intermediate,CBSE,40.11,"Textbooks, Workbooks"
Female,Elementary,Medium,Advanced,High,73,72,2.7,No,Fluent,ICSE,43.97,"Textbooks, Workbooks"
Female,High School,High,Advanced,High,60,90,4.0,Yes,Basic,IB,35.21,"Textbooks, Workbooks"
Female,High School,Medium,Intermediate,High,38,80,5.4,Yes,Fluent,CBSE,23.89,"Textbooks, Workbooks"
Male,High School,Low,Beginner,Low,79,82,3.7,Yes,Basic,ICSE,47.24,"Textbooks, Workbooks"
Female,Elementary,High,Advanced,Low,90,72,7.4,Yes,Fluent,IB,50.41,"Educational Apps, Science Kits"
Female,High School,Medium,Beginner,Low,48,85,0.1,Yes,Intermediate,CBSE,25.73,"Textbooks, Workbooks"
Male,Elementary,High,Beginner,Medium,81,84,0.2,Yes,Intermediate,State Board,40.93,"Textbooks, Workbooks"
Male,Elementary,Low,Beginner,High,84,67,7.2,Yes,Fluent,State Board,48.95,"Textbooks, Workbooks"
Female,High School,Medium,Advanced,Low,54,99,8.8,Yes,Fluent,State Board,44.65,"Textbooks, Workbooks"
Female,High School,Medium,Beginner,Low,98,89,7.8,Yes,Fluent,State Board,52.86,"Educational Apps, Science Kits"
Male,High School,Low,Advanced,Medium,42,64,1.2,Yes,Fluent,ICSE,22.3,"Textbooks, Workbooks"
Female,Elementary,Medium,Advanced,Low,63,83,9.3,Yes,Fluent,IB,39.8,"Textbooks, Workbooks"
Female,Elementary,Low,Advanced,Medium,54,69,5.2,Yes,Intermediate,State Board,35.11,"Textbooks, Workbooks"
Male,Elementary,Medium,Beginner,Low,93,78,7.4,Yes,Fluent,State Board,53.81,"Educational Apps, Science Kits"
Female,High School,Medium,Advanced,Medium,39,94,2.0,Yes,Basic,CBSE,32.42,"Textbooks, Workbooks"
Male,Elementary,Low,Intermediate,Medium,46,81,5.5,Yes,Basic,CBSE,28.81,"Textbooks, Workbooks"
Male,High School,High,Intermediate,Medium,34,98,3.3,Yes,Intermediate,IB,33.03,"Textbooks, Workbooks"
Male,High School,Low,Intermediate,Low,96,97,9.7,Yes,Fluent,State Board,50.14,"Educational Apps, Science Kits"
Male,High School,Medium,Advanced,Low,39,66,4.7,Yes,Intermediate,CBSE,34.52,"Textbooks, Workbooks"
Female,Elementary,Medium,Intermediate,High,56,98,7.6,Yes,Intermediate,ICSE,48.55,"Textbooks, Workbooks"
Male,Elementary,Medium,Advanced,High,85,79,6.0,No,Fluent,CBSE,46.03,"Textbooks, Workbooks"
Female,Elementary,Medium,Advanced,Medium,36,99,0.9,Yes,Basic,IB,26.62,"Textbooks, Workbooks"
Female,High School,Low,Advanced,Medium,58,91,5.4,Yes,Basic,State Board,41.23,"Textbooks, Workbooks"
Female,Elementary,High,Beginner,Low,78,61,5.4,Yes,Fluent,ICSE,38.46,"Textbooks, Workbooks"
Female,Elementary,Medium,Intermediate,High,68,74,7.2,Yes,Fluent,CBSE,36.83,"Textbooks, Workbooks"
Female,High School,Low,Advanced,High,99,69,3.2,Yes,Fluent,CBSE,40.12,"Textbooks, Workbooks"
Male,High School,Medium,Intermediate,Medium,38,80,8.6,Yes,Fluent,State Board,38.84,"Textbooks, Workbooks"
Male,Elementary,High,Intermediate,High,90,74,6.2,Yes,Fluent,ICSE,51.17,"Educational Apps, Science Kits"
Male,High School,Medium,Beginner,Low,83,93,0.4,Yes,Basic,ICSE,41.19,"Textbooks, Workbooks"
Male,Elementary,Low,Intermediate,Medium,38,94,7.1,Yes,Intermediate,IB,36.31,"Textbooks, Workbooks"
Female,High School,Medium,Advanced,High,89,64,9.1,Yes,Intermediate,CBSE,46.18,"Textbooks, Workbooks"
Male,High School,Medium,Advanced,Medium,81,78,6.8,Yes,Basic,ICSE,44.65,"Textbooks, Workbooks"
Female,Elementary,Medium,Intermediate,Low,40,66,3.8,Yes,Fluent,State Board,25.7,"Textbooks, Workbooks"
Female,High School,High,Intermediate,High,64,95,5.9,Yes,Fluent,CBSE,45.55,"Textbooks, Workbooks"
Male,High School,Medium,Beginner,Low,65,77,1.7,Yes,Intermediate,State Board,34.34,"Textbooks, Workbooks"
Male,High School,Medium,Advanced,High,84,65,6.0,Yes,Fluent,CBSE,40.7,"Textbooks, Workbooks"
Male,Elementary,High,Intermediate,Low,32,63,5.0,Yes,Intermediate,CBSE,21.46,"Textbooks, Workbooks"
Male,High School,Medium,Intermediate,Medium,82,64,0.3,Yes,Basic,IB,32.75,"Textbooks, Workbooks"
Female,High School,Medium,Advanced,Medium,57,73,3.2,Yes,Basic,State Board,35.02,"Textbooks, Workbooks"
Female,Elementary,Medium,Intermediate,Low,82,92,1.9,Yes,Intermediate,State Board,38.46,"Textbooks, Workbooks"
Male,Elementary,Medium,Beginner,High,83,80,3.9,Yes,Fluent,State Board,49.48,"Textbooks, Workbooks"
Female,High School,Medium,Intermediate,High,82,72,2.4,Yes,Intermediate,CBSE,42.89,"Textbooks, Workbooks"
Female,High School,Medium,Intermediate,Medium,94,61,8.3,No,Intermediate,IB,36.79,"Textbooks, Workbooks"
Female,High School,High,Beginner,Low,82,74,7.0,Yes,Basic,State Board,43.3,"Textbooks, Workbooks"
Male,Elementary,High,Beginner,High,69,75,7.4,Yes,Intermediate,State Board,37.4,"Textbooks, Workbooks"
Female,High School,High,Beginner,High,70,94,3.6,Yes,Basic,State Board,32.66,"Textbooks, Workbooks"
Male,Elementary,Medium,Advanced,High,67,79,0.0,Yes,Basic,CBSE,39.13,"Textbooks, Workbooks"
Male,Elementary,Medium,Intermediate,Medium,58,60,2.2,Yes,Basic,IB,33.5,"Textbooks, Workbooks"
Female,High School,Low,Intermediate,Low,60,62,7.6,Yes,Intermediate,IB,41.01,"Textbooks, Workbooks"
Female,High School,Medium,Beginner,High,90,76,6.0,Yes,Intermediate,CBSE,48.56,"Textbooks, Workbooks"
Male,Elementary,High,Advanced,High,69,76,5.4,Yes,Fluent,State Board,45.0,"Textbooks, Workbooks"
Female,High School,Medium,Beginner,Medium,31,79,2.8,Yes,Fluent,IB,28.05,"Textbooks, Workbooks"
Female,High School,High,Intermediate,Medium,77,79,0.8,No,Basic,IB,43.87,"Textbooks, Workbooks"
Male,Elementary,Low,Advanced,Medium,30,63,7.8,No,Fluent,IB,30.02,"Textbooks, Workbooks"
Male,High School,Medium,Advanced,High,88,70,0.4,Yes,Fluent,CBSE,44.93,"Textbooks, Workbooks"
Male,Elementary,Medium,Intermediate,High,61,74,0.6,Yes,Basic,State Board,36.05,"Textbooks, Workbooks"
Male,High School,Medium,Advanced,High,31,86,2.9,Yes,Basic,ICSE,25.08,"Textbooks, Workbooks"
Female,Elementary,High,Advanced,Medium,88,83,5.7,Yes,Intermediate,ICSE,40.59,"Textbooks, Workbooks"
Female,Elementary,High,Beginner,Medium,32,79,9.9,Yes,Basic,CBSE,34.71,"Textbooks, Workbooks"
Male,High School,Low,Advanced,High,78,74,0.9,Yes,Fluent,State Board,37.46,"Textbooks, Workbooks"
Male,Elementary,Low,Beginner,Low,63,65,4.7,Yes,Fluent,State Board,30.88,"Textbooks, Workbooks"
Male,Elementary,Low,Advanced,Medium,91,77,6.0,Yes,Fluent,IB,47.85,"Textbooks, Workbooks"
Female,High School,Medium,Beginner,Medium,63,81,8.2,Yes,Intermediate,State Board,40.56,"Textbooks, Workbooks"
Male,High School,Medium,Beginner,High,52,80,6.9,No,Fluent,CBSE,38.79,"Textbooks, Workbooks"
Female,High School,High,Advanced,Low,48,83,8.1,No,Intermediate,State Board,40.26,"Textbooks, Workbooks"
Male,Elementary,Medium,Beginner,Low,81,76,5.2,No,Fluent,ICSE,45.59,"Textbooks, Workbooks"
Male,Elementary,Medium,Intermediate,Low,89,70,4.3,Yes,Intermediate,ICSE,43.51,"Textbooks, Workbooks"
Male,Elementary,High,Intermediate,Medium,57,77,6.2,Yes,Fluent,IB,28.23,"Textbooks, Workbooks"
Female,High School,Medium,Advanced,Low,78,94,9.0,Yes,Intermediate,State Board,47.16,"Textbooks, Workbooks"
Female,Elementary,Medium,Advanced,Medium,74,90,5.5,Yes,Fluent,CBSE,44.38,"Textbooks, Workbooks"
Female,Elementary,Low,Advanced,High,89,87,6.1,Yes,Basic,ICSE,56.82,"Educational Apps, Science Kits"
Male,High School,Medium,Intermediate,Medium,85,83,3.4,No,Basic,CBSE,39.36,"Textbooks, Workbooks"
Female,Elementary,Medium,Advanced,Low,33,95,6.0,Yes,Intermediate,ICSE,23.2,"Textbooks, Workbooks"
Female,High School,Medium,Advanced,High,47,83,6.3,Yes,Intermediate,ICSE,37.11,"Textbooks, Workbooks"
Male,High School,High,Beginner,Medium,58,92,7.5,Yes,Fluent,ICSE,41.09,"Textbooks, Workbooks"
Male,High School,High,Advanced,Low,68,89,5.7,Yes,Intermediate,CBSE,38.73,"Textbooks, Workbooks"
Female,Elementary,High,Intermediate,Medium,84,96,2.0,Yes,Intermediate,CBSE,48.74,"Textbooks, Workbooks"
Female,Elementary,Medium,Intermediate,High,87,72,5.8,No,Intermediate,State Board,40.68,"Textbooks, Workbooks"
Female,Elementary,High,Advanced,High,76,75,3.0,Yes,Fluent,IB,50.18,"Educational Apps, Science Kits"
Female,High School,Medium,Intermediate,Medium,60,68,0.9,Yes,Fluent,State Board,36.13,"Textbooks, Workbooks"
Male,High School,Medium,Beginner,Low,57,72,8.3,Yes,Basic,CBSE,41.75,"Textbooks, Workbooks"
Male,High School,Medium,Beginner,High,56,66,0.7,No,Basic,State Board,31.26,"Textbooks, Workbooks"
Male,Elementary,Low,Advanced,Medium,59,94,6.3,No,Fluent,CBSE,42.02,"Textbooks, Workbooks"
Female,Elementary,Medium,Advanced,High,78,85,9.9,Yes,Basic,ICSE,46.76,"Textbooks, Workbooks"
Female,Elementary,Medium,Beginner,Medium,71,68,0.9,Yes,Basic,IB,37.49,"Textbooks, Workbooks"
Male,Elementary,High,Beginner,Low,97,94,2.2,No,Intermediate,IB,51.23,"Educational Apps, Science Kits"
Male,Elementary,Medium,Advanced,Low,30,83,7.6,Yes,Basic,CBSE,35.72,"Textbooks, Workbooks"
Female,High School,High,Intermediate,Low,73,92,1.0,Yes,Fluent,State Board,40.26,"Textbooks, Workbooks"
Female,Elementary,Medium,Advanced,Low,66,80,8.3,Yes,Fluent,CBSE,43.31,"Textbooks, Workbooks"
Male,High School,Low,Advanced,Low,62,81,0.0,Yes,Intermediate,CBSE,29.39,"Textbooks, Workbooks"
Male,High School,Medium,Advanced,Medium,50,98,8.9,Yes,Basic,CBSE,44.32,"Textbooks, Workbooks"
Male,Elementary,Medium,Advanced,Medium,69,78,0.7,Yes,Basic,CBSE,37.09,"Textbooks, Workbooks"
Female,High School,Low,Advanced,Medium,90,91,9.2,No,Fluent,IB,54.58,"Educational Apps, Science Kits"
Female,Elementary,Medium,Advanced,Medium,42,64,8.6,Yes,Basic,IB,34.78,"Textbooks, Workbooks"
Female,Elementary,Medium,Advanced,High,67,71,5.4,Yes,Intermediate,State Board,40.58,"Textbooks, Workbooks"
Female,High School,Medium,Intermediate,High,58,99,7.8,Yes,Intermediate,IB,40.3,"Textbooks, Workbooks"
Female,Elementary,High,Advanced,Low,82,65,0.7,Yes,Basic,ICSE,43.68,"Textbooks, Workbooks"
Female,Elementary,Medium,Beginner,Medium,93,77,1.4,Yes,Intermediate,ICSE,46.78,"Textbooks, Workbooks"
Male,High School,Low,Advanced,Low,65,66,3.7,Yes,Basic,CBSE,35.42,"Textbooks, Workbooks"
Male,High School,High,Intermediate,Low,34,78,5.4,Yes,Intermediate,ICSE,31.76,"Textbooks, Workbooks"
Female,High School,Medium,Beginner,Medium,49,74,8.7,Yes,Basic,IB,38.01,"Textbooks, Workbooks"
Male,High School,High,Advanced,Medium,40,68,5.4,Yes,Fluent,CBSE,27.44,"Textbooks, Workbooks"
Female,High School,High,Advanced,High,57,79,6.7,Yes,Intermediate,ICSE,42.21,"Textbooks, Workbooks"
Male,High School,High,Beginner,Medium,78,79,6.8,Yes,Intermediate,State Board,49.28,"Textbooks, Workbooks"
Female,Elementary,Medium,Advanced,Low,70,63,8.8,Yes,Intermediate,IB,31.43,"Textbooks, Workbooks"
Male,Elementary,Medium,Intermediate,High,47,69,7.8,Yes,Basic,CBSE,28.92,"Textbooks, Workbooks"
Male,Elementary,Medium,Advanced,Low,59,99,9.8,Yes,Fluent,CBSE,38.49,"Textbooks, Workbooks"
Female,High School,Medium,Intermediate,Low,43,60,0.2,Yes,Basic,IB,18.22,"Textbooks, Workbooks"
Female,Elementary,Medium,Advanced,Low,85,94,2.1,Yes,Basic,IB,50.39,"Educational Apps, Science Kits"
Male,High School,Medium,Beginner,High,81,83,9.3,Yes,Basic,State Board,44.99,"Textbooks, Workbooks"
Male,Elementary,High,Intermediate,Medium,95,66,7.9,Yes,Intermediate,ICSE,53.23,"Educational Apps, Science Kits"
Female,High School,Low,Advanced,Medium,96,81,2.7,Yes,Basic,IB,49.55,"Textbooks, Workbooks"
Male,Elementary,High,Advanced,High,58,82,9.7,Yes,Intermediate,IB,42.22,"Textbooks, Workbooks"
Female,High School,High,Beginner,Medium,56,60,8.7,Yes,Basic,State Board,33.61,"Textbooks, Workbooks"
Female,High School,Medium,Beginner,High,97,83,0.6,Yes,Intermediate,IB,43.31,"Textbooks, Workbooks"
Male,High School,Medium,Intermediate,Medium,64,79,8.1,Yes,Fluent,CBSE,37.94,"Textbooks, Workbooks"
Female,High School,Medium,Intermediate,High,39,91,7.8,Yes,Intermediate,State Board,37.18,"Textbooks, Workbooks"
Male,Elementary,High,Intermediate,High,55,90,2.2,Yes,Intermediate,IB,36.48,"Textbooks, Workbooks"
Male,Elementary,Low,Advanced,Medium,90,92,6.7,Yes,Fluent,IB,38.79,"Textbooks, Workbooks"
Female,High School,Medium,Advanced,Medium,98,95,9.7,Yes,Basic,CBSE,62.22,"Educational Apps, Science Kits"
Male,High School,Medium,Intermediate,High,85,77,6.8,Yes,Intermediate,CBSE,45.75,"Textbooks, Workbooks"
Female,High School,High,Advanced,Medium,93,96,8.1,No,Intermediate,State Board,54.26,"Educational Apps, Science Kits"
Female,Elementary,High,Beginner,Medium,70,92,1.0,Yes,Intermediate,CBSE,42.7,"Textbooks, Workbooks"
Female,High School,Medium,Advanced,High,33,92,7.3,Yes,Fluent,CBSE,27.52,"Textbooks, Workbooks"
Male,High School,Low,Intermediate,Medium,95,64,2.0,Yes,Intermediate,CBSE,37.79,"Textbooks, Workbooks"
Female,Elementary,Medium,Advanced,Low,66,77,0.7,Yes,Intermediate,IB,31.78,"Textbooks, Workbooks"
Male,High School,Low,Beginner,Medium,63,68,5.5,No,Fluent,IB,41.9,"Textbooks, Workbooks"
Female,High School,High,Intermediate,Medium,79,90,7.5,Yes,Basic,ICSE,47.64,"Textbooks, Workbooks"
Female,Elementary,High,Intermediate,Low,99,66,5.5,Yes,Fluent,IB,53.15,"Educational Apps, Science Kits"
Female,High School,High,Intermediate,Medium,71,74,9.3,Yes,Basic,State Board,33.47,"Textbooks, Workbooks"
Male,High School,Medium,Intermediate,High,30,63,7.0,Yes,Fluent,CBSE,25.53,"Textbooks, Workbooks"
Male,Elementary,Medium,Advanced,Low,63,98,1.2,Yes,Intermediate,IB,33.35,"Textbooks, Workbooks"
Female,High School,Low,Beginner,Low,39,67,9.3,Yes,Fluent,IB,36.23,"Textbooks, Workbooks"
Female,Elementary,Medium,Advanced,High,34,83,1.5,No,Basic,ICSE,24.59,"Textbooks, Workbooks"
Male,High School,Low,Advanced,Medium,73,67,7.6,Yes,Basic,State Board,37.37,"Textbooks, Workbooks"
Male,High School,High,Intermediate,Low,48,64,1.5,No,Basic,State Board,26.5,"Textbooks, Workbooks"
Male,High School,Low,Beginner,High,50,82,10.0,Yes,Intermediate,CBSE,31.52,"Textbooks, Workbooks"
Female,High School,High,Advanced,Medium,63,93,3.3,Yes,Fluent,State Board,39.36,"Textbooks, Workbooks"
Male,High School,Medium,Beginner,Medium,58,74,5.0,Yes,Intermediate,IB,30.91,"Textbooks, Workbooks"
Female,Elementary,Medium,Beginner,Medium,69,78,4.7,Yes,Intermediate,State Board,35.18,"Textbooks, Workbooks"
Male,High School,Low,Beginner,Low,47,84,1.0,Yes,Basic,ICSE,30.39,"Textbooks, Workbooks"
Female,High School,Medium,Beginner,High,78,98,4.9,Yes,Basic,State Board,37.38,"Textbooks, Workbooks"
Female,Elementary,Medium,Advanced,Medium,90,63,1.5,Yes,Fluent,IB,40.19,"Textbooks, Workbooks"
Female,Elementary,High,Beginner,Medium,94,67,8.0,Yes,Basic,IB,46.77,"Textbooks, Workbooks"
Male,High School,Low,Advanced,High,65,88,9.6,Yes,Basic,State Board,49.83,"Textbooks, Workbooks"
Male,Elementary,High,Beginner,Low,99,72,8.1,Yes,Intermediate,IB,54.6,"Educational Apps, Science Kits"
Male,High School,High,Beginner,Low,36,97,4.3,Yes,Fluent,ICSE,28.36,"Textbooks, Workbooks"
Female,Elementary,Low,Advanced,Low,90,95,0.0,Yes,Basic,State Board,42.18,"Textbooks, Workbooks"
Female,Elementary,High,Intermediate,Low,93,96,0.4,Yes,Basic,State Board,48.95,"Textbooks, Workbooks"
Male,High School,Medium,Advanced,Medium,59,90,5.0,Yes,Intermediate,State Board,38.76,"Textbooks, Workbooks"
Female,Elementary,High,Beginner,Medium,46,78,6.8,Yes,Basic,IB,39.55,"Textbooks, Workbooks"
Female,High School,Low,Advanced,Low,73,96,8.2,Yes,Basic,IB,48.05,"Textbooks, Workbooks"
Female,Elementary,Low,Beginner,Low,55,84,6.0,Yes,Fluent,State Board,38.26,"Textbooks, Workbooks"
Male,Elementary,Medium,Advanced,Low,46,96,9.8,Yes,Intermediate,ICSE,42.32,"Textbooks, Workbooks"
Female,Elementary,Medium,Advanced,High,64,60,4.9,Yes,Intermediate,CBSE,42.03,"Textbooks, Workbooks"
Male,High School,High,Advanced,Medium,75,80,6.0,Yes,Basic,CBSE,43.81,"Textbooks, Workbooks"
Male,High School,High,Intermediate,Medium,34,98,2.3,No,Intermediate,IB,32.84,"Textbooks, Workbooks"
Male,Elementary,High,Advanced,Medium,74,85,3.4,Yes,Intermediate,ICSE,41.48,"Textbooks, Workbooks"
Male,High School,Low,Advanced,Medium,45,62,6.8,Yes,Fluent,IB,27.89,"Textbooks, Workbooks"
Male,High School,Low,Intermediate,Low,87,64,6.0,No,Intermediate,State Board,47.47,"Textbooks, Workbooks"
Female,High School,Medium,Intermediate,High,71,88,3.7,Yes,Fluent,IB,38.75,"Textbooks, Workbooks"
Male,Elementary,Medium,Beginner,High,89,92,1.1,Yes,Fluent,ICSE,40.96,"Textbooks, Workbooks"
Male,High School,Medium,Beginner,Medium,85,61,3.4,Yes,Basic,CBSE,39.58,"Textbooks, Workbooks"
Male,Elementary,Medium,Advanced,Medium,35,77,0.4,No,Intermediate,ICSE,27.23,"Textbooks, Workbooks"
Female,Elementary,Low,Beginner,Medium,49,73,5.8,Yes,Basic,ICSE,33.05,"Textbooks, Workbooks"
Female,Elementary,Medium,Advanced,Low,53,99,3.2,Yes,Intermediate,IB,42.29,"Textbooks, Workbooks"
Female,Elementary,Medium,Intermediate,Low,96,89,3.8,Yes,Intermediate,ICSE,53.91,"Educational Apps, Science Kits"
Female,Elementary,Medium,Intermediate,Medium,81,88,5.8,Yes,Intermediate,ICSE,56.36,"Educational Apps, Science Kits"
Male,High School,High,Advanced,Low,39,88,5.8,Yes,Fluent,IB,32.02,"Textbooks, Workbooks"
Male,High School,Low,Beginner,Low,54,78,5.9,Yes,Intermediate,ICSE,38.51,"Textbooks, Workbooks"
Female,Elementary,High,Beginner,Medium,74,85,4.9,Yes,Intermediate,ICSE,49.31,"Textbooks, Workbooks"
Female,High School,Medium,Beginner,High,30,99,4.9,Yes,Fluent,ICSE,24.39,"Textbooks, Workbooks"
Female,High School,High,Advanced,High,54,68,8.2,Yes,Basic,CBSE,42.16,"Textbooks, Workbooks"
Female,High School,Medium,Beginner,Low,38,72,4.7,Yes,Basic,ICSE,22.0,"Textbooks, Workbooks"
Male,High School,Medium,Intermediate,Low,71,97,5.4,Yes,Fluent,ICSE,50.39,"Educational Apps, Science Kits"
Female,High School,Medium,Intermediate,Medium,92,90,9.9,Yes,Intermediate,State Board,55.51,"Educational Apps, Science Kits"
Female,High School,High,Intermediate,High,54,73,1.8,Yes,Basic,ICSE,31.11,"Textbooks, Workbooks"
Female,High School,Medium,Intermediate,High,77,90,7.3,No,Fluent,State Board,42.4,"Textbooks, Workbooks"
Female,Elementary,Medium,Intermediate,High,84,74,4.7,Yes,Fluent,IB,38.83,"Textbooks, Workbooks"
Female,Elementary,High,Intermediate,Medium,95,93,8.3,Yes,Intermediate,IB,52.72,"Educational Apps, Science Kits"
Female,Elementary,Medium,Intermediate,Low,53,69,4.0,Yes,Basic,State Board,30.53,"Textbooks, Workbooks"
Female,High School,Medium,Intermediate,Low,73,80,3.0,No,Fluent,IB,37.17,"Textbooks, Workbooks"
Male,High School,Medium,Intermediate,Low,85,98,2.1,Yes,Intermediate,IB,44.58,"Textbooks, Workbooks"
Male,Elementary,Medium,Advanced,Medium,64,84,8.7,Yes,Fluent,CBSE,45.94,"Textbooks, Workbooks"
Male,High School,Medium,Advanced,Low,63,96,7.2,Yes,Fluent,State Board,49.79,"Textbooks, Workbooks"
Male,High School,Medium,Intermediate,High,35,99,0.8,No,Fluent,IB,27.17,"Textbooks, Workbooks"
Male,Elementary,High,Intermediate,High,78,79,7.1,Yes,Basic,State Board,45.41,"Textbooks, Workbooks"
Male,Elementary,High,Intermediate,Low,45,66,0.4,Yes,Basic,IB,21.87,"Textbooks, Workbooks"
Female,Elementary,Low,Beginner,High,42,77,1.8,Yes,Basic,State Board,26.96,"Textbooks, Workbooks"
Female,High School,Medium,Advanced,Medium,41,85,5.9,No,Basic,ICSE,29.99,"Textbooks, Workbooks"
Male,High School,High,Intermediate,High,40,76,4.6,Yes,Intermediate,State Board,33.12,"Textbooks, Workbooks"
Female,High School,High,Advanced,High,76,66,8.4,Yes,Fluent,State Board,39.58,"Textbooks, Workbooks"
Male,Elementary,High,Intermediate,Low,89,87,6.1,Yes,Fluent,State Board,51.04,"Educational Apps, Science Kits"
Female,Elementary,Medium,Beginner,Medium,78,80,9.6,No,Fluent,ICSE,43.47,"Textbooks, Workbooks"
Female,High School,High,Intermediate,Low,81,96,8.6,Yes,Fluent,State Board,57.67,"Educational Apps, Science Kits"
Female,Elementary,High,Advanced,High,90,82,3.4,Yes,Basic,IB,49.73,"Textbooks, Workbooks"
Female,Elementary,Medium,Advanced,Medium,69,69,8.3,Yes,Basic,IB,41.81,"Textbooks, Workbooks"
Female,High School,Medium,Advanced,High,82,76,8.7,Yes,Fluent,ICSE,51.64,"Educational Apps, Science Kits"
Female,Elementary,Medium,Advanced,Low,90,97,9.7,Yes,Basic,State Board,57.85,"Educational Apps, Science Kits"
Male,Elementary,Medium,Intermediate,Medium,51,60,0.1,No,Basic,IB,29.69,"Textbooks, Workbooks"
Male,Elementary,High,Beginner,High,67,70,8.7,Yes,Basic,State Board,36.76,"Textbooks, Workbooks"
Female,High School,High,Beginner,Medium,90,92,0.7,Yes,Basic,CBSE,50.77,"Educational Apps, Science Kits"
Male,High School,High,Intermediate,Low,76,90,5.3,Yes,Fluent,State Board,49.45,"Textbooks, Workbooks"
Female,Elementary,High,Intermediate,Medium,56,83,4.1,Yes,Intermediate,ICSE,34.05,"Textbooks, Workbooks"
Male,High School,Medium,Advanced,Low,47,79,9.2,Yes,Fluent,State Board,39.12,"Textbooks, Workbooks"
Female,High School,Medium,Intermediate,Low,49,64,4.1,Yes,Intermediate,IB,21.84,"Textbooks, Workbooks"
Male,High School,High,Beginner,Medium,71,85,6.0,Yes,Fluent,State Board,35.44,"Textbooks, Workbooks"
Female,Elementary,Medium,Intermediate,Low,70,66,6.9,No,Intermediate,ICSE,39.92,"Textbooks, Workbooks"
Male,High School,Medium,Intermediate,High,87,86,0.2,Yes,Basic,IB,47.66,"Textbooks, Workbooks"
Female,Elementary,Medium,Beginner,Medium,69,77,5.9,No,Basic,CBSE,42.47,"Textbooks, Workbooks"
Male,Elementary,Low,Beginner,High,59,97,5.2,Yes,Fluent,CBSE,40.09,"Textbooks, Workbooks"
Female,High School,Medium,Intermediate,Low,41,90,5.9,Yes,Intermediate,State Board,34.31,"Textbooks, Workbooks"
Female,Elementary,Medium,Advanced,Low,91,68,0.8,Yes,Intermediate,State Board,42.93,"Textbooks, Workbooks"
Female,High School,Medium,Advanced,Low,91,61,0.6,Yes,Fluent,CBSE,38.09,"Textbooks, Workbooks"
Male,High School,High,Advanced,Low,99,96,1.8,Yes,Basic,ICSE,53.62,"Educational Apps, Science Kits"
Male,Elementary,High,Beginner,Medium,44,88,8.7,No,Basic,IB,39.21,"Textbooks, Workbooks"
Male,Elementary,High,Beginner,Medium,36,93,3.6,Yes,Intermediate,ICSE,38.1,"Textbooks, Workbooks"
Female,High School,Medium,Advanced,High,35,74,4.3,Yes,Intermediate,ICSE,30.52,"Textbooks, Workbooks"
Male,High School,High,Intermediate,Medium,56,68,3.9,No,Intermediate,ICSE,42.96,"Textbooks, Workbooks"
Female,High School,High,Intermediate,Low,31,75,7.1,Yes,Basic,CBSE,26.83,"Textbooks, Workbooks"
Male,High School,Medium,Intermediate,Low,35,61,2.6,Yes,Fluent,CBSE,28.99,"Textbooks, Workbooks"
Male,Elementary,High,Beginner,High,90,60,0.7,Yes,Intermediate,IB,48.17,"Textbooks, Workbooks"
Male,Elementary,Low,Beginner,Medium,61,68,3.8,Yes,Intermediate,CBSE,29.38,"Textbooks, Workbooks"
Male,Elementary,High,Advanced,High,58,79,7.3,Yes,Fluent,IB,33.79,"Textbooks, Workbooks"
Female,High School,Medium,Intermediate,Low,94,61,9.1,Yes,Basic,IB,50.01,"Educational Apps, Science Kits"
Male,Elementary,Medium,Beginner,Low,44,60,0.5,Yes,Intermediate,CBSE,27.45,"Textbooks, Workbooks"
Male,Elementary,Low,Beginner,Low,39,69,8.1,Yes,Basic,CBSE,39.62,"Textbooks, Workbooks"
Female,Elementary,Medium,Advanced,High,39,82,0.7,No,Intermediate,CBSE,25.16,"Textbooks, Workbooks"
Female,Elementary,Medium,Intermediate,Low,39,78,3.3,Yes,Fluent,IB,20.11,"Textbooks, Workbooks"
Male,High School,High,Beginner,Medium,66,77,0.2,Yes,Fluent,ICSE,36.16,"Textbooks, Workbooks"
Male,Elementary,High,Beginner,Medium,61,83,9.1,Yes,Intermediate,IB,41.99,"Textbooks, Workbooks"
Female,Elementary,High,Beginner,Medium,65,81,7.1,No,Fluent,IB,43.02,"Textbooks, Workbooks"
Female,Elementary,Medium,Beginner,Low,93,79,3.7,Yes,Fluent,State Board,43.62,"Textbooks, Workbooks"
Female,Elementary,High,Intermediate,Medium,44,70,3.8,No,Intermediate,State Board,22.06,"Textbooks, Workbooks"
Male,High School,Medium,Advanced,Low,45,68,6.4,Yes,Intermediate,ICSE,39.15,"Textbooks, Workbooks"
Male,High School,High,Intermediate,High,75,74,0.9,No,Basic,IB,40.8,"Textbooks, Workbooks"
Male,Elementary,Medium,Advanced,Low,73,75,1.5,No,Basic,IB,45.59,"Textbooks, Workbooks"
Female,High School,Medium,Beginner,Low,64,72,8.5,No,Basic,CBSE,35.25,"Textbooks, Workbooks"
Female,High School,High,Intermediate,Medium,80,65,2.0,No,Basic,State Board,39.82,"Textbooks, Workbooks"
Female,High School,High,Advanced,High,87,84,7.3,No,Fluent,CBSE,52.53,"Educational Apps, Science Kits"
Male,High School,Medium,Advanced,Low,34,74,2.3,No,Basic,State Board,29.94,"Textbooks, Workbooks"
Female,Elementary,High,Beginner,Medium,67,77,0.9,No,Intermediate,State Board,41.91,"Textbooks, Workbooks"
Male,High School,Low,Advanced,Low,35,92,9.0,Yes,Intermediate,ICSE,30.63,"Textbooks, Workbooks"
Female,High School,High,Advanced,Low,80,73,9.0,No,Basic,CBSE,46.07,"Textbooks, Workbooks"
Male,Elementary,Medium,Advanced,Medium,43,93,6.1,Yes,Intermediate,State Board,38.04,"Textbooks, Workbooks"
Male,Elementary,Low,Beginner,Low,77,61,4.6,Yes,Basic,CBSE,40.48,"Textbooks, Workbooks"
Female,Elementary,Low,Intermediate,Medium,41,79,5.5,Yes,Intermediate,CBSE,22.55,"Textbooks, Workbooks"
Male,Elementary,Low,Beginner,High,81,75,4.1,No,Intermediate,State Board,45.57,"Textbooks, Workbooks"
Female,High School,High,Advanced,High,97,62,7.6,Yes,Fluent,ICSE,50.87,"Educational Apps, Science Kits"
Male,Elementary,Low,Advanced,Low,88,89,7.5,Yes,Fluent,ICSE,48.45,"Textbooks, Workbooks"
Female,High School,Medium,Intermediate,Medium,47,82,8.2,Yes,Basic,CBSE,37.0,"Textbooks, Workbooks"
Female,High School,Medium,Advanced,High,82,98,5.2,Yes,Fluent,State Board,39.38,"Textbooks, Workbooks"
Male,Elementary,Medium,Intermediate,High,60,82,8.0,Yes,Fluent,State Board,47.46,"Textbooks, Workbooks"
Female,Elementary,High,Advanced,Low,64,62,1.6,No,Fluent,IB,33.26,"Textbooks, Workbooks"
Male,High School,Medium,Advanced,Medium,33,72,0.3,No,Basic,ICSE,20.19,"Textbooks, Workbooks"
Female,High School,Medium,Beginner,High,38,99,6.5,No,Basic,State Board,41.96,"Textbooks, Workbooks"
Female,Elementary,Medium,Beginner,Medium,44,88,1.1,Yes,Intermediate,ICSE,23.48,"Textbooks, Workbooks"
Female,Elementary,Medium,Intermediate,High,71,82,5.5,Yes,Fluent,IB,39.74,"Textbooks, Workbooks"
Female,Elementary,High,Beginner,Medium,88,99,7.2,Yes,Intermediate,IB,57.15,"Educational Apps, Science Kits"
Male,High School,Medium,Intermediate,Low,61,76,4.1,Yes,Intermediate,CBSE,32.42,"Textbooks, Workbooks"
Female,High School,Medium,Beginner,Low,74,80,0.4,Yes,Intermediate,IB,35.75,"Textbooks, Workbooks"
Female,Elementary,High,Intermediate,Low,34,88,8.9,Yes,Basic,IB,33.78,"Textbooks, Workbooks"
Male,High School,Medium,Advanced,Low,60,96,0.4,No,Basic,State Board,38.89,"Textbooks, Workbooks"
Male,Elementary,High,Intermediate,High,54,64,9.0,Yes,Fluent,State Board,36.21,"Textbooks, Workbooks"
Male,High School,Medium,Beginner,Medium,85,80,0.5,Yes,Intermediate,IB,43.33,"Textbooks, Workbooks"
Male,High School,High,Intermediate,High,30,61,7.4,Yes,Intermediate,State Board,26.79,"Textbooks, Workbooks"
Male,Elementary,Low,Beginner,Medium,90,82,9.2,Yes,Basic,State Board,51.18,"Educational Apps, Science Kits"
Male,Elementary,Medium,Advanced,Medium,96,70,9.1,Yes,Fluent,CBSE,50.77,"Educational Apps, Science Kits"
Female,Elementary,Medium,Beginner,Low,96,74,8.9,No,Intermediate,State Board,51.26,"Educational Apps, Science Kits"
Male,High School,High,Advanced,High,71,82,8.8,Yes,Fluent,CBSE,43.75,"Textbooks, Workbooks"
Female,High School,High,Advanced,Medium,88,66,5.1,Yes,Fluent,State Board,36.36,"Textbooks, Workbooks"
Male,Elementary,Medium,Beginner,Medium,79,93,5.6,Yes,Intermediate,CBSE,54.25,"Educational Apps, Science Kits"
Female,High School,High,Advanced,High,63,97,6.2,Yes,Basic,CBSE,37.3,"Textbooks, Workbooks"
Female,Elementary,Medium,Beginner,Medium,97,65,9.0,Yes,Basic,ICSE,48.29,"Textbooks, Workbooks"
Female,High School,High,Intermediate,High,83,75,8.4,No,Basic,CBSE,52.18,"Educational Apps, Science Kits"
Male,Elementary,High,Advanced,High,43,61,7.8,No,Fluent,State Board,38.91,"Textbooks, Workbooks"
Male,High School,Low,Intermediate,Low,61,91,6.8,No,Basic,CBSE,45.77,"Textbooks, Workbooks"
Male,High School,High,Intermediate,Low,99,97,6.2,Yes,Basic,IB,56.89,"Educational Apps, Science Kits"
Male,High School,Medium,Beginner,High,37,87,9.2,Yes,Intermediate,CBSE,35.88,"Textbooks, Workbooks"
Female,High School,Low,Beginner,Medium,64,68,1.9,Yes,Fluent,CBSE,32.93,"Textbooks, Workbooks"
Male,Elementary,Medium,Advanced,Low,53,84,1.9,Yes,Fluent,IB,35.9,"Textbooks, Workbooks"
Female,High School,High,Beginner,Medium,32,85,9.8,Yes,Fluent,State Board,37.61,"Textbooks, Workbooks"
Female,Elementary,High,Intermediate,Medium,65,85,5.5,Yes,Fluent,State Board,44.72,"Textbooks, Workbooks"
Male,Elementary,High,Intermediate,High,80,64,4.8,Yes,Fluent,State Board,45.96,"Textbooks, Workbooks"
Male,Elementary,High,Intermediate,High,86,76,8.5,Yes,Basic,CBSE,46.29,"Textbooks, Workbooks"
Male,Elementary,High,Advanced,High,88,85,8.5,Yes,Intermediate,IB,50.72,"Educational Apps, Science Kits"
Female,High School,Low,Beginner,High,51,85,1.8,No,Fluent,ICSE,24.95,"Textbooks, Workbooks"
Male,Elementary,Medium,Intermediate,Low,66,68,1.7,No,Basic,State Board,40.29,"Textbooks, Workbooks"
Female,High School,Low,Advanced,High,41,82,8.0,No,Basic,IB,33.68,"Textbooks, Workbooks"
Male,High School,Low,Beginner,Low,50,83,7.9,Yes,Intermediate,IB,29.7,"Textbooks, Workbooks"
Female,High School,Medium,Beginner,Low,44,68,2.3,Yes,Basic,State Board,28.98,"Textbooks, Workbooks"
Male,High School,Medium,Intermediate,High,41,69,8.4,Yes,Fluent,ICSE,36.89,"Textbooks, Workbooks"
Male,Elementary,High,Advanced,Medium,85,65,4.8,Yes,Basic,State Board,42.83,"Textbooks, Workbooks"
Female,High School,High,Intermediate,High,45,63,4.7,Yes,Fluent,IB,31.41,"Textbooks, Workbooks"
Male,Elementary,Medium,Intermediate,Low,62,60,9.9,Yes,Intermediate,IB,36.79,"Textbooks, Workbooks"
Male,High School,High,Advanced,High,72,65,5.2,Yes,Intermediate,ICSE,35.36,"Textbooks, Workbooks"
Male,High School,Medium,Intermediate,Low,78,97,1.4,Yes,Intermediate,IB,45.14,"Textbooks, Workbooks"
Male,Elementary,High,Advanced,Low,47,88,2.8,Yes,Basic,State Board,29.19,"Textbooks, Workbooks"
Male,High School,Medium,Advanced,Medium,45,62,3.3,Yes,Basic,State Board,28.36,"Textbooks, Workbooks"
Male,High School,Medium,Intermediate,Medium,69,83,9.6,Yes,Basic,ICSE,39.68,"Textbooks, Workbooks"
Male,High School,High,Intermediate,Medium,96,68,2.6,Yes,Basic,State Board,44.99,"Textbooks, Workbooks"
Female,High School,Medium,Beginner,High,91,76,4.3,Yes,Intermediate,State Board,49.82,"Textbooks, Workbooks"
Female,High School,Medium,Beginner,Medium,56,97,7.5,Yes,Intermediate,State Board,35.65,"Textbooks, Workbooks"
Male,Elementary,Medium,Advanced,Low,43,73,2.7,Yes,Intermediate,ICSE,26.97,"Textbooks, Workbooks"
Male,High School,Medium,Advanced,Low,95,95,7.0,Yes,Fluent,ICSE,49.94,"Textbooks, Workbooks"
Male,High School,High,Advanced,Medium,56,92,2.1,Yes,Fluent,CBSE,40.15,"Textbooks, Workbooks"
Female,Elementary,Low,Beginner,Medium,83,79,2.4,Yes,Fluent,ICSE,42.86,"Textbooks, Workbooks"
Female,High School,High,Intermediate,Medium,89,93,9.9,Yes,Basic,IB,53.11,"Educational Apps, Science Kits"
Male,Elementary,Low,Intermediate,Low,69,62,3.7,Yes,Fluent,CBSE,35.64,"Textbooks, Workbooks"
Female,High School,Medium,Beginner,High,74,79,7.3,Yes,Intermediate,IB,41.34,"Textbooks, Workbooks"
Male,High School,Low,Intermediate,Low,97,62,8.4,Yes,Basic,ICSE,42.98,"Textbooks, Workbooks"
Male,Elementary,High,Intermediate,Medium,97,65,3.5,Yes,Basic,State Board,44.8,"Textbooks, Workbooks"
Male,High School,Low,Intermediate,Medium,92,88,3.6,Yes,Fluent,State Board,52.21,"Educational Apps, Science Kits"
Male,High School,Medium,Beginner,Low,69,98,7.7,Yes,Basic,CBSE,43.45,"Textbooks, Workbooks"
Female,Elementary,Medium,Advanced,High,70,90,6.1,Yes,Basic,IB,45.77,"Textbooks, Workbooks"
Female,Elementary,Low,Intermediate,Medium,90,98,3.6,Yes,Fluent,CBSE,43.28,"Textbooks, Workbooks"
Male,High School,High,Intermediate,Medium,94,80,7.5,Yes,Intermediate,CBSE,56.82,"Educational Apps, Science Kits"
Female,Elementary,Medium,Advanced,Medium,30,60,8.6,No,Intermediate,State Board,34.05,"Textbooks, Workbooks"
Female,High School,Medium,Intermediate,High,38,92,2.4,Yes,Intermediate,ICSE,32.26,"Textbooks, Workbooks"
Male,Elementary,Medium,Intermediate,Medium,44,69,0.2,Yes,Fluent,CBSE,26.8,"Textbooks, Workbooks"
Female,High School,Medium,Advanced,Medium,88,85,2.7,No,Basic,State Board,42.01,"Textbooks, Workbooks"
Male,Elementary,Medium,Beginner,Low,95,62,6.7,Yes,Fluent,IB,39.19,"Textbooks, Workbooks"
Male,Elementary,Low,Beginner,Low,39,73,9.2,No,Basic,CBSE,34.96,"Textbooks, Workbooks"
Male,Elementary,Medium,Intermediate,Low,78,67,8.6,Yes,Intermediate,CBSE,49.13,"Textbooks, Workbooks"
Male,Elementary,Medium,Intermediate,High,40,91,2.2,Yes,Intermediate,ICSE,29.59,"Textbooks, Workbooks"
Female,Elementary,Medium,Advanced,Medium,59,95,8.8,Yes,Fluent,ICSE,43.71,"Textbooks, Workbooks"
Male,Elementary,High,Advanced,High,52,86,8.1,Yes,Intermediate,ICSE,34.34,"Textbooks, Workbooks"
Female,Elementary,High,Intermediate,Low,51,92,7.3,Yes,Fluent,ICSE,40.06,"Textbooks, Workbooks"
Male,Elementary,Medium,Intermediate,Medium,80,80,6.9,Yes,Intermediate,ICSE,49.98,"Textbooks, Workbooks"
Male,Elementary,Medium,Beginner,High,71,85,8.1,No,Intermediate,State Board,46.98,"Textbooks, Workbooks"
Female,High School,High,Beginner,Low,58,73,8.6,Yes,Intermediate,CBSE,35.07,"Textbooks, Workbooks"
Male,Elementary,High,Beginner,Medium,74,95,8.2,Yes,Fluent,State Board,45.18,"Textbooks, Workbooks"
Female,High School,Medium,Beginner,High,62,87,1.2,Yes,Intermediate,State Board,39.06,"Textbooks, Workbooks"
Female,Elementary,High,Advanced,High,68,87,7.2,Yes,Fluent,ICSE,40.73,"Textbooks, Workbooks"
Male,High School,High,Beginner,High,94,80,8.4,Yes,Fluent,CBSE,59.11,"Educational Apps, Science Kits"
Male,High School,Medium,Beginner,High,79,88,1.9,No,Basic,ICSE,52.19,"Educational Apps, Science Kits"
Male,Elementary,Medium,Intermediate,Medium,77,97,2.1,Yes,Intermediate,ICSE,42.45,"Textbooks, Workbooks"
Male,Elementary,High,Beginner,Low,66,93,7.9,Yes,Basic,IB,55.42,"Educational Apps, Science Kits"
Male,High School,Medium,Intermediate,High,62,60,3.4,Yes,Basic,ICSE,33.6,"Textbooks, Workbooks"
Male,High School,High,Intermediate,High,35,79,4.0,Yes,Fluent,ICSE,32.87,"Textbooks, Workbooks"
Female,Elementary,High,Beginner,Medium,99,85,3.8,Yes,Intermediate,State Board,51.54,"Educational Apps, Science Kits"
Female,Elementary,High,Beginner,Low,84,86,2.1,Yes,Basic,State Board,44.32,"Textbooks, Workbooks"
Male,Elementary,Medium,Intermediate,Medium,73,82,9.4,Yes,Intermediate,CBSE,40.25,"Textbooks, Workbooks"
Female,High School,Low,Advanced,Medium,79,66,8.1,Yes,Intermediate,CBSE,43.29,"Textbooks, Workbooks"
Female,Elementary,Low,Intermediate,Low,83,81,2.5,Yes,Fluent,ICSE,50.59,"Educational Apps, Science Kits"
Male,Elementary,High,Advanced,High,92,96,1.1,Yes,Fluent,ICSE,49.84,"Textbooks, Workbooks"
Male,Elementary,High,Advanced,Medium,45,94,3.7,Yes,Basic,IB,33.94,"Textbooks, Workbooks"
Female,Elementary,Medium,Beginner,Medium,76,63,4.2,Yes,Basic,IB,39.19,"Textbooks, Workbooks"
Male,Elementary,Low,Beginner,Medium,86,88,0.1,Yes,Fluent,State Board,45.96,"Textbooks, Workbooks"
Female,High School,High,Beginner,Low,31,96,8.9,No,Basic,CBSE,33.84,"Textbooks, Workbooks"
Male,High School,High,Beginner,Medium,66,95,8.5,No,Basic,CBSE,46.9,"Textbooks, Workbooks"
Female,Elementary,Medium,Intermediate,Medium,52,62,8.5,No,Intermediate,CBSE,34.24,"Textbooks, Workbooks"
Female,Elementary,Medium,Advanced,Medium,42,61,8.1,Yes,Basic,State Board,30.06,"Textbooks, Workbooks"
Female,High School,High,Intermediate,Low,94,64,7.3,Yes,Basic,CBSE,43.86,"Textbooks, Workbooks"
Female,Elementary,High,Advanced,Medium,77,77,6.3,Yes,Basic,State Board,51.2,"Educational Apps, Science Kits"
Male,High School,High,Intermediate,Medium,36,93,9.6,No,Fluent,State Board,31.22,"Textbooks, Workbooks"
Male,Elementary,Low,Advanced,High,60,74,7.1,Yes,Intermediate,CBSE,39.5,"Textbooks, Workbooks"
Female,High School,Medium,Beginner,High,92,99,6.3,No,Basic,IB,50.53,"Educational Apps, Science Kits"
Female,High School,Medium,Advanced,High,74,60,7.9,Yes,Fluent,IB,39.01,"Textbooks, Workbooks"
Male,Elementary,High,Beginner,Medium,85,81,2.5,Yes,Intermediate,CBSE,42.15,"Textbooks, Workbooks"
Male,High School,High,Advanced,Medium,93,84,9.7,Yes,Fluent,IB,50.53,"Educational Apps, Science Kits"
Female,Elementary,High,Intermediate,Low,51,76,0.2,Yes,Fluent,IB,31.22,"Textbooks, Workbooks"
Female,High School,Medium,Advanced,High,92,92,6.5,No,Intermediate,State Board,54.83,"Educational Apps, Science Kits"
Female,Elementary,High,Intermediate,Medium,57,76,0.8,Yes,Intermediate,State Board,35.16,"Textbooks, Workbooks"
Female,Elementary,Medium,Intermediate,High,73,97,8.5,Yes,Fluent,CBSE,40.08,"Textbooks, Workbooks"
Female,Elementary,Medium,Beginner,Medium,43,64,9.7,Yes,Fluent,ICSE,37.37,"Textbooks, Workbooks"
Male,High School,Medium,Advanced,Low,48,96,4.1,Yes,Basic,CBSE,38.31,"Textbooks, Workbooks"
Female,Elementary,High,Intermediate,Low,89,70,8.6,Yes,Fluent,CBSE,46.03,"Textbooks, Workbooks"
Male,Elementary,High,Advanced,High,31,71,3.4,Yes,Intermediate,State Board,27.94,"Textbooks, Workbooks"
Male,Elementary,Medium,Beginner,Low,80,93,1.6,Yes,Intermediate,CBSE,47.81,"Textbooks, Workbooks"
Male,High School,Low,Beginner,Low,63,94,2.8,Yes,Intermediate,IB,37.72,"Textbooks, Workbooks"
Female,Elementary,High,Advanced,High,80,98,3.0,No,Intermediate,CBSE,42.64,"Textbooks, Workbooks"
Male,High School,Medium,Intermediate,Medium,48,75,6.3,Yes,Fluent,ICSE,40.46,"Textbooks, Workbooks"
Male,High School,High,Intermediate,Low,65,83,8.0,Yes,Fluent,State Board,49.76,"Textbooks, Workbooks"
Male,High School,Medium,Intermediate,Low,55,90,2.1,Yes,Intermediate,State Board,38.58,"Textbooks, Workbooks"
Male,Elementary,Low,Advanced,Low,64,73,0.9,No,Intermediate,CBSE,39.43,"Textbooks, Workbooks"
Female,Elementary,Medium,Intermediate,Medium,92,91,2.2,Yes,Intermediate,CBSE,48.31,"Textbooks, Workbooks"
Female,High School,Low,Intermediate,High,33,72,3.0,Yes,Basic,ICSE,29.96,"Textbooks, Workbooks"
Male,Elementary,Medium,Intermediate,Low,32,97,2.8,Yes,Fluent,IB,20.17,"Textbooks, Workbooks"
Male,Elementary,Low,Beginner,High,34,76,2.2,Yes,Intermediate,IB,28.8,"Textbooks, Workbooks"
Female,High School,Medium,Intermediate,Low,58,95,4.7,Yes,Fluent,State Board,41.95,"Textbooks, Workbooks"
Female,High School,Low,Advanced,Low,48,77,8.6,Yes,Basic,CBSE,38.88,"Textbooks, Workbooks"
Female,Elementary,High,Advanced,High,46,78,1.0,Yes,Fluent,State Board,31.07,"Textbooks, Workbooks"
Male,High School,Medium,Intermediate,Low,63,66,8.6,Yes,Basic,ICSE,41.1,"Textbooks, Workbooks"
Female,Elementary,Medium,Advanced,High,49,89,5.0,No,Fluent,IB,33.12,"Textbooks, Workbooks"
Male,High School,High,Advanced,High,57,71,6.6,Yes,Basic,IB,44.81,"Textbooks, Workbooks"
Male,Elementary,Medium,Intermediate,Low,96,70,8.2,Yes,Fluent,ICSE,57.37,"Educational Apps, Science Kits"
Female,Elementary,Medium,Beginner,Medium,39,88,3.0,Yes,Basic,ICSE,40.06,"Textbooks, Workbooks"
Male,High School,High,Intermediate,Medium,50,62,9.5,Yes,Intermediate,State Board,32.61,"Textbooks, Workbooks"
Female,Elementary,High,Advanced,High,33,93,0.8,No,Intermediate,State Board,30.36,"Textbooks, Workbooks"
Male,Elementary,High,Advanced,Medium,51,93,5.3,Yes,Fluent,ICSE,40.46,"Textbooks, Workbooks"
Female,High School,Medium,Intermediate,Medium,91,90,2.5,No,Basic,State Board,38.94,"Textbooks, Workbooks"
Male,Elementary,High,Advanced,Low,41,81,4.1,Yes,Intermediate,State Board,30.55,"Textbooks, Workbooks"
Male,Elementary,Medium,Beginner,Medium,40,61,4.5,Yes,Fluent,IB,28.7,"Textbooks, Workbooks"
Female,Elementary,Medium,Intermediate,Low,51,86,9.1,Yes,Basic,CBSE,40.46,"Textbooks, Workbooks"
Female,High School,High,Advanced,Low,58,95,4.4,Yes,Basic,ICSE,35.51,"Textbooks, Workbooks"
Female,High School,Medium,Beginner,High,90,91,7.0,Yes,Basic,CBSE,55.42,"Educational Apps, Science Kits"
Female,High School,High,Advanced,Low,90,94,9.5,Yes,Basic,ICSE,55.07,"Educational Apps, Science Kits"
Male,High School,Low,Beginner,Low,56,76,4.9,Yes,Fluent,ICSE,33.58,"Textbooks, Workbooks"
Female,High School,Medium,Advanced,Medium,76,93,4.1,Yes,Basic,State Board,46.95,"Textbooks, Workbooks"
Female,Elementary,High,Intermediate,High,43,85,9.7,No,Basic,State Board,32.75,"Textbooks, Workbooks"
Male,Elementary,Medium,Advanced,Low,36,69,8.3,Yes,Intermediate,ICSE,32.04,"Textbooks, Workbooks"
Female,Elementary,High,Intermediate,Low,44,98,9.4,Yes,Basic,ICSE,38.49,"Textbooks, Workbooks"
Female,High School,High,Beginner,Low,75,68,4.0,Yes,Basic,State Board,39.84,"Textbooks, Workbooks"
Male,Elementary,High,Beginner,Low,57,84,7.0,Yes,Basic,State Board,36.09,"Textbooks, Workbooks"
Female,High School,Medium,Advanced,Medium,72,79,2.5,Yes,Basic,CBSE,34.77,"Textbooks, Workbooks"
Female,Elementary,Medium,Intermediate,Medium,39,74,8.7,No,Fluent,IB,27.82,"Textbooks, Workbooks"
Female,High School,High,Intermediate,Medium,80,99,9.3,Yes,Fluent,IB,45.79,"Textbooks, Workbooks"
Female,Elementary,High,Beginner,Medium,32,86,2.7,Yes,Fluent,CBSE,27.71,"Textbooks, Workbooks"
Female,Elementary,Medium,Beginner,High,73,70,1.0,Yes,Intermediate,ICSE,38.61,"Textbooks, Workbooks"
Female,High School,High,Advanced,Medium,83,75,2.0,No,Basic,State Board,43.42,"Textbooks, Workbooks"
Male,Elementary,Medium,Beginner,High,63,89,6.3,No,Fluent,ICSE,38.21,"Textbooks, Workbooks"
Female,Elementary,High,Beginner,Medium,94,81,2.7,Yes,Fluent,IB,42.1,"Textbooks, Workbooks"
Male,High School,Low,Intermediate,High,54,83,6.4,Yes,Intermediate,State Board,39.03,"Textbooks, Workbooks"
Male,Elementary,Low,Intermediate,Medium,92,83,3.5,Yes,Intermediate,CBSE,49.12,"Textbooks, Workbooks"
Male,Elementary,Medium,Intermediate,Medium,99,95,9.2,Yes,Basic,CBSE,61.1,"Educational Apps, Science Kits"
Male,High School,Medium,Beginner,High,74,77,4.5,Yes,Basic,IB,36.38,"Textbooks, Workbooks"
Female,High School,High,Advanced,Low,97,79,5.0,Yes,Basic,ICSE,49.0,"Textbooks, Workbooks"
Female,High School,Low,Advanced,Medium,55,67,3.5,No,Fluent,ICSE,34.3,"Textbooks, Workbooks"
Female,High School,High,Beginner,High,55,74,0.7,Yes,Intermediate,ICSE,25.02,"Textbooks, Workbooks"
Male,High School,Medium,Advanced,High,55,72,4.9,Yes,Fluent,IB,33.76,"Textbooks, Workbooks"
Female,Elementary,Medium,Beginner,Medium,91,95,7.7,Yes,Basic,IB,45.48,"Textbooks, Workbooks"
Female,High School,Medium,Advanced,Medium,90,73,9.5,No,Fluent,IB,47.9,"Textbooks, Workbooks"
Female,High School,Medium,Beginner,Low,31,83,0.8,Yes,Intermediate,ICSE,30.61,"Textbooks, Workbooks"
Male,Elementary,Low,Intermediate,High,70,96,8.0,Yes,Fluent,CBSE,54.47,"Educational Apps, Science Kits"
Male,Elementary,Low,Advanced,Medium,74,83,2.7,Yes,Basic,ICSE,41.35,"Textbooks, Workbooks"
Female,Elementary,High,Intermediate,High,43,77,8.2,No,Basic,IB,35.5,"Textbooks, Workbooks"
Male,Elementary,Low,Intermediate,Low,66,91,3.4,Yes,Basic,State Board,40.19,"Textbooks, Workbooks"
Male,Elementary,Medium,Advanced,Low,31,94,1.1,Yes,Basic,IB,30.78,"Textbooks, Workbooks"
Female,High School,High,Beginner,Medium,34,79,6.1,Yes,Intermediate,State Board,33.15,"Textbooks, Workbooks"
Male,Elementary,Low,Intermediate,Medium,31,91,8.9,Yes,Intermediate,IB,26.67,"Textbooks, Workbooks"
Male,High School,Medium,Intermediate,Medium,30,96,1.8,Yes,Basic,IB,29.88,"Textbooks, Workbooks"
Female,Elementary,Low,Beginner,Low,77,96,0.2,No,Intermediate,State Board,36.8,"Textbooks, Workbooks"
Male,High School,Medium,Beginner,Low,51,92,8.8,Yes,Basic,IB,44.54,"Textbooks, Workbooks"
Male,Elementary,Medium,Advanced,Low,70,60,7.0,Yes,Fluent,CBSE,43.9,"Textbooks, Workbooks"
Male,High School,Low,Advanced,Low,54,87,8.1,Yes,Fluent,State Board,32.66,"Textbooks, Workbooks"
Male,High School,High,Beginner,Low,75,86,0.6,Yes,Fluent,IB,44.04,"Textbooks, Workbooks"
Male,High School,High,Intermediate,High,38,76,8.9,Yes,Intermediate,State Board,28.18,"Textbooks, Workbooks"
Male,High School,Low,Beginner,Medium,90,74,4.2,Yes,Basic,State Board,45.13,"Textbooks, Workbooks"
Male,High School,High,Advanced,Medium,76,73,9.0,No,Fluent,State Board,39.77,"Textbooks, Workbooks"
Male,High School,Medium,Intermediate,High,32,90,0.6,Yes,Intermediate,CBSE,28.27,"Textbooks, Workbooks"
Female,High School,Low,Intermediate,Medium,37,93,8.8,Yes,Intermediate,IB,41.72,"Textbooks, Workbooks"
Female,High School,Low,Advanced,High,54,62,6.7,Yes,Intermediate,CBSE,33.14,"Textbooks, Workbooks"
Female,High School,Medium,Intermediate,Low,65,71,5.5,No,Intermediate,State Board,35.85,"Textbooks, Workbooks"
Female,High School,Medium,Beginner,Medium,72,85,0.6,No,Basic,State Board,38.52,"Textbooks, Workbooks"
Male,Elementary,Medium,Advanced,Medium,79,83,6.9,Yes,Intermediate,ICSE,51.99,"Educational Apps, Science Kits"
Female,High School,High,Intermediate,Medium,92,93,6.0,Yes,Intermediate,ICSE,55.35,"Educational Apps, Science Kits"
Female,High School,High,Advanced,Medium,63,67,7.3,Yes,Basic,ICSE,44.04,"Textbooks, Workbooks"
Male,Elementary,Medium,Intermediate,Low,39,71,7.2,Yes,Basic,State Board,30.7,"Textbooks, Workbooks"
Male,High School,High,Beginner,High,56,68,4.4,Yes,Fluent,CBSE,24.68,"Textbooks, Workbooks"
Male,High School,High,Advanced,Medium,42,85,2.0,Yes,Basic,State Board,22.37,"Textbooks, Workbooks"
Male,Elementary,Low,Intermediate,Low,80,97,9.2,Yes,Intermediate,State Board,49.7,"Textbooks, Workbooks"
Male,Elementary,Medium,Beginner,Medium,97,78,9.3,Yes,Fluent,CBSE,47.22,"Textbooks, Workbooks"
Female,High School,Medium,Beginner,High,45,80,2.1,Yes,Basic,IB,33.05,"Textbooks, Workbooks"
Male,Elementary,Medium,Beginner,Low,41,72,6.3,No,Basic,ICSE,29.96,"Textbooks, Workbooks"
Female,High School,Medium,Intermediate,Low,54,94,2.0,Yes,Fluent,State Board,27.74,"Textbooks, Workbooks"
Female,High School,Medium,Intermediate,High,78,62,8.6,Yes,Basic,State Board,44.92,"Textbooks, Workbooks"
Male,High School,Medium,Beginner,High,45,84,1.0,Yes,Fluent,IB,26.73,"Textbooks, Workbooks"
Female,Elementary,Medium,Beginner,Low,31,91,9.9,Yes,Intermediate,ICSE,32.9,"Textbooks, Workbooks"
Female,High School,Medium,Beginner,High,64,80,6.1,No,Basic,IB,44.09,"Textbooks, Workbooks"
Male,High School,Low,Beginner,Medium,51,73,0.2,Yes,Intermediate,ICSE,34.62,"Textbooks, Workbooks"
Female,Elementary,Medium,Beginner,High,77,90,8.8,Yes,Fluent,State Board,53.38,"Educational Apps, Science Kits"
Female,High School,Medium,Intermediate,Medium,93,67,6.8,Yes,Basic,ICSE,50.74,"Educational Apps, Science Kits"
Female,High School,Medium,Advanced,High,96,66,7.0,Yes,Basic,State Board,56.28,"Educational Apps, Science Kits"
Male,High School,High,Advanced,High,51,95,2.8,Yes,Intermediate,CBSE,33.9,"Textbooks, Workbooks"
Male,High School,Medium,Advanced,Low,76,94,3.4,Yes,Fluent,CBSE,43.1,"Textbooks, Workbooks"
Male,High School,Low,Intermediate,Low,69,78,9.1,No,Basic,CBSE,40.77,"Textbooks, Workbooks"
Female,High School,Medium,Advanced,Medium,82,61,6.3,Yes,Intermediate,IB,43.06,"Textbooks, Workbooks"
Male,Elementary,High,Advanced,Low,32,64,0.2,Yes,Intermediate,IB,21.5,"Textbooks, Workbooks"
Female,High School,High,Advanced,Medium,35,61,3.3,No,Basic,State Board,25.31,"Textbooks, Workbooks"
Male,High School,Medium,Advanced,High,43,77,6.0,No,Basic,IB,32.05,"Textbooks, Workbooks"
Female,Elementary,Medium,Beginner,Low,87,74,1.5,Yes,Fluent,IB,46.49,"Textbooks, Workbooks"
Male,High School,Medium,Intermediate,Medium,36,75,1.0,Yes,Basic,IB,25.63,"Textbooks, Workbooks"
Male,High School,Medium,Advanced,Medium,58,71,0.6,No,Fluent,CBSE,31.35,"Textbooks, Workbooks"
Female,Elementary,High,Beginner,Medium,32,95,6.3,Yes,Fluent,IB,33.43,"Textbooks, Workbooks"
Male,Elementary,Medium,Advanced,Low,42,81,3.2,Yes,Fluent,ICSE,24.95,"Textbooks, Workbooks"
Female,Elementary,Medium,Advanced,Low,65,87,3.7,Yes,Fluent,IB,34.26,"Textbooks, Workbooks"
Male,Elementary,Medium,Advanced,High,67,99,0.6,Yes,Basic,ICSE,38.37,"Textbooks, Workbooks"
Male,Elementary,Medium,Advanced,High,89,81,7.4,Yes,Basic,CBSE,51.91,"Educational Apps, Science Kits"
Female,Elementary,High,Advanced,High,51,63,7.7,No,Fluent,State Board,34.1,"Textbooks, Workbooks"
Female,Elementary,Medium,Beginner,High,50,71,8.3,Yes,Fluent,IB,34.21,"Textbooks, Workbooks"
Female,High School,High,Advanced,Medium,62,80,6.5,Yes,Basic,State Board,40.05,"Textbooks, Workbooks"
Male,High School,Medium,Beginner,High,33,86,7.7,Yes,Fluent,State Board,36.62,"Textbooks, Workbooks"
Female,High School,Low,Advanced,Medium,73,82,5.8,Yes,Basic,State Board,38.28,"Textbooks, Workbooks"
Male,Elementary,Medium,Intermediate,Low,30,86,4.9,Yes,Basic,State Board,28.92,"Textbooks, Workbooks"
Female,High School,Low,Beginner,Medium,91,75,2.6,Yes,Basic,IB,40.29,"Textbooks, Workbooks"
Female,Elementary,Medium,Advanced,Low,51,91,0.5,Yes,Intermediate,ICSE,28.99,"Textbooks, Workbooks"
Female,High School,Medium,Beginner,Medium,88,95,2.9,Yes,Basic,State Board,47.99,"Textbooks, Workbooks"
Female,High School,High,Advanced,Low,66,76,6.8,No,Fluent,CBSE,43.83,"Textbooks, Workbooks"
Female,High School,Medium,Advanced,Medium,52,77,9.3,Yes,Intermediate,CBSE,38.85,"Textbooks, Workbooks"
Female,High School,Low,Beginner,Medium,62,86,2.6,Yes,Fluent,ICSE,39.91,"Textbooks, Workbooks"
Male,Elementary,Medium,Advanced,High,51,66,6.7,Yes,Basic,State Board,34.58,"Textbooks, Workbooks"
Female,Elementary,Medium,Advanced,Medium,93,97,4.8,No,Intermediate,CBSE,57.02,"Educational Apps, Science Kits"
Male,High School,High,Advanced,High,91,79,6.3,Yes,Intermediate,IB,51.39,"Educational Apps, Science Kits"
Female,Elementary,Medium,Advanced,Low,83,94,0.0,Yes,Fluent,CBSE,42.96,"Textbooks, Workbooks"
Female,Elementary,High,Advanced,Medium,87,92,1.2,Yes,Fluent,State Board,49.38,"Textbooks, Workbooks"
Female,High School,Medium,Advanced,Medium,41,85,2.2,No,Basic,State Board,29.93,"Textbooks, Workbooks"
Male,Elementary,High,Beginner,High,47,83,8.9,Yes,Intermediate,State Board,39.43,"Textbooks, Workbooks"
Male,Elementary,High,Intermediate,Medium,96,83,0.4,Yes,Basic,State Board,50.16,"Educational Apps, Science Kits"
Female,Elementary,High,Advanced,Medium,89,90,5.7,Yes,Intermediate,CBSE,55.96,"Educational Apps, Science Kits"
Male,Elementary,Low,Beginner,Low,30,86,9.3,Yes,Intermediate,IB,39.5,"Textbooks, Workbooks"
Female,High School,Medium,Intermediate,Low,49,68,6.5,Yes,Fluent,State Board,41.19,"Textbooks, Workbooks"
Female,High School,Medium,Beginner,Medium,46,61,4.8,Yes,Fluent,State Board,33.74,"Textbooks, Workbooks"
Male,Elementary,Low,Intermediate,High,78,65,3.9,No,Intermediate,ICSE,39.79,"Textbooks, Workbooks"
Male,High School,Medium,Intermediate,Low,51,90,6.2,Yes,Intermediate,CBSE,38.69,"Textbooks, Workbooks"
Male,High School,High,Intermediate,Low,62,84,4.8,Yes,Intermediate,IB,35.99,"Textbooks, Workbooks"
Male,High School,Medium,Beginner,Low,55,75,7.1,Yes,Basic,IB,34.95,"Textbooks, Workbooks"
Female,Elementary,High,Intermediate,Low,56,65,6.2,Yes,Intermediate,IB,35.41,"Textbooks, Workbooks"
Male,Elementary,Low,Advanced,High,89,82,5.7,No,Fluent,ICSE,50.83,"Educational Apps, Science Kits"
Male,High School,High,Advanced,High,63,64,9.6,No,Intermediate,CBSE,36.96,"Textbooks, Workbooks"
Female,High School,Medium,Intermediate,Medium,81,76,8.4,Yes,Fluent,State Board,48.46,"Textbooks, Workbooks"
Male,Elementary,Medium,Intermediate,Low,84,68,6.1,Yes,Basic,CBSE,38.28,"Textbooks, Workbooks"
Male,High School,High,Advanced,High,90,85,5.4,Yes,Basic,ICSE,47.46,"Textbooks, Workbooks"
Male,Elementary,Low,Beginner,Low,79,72,7.2,No,Basic,State Board,47.73,"Textbooks, Workbooks"
Male,High School,High,Beginner,Medium,92,66,8.0,Yes,Basic,ICSE,47.92,"Textbooks, Workbooks"
Female,Elementary,Medium,Advanced,High,93,99,3.0,Yes,Intermediate,IB,55.81,"Educational Apps, Science Kits"
Female,Elementary,Medium,Beginner,Medium,43,77,6.7,Yes,Fluent,ICSE,35.63,"Textbooks, Workbooks"
Male,Elementary,High,Beginner,Low,80,96,1.4,Yes,Fluent,State Board,36.15,"Textbooks, Workbooks"
Male,Elementary,Medium,Intermediate,Low,56,83,4.3,Yes,Basic,State Board,37.49,"Textbooks, Workbooks"
Female,High School,High,Beginner,High,69,91,9.4,Yes,Fluent,ICSE,46.1,"Textbooks, Workbooks"
Male,Elementary,Medium,Advanced,Low,97,66,3.3,Yes,Basic,CBSE,51.41,"Educational Apps, Science Kits"
Male,High School,High,Beginner,Medium,38,79,1.5,Yes,Fluent,CBSE,21.69,"Textbooks, Workbooks"
Male,Elementary,Medium,Intermediate,High,85,93,1.5,Yes,Basic,CBSE,49.18,"Textbooks, Workbooks"
Male,Elementary,Low,Advanced,High,68,78,3.9,Yes,Fluent,IB,45.06,"Textbooks, Workbooks"
Male,High School,Medium,Advanced,Medium,44,73,2.3,Yes,Intermediate,IB,35.0,"Textbooks, Workbooks"
Male,High School,Low,Advanced,Low,47,91,4.3,No,Intermediate,IB,33.96,"Textbooks, Workbooks"
Male,High School,Medium,Intermediate,Medium,81,68,7.2,Yes,Intermediate,IB,48.17,"Textbooks, Workbooks"
Male,Elementary,Low,Advanced,Low,90,95,8.9,Yes,Intermediate,CBSE,54.91,"Educational Apps, Science Kits"
Male,Elementary,Low,Intermediate,Low,66,85,1.1,Yes,Basic,CBSE,44.91,"Textbooks, Workbooks"
Female,High School,Medium,Intermediate,High,82,79,7.7,Yes,Fluent,ICSE,50.59,"Educational Apps, Science Kits"
Female,Elementary,Medium,Beginner,Low,41,88,1.0,Yes,Fluent,IB,30.04,"Textbooks, Workbooks"
Female,High School,Medium,Advanced,Low,54,75,3.8,Yes,Intermediate,ICSE,34.76,"Textbooks, Workbooks"
Male,Elementary,Medium,Beginner,Medium,54,90,10.0,Yes,Intermediate,IB,37.05,"Textbooks, Workbooks"
Male,Elementary,Medium,Beginner,Medium,50,83,0.7,Yes,Intermediate,State Board,28.93,"Textbooks, Workbooks"
Female,Elementary,Medium,Intermediate,High,36,89,0.2,Yes,Fluent,IB,26.9,"Textbooks, Workbooks"
Male,High School,High,Beginner,High,78,67,3.3,Yes,Basic,IB,43.09,"Textbooks, Workbooks"
Female,Elementary,Medium,Beginner,Medium,68,85,9.5,Yes,Intermediate,CBSE,38.8,"Textbooks, Workbooks"
Male,High School,High,Beginner,Medium,78,74,0.2,Yes,Intermediate,State Board,40.31,"Textbooks, Workbooks"
Female,High School,Medium,Advanced,Medium,63,69,2.2,No,Fluent,IB,31.37,"Textbooks, Workbooks"
Female,Elementary,High,Beginner,Low,45,95,6.0,Yes,Basic,State Board,30.17,"Textbooks, Workbooks"
Female,High School,Medium,Intermediate,Medium,44,98,2.3,Yes,Intermediate,ICSE,29.08,"Textbooks, Workbooks"
Male,High School,Low,Advanced,Medium,69,83,0.5,Yes,Basic,ICSE,37.78,"Textbooks, Workbooks"
Female,Elementary,High,Intermediate,Low,36,67,0.5,Yes,Intermediate,CBSE,25.33,"Textbooks, Workbooks"
Male,High School,High,Advanced,Low,69,60,5.6,Yes,Fluent,IB,39.42,"Textbooks, Workbooks"
Male,High School,Low,Advanced,Medium,95,69,5.6,Yes,Basic,CBSE,46.88,"Textbooks, Workbooks"
Male,Elementary,Medium,Advanced,Medium,99,82,7.1,No,Fluent,ICSE,51.35,"Educational Apps, Science Kits"
Male,Elementary,Medium,Intermediate,Medium,51,97,1.3,Yes,Intermediate,IB,34.96,"Textbooks, Workbooks"
Male,Elementary,Medium,Beginner,High,88,69,5.0,Yes,Fluent,State Board,38.12,"Textbooks, Workbooks"
Male,High School,High,Advanced,Medium,34,92,6.0,No,Intermediate,CBSE,32.33,"Textbooks, Workbooks"
Male,High School,Low,Intermediate,High,47,90,2.2,Yes,Intermediate,IB,34.28,"Textbooks, Workbooks"
Female,Elementary,Medium,Advanced,Medium,40,97,5.5,Yes,Intermediate,ICSE,29.24,"Textbooks, Workbooks"
Female,High School,Low,Beginner,Medium,37,72,7.1,Yes,Intermediate,State Board,34.46,"Textbooks, Workbooks"
Female,Elementary,Medium,Advanced,Low,49,94,9.9,Yes,Fluent,IB,35.03,"Textbooks, Workbooks"
Male,Elementary,Low,Intermediate,Medium,88,91,6.0,Yes,Intermediate,IB,51.74,"Educational Apps, Science Kits"
Male,Elementary,High,Advanced,High,54,81,8.6,Yes,Intermediate,CBSE,34.6,"Textbooks, Workbooks"
Male,High School,Medium,Intermediate,Medium,87,66,8.3,Yes,Intermediate,State Board,50.15,"Educational Apps, Science Kits"
Male,High School,High,Beginner,Low,48,65,9.4,No,Fluent,CBSE,34.73,"Textbooks, Workbooks"
Female,Elementary,Low,Beginner,Medium,31,75,7.2,Yes,Fluent,State Board,27.46,"Textbooks, Workbooks"
Male,Elementary,Medium,Advanced,Low,87,71,2.1,Yes,Intermediate,IB,46.43,"Textbooks, Workbooks"
Female,High School,Medium,Beginner,Medium,95,68,3.0,Yes,Intermediate,State Board,39.48,"Textbooks, Workbooks"
Male,Elementary,Medium,Intermediate,Medium,36,99,7.8,Yes,Intermediate,IB,38.12,"Textbooks, Workbooks"
Female,High School,High,Advanced,Medium,80,64,5.2,Yes,Intermediate,ICSE,44.11,"Textbooks, Workbooks"
Male,Elementary,Medium,Intermediate,High,62,62,2.5,No,Fluent,ICSE,33.25,"Textbooks, Workbooks"
Female,Elementary,Medium,Advanced,Medium,42,95,6.6,Yes,Basic,ICSE,36.79,"Textbooks, Workbooks"
Male,High School,Low,Intermediate,Medium,39,69,9.1,Yes,Basic,CBSE,25.26,"Textbooks, Workbooks"
Female,High School,Low,Advanced,Medium,88,67,3.6,No,Fluent,State Board,43.03,"Textbooks, Workbooks"
Male,High School,High,Intermediate,High,67,68,6.0,Yes,Basic,ICSE,38.18,"Textbooks, Workbooks"
Female,High School,Medium,Intermediate,High,49,72,5.8,No,Fluent,State Board,40.14,"Textbooks, Workbooks"
Female,High School,High,Advanced,Low,43,78,1.3,Yes,Basic,CBSE,25.39,"Textbooks, Workbooks"
Male,Elementary,Medium,Intermediate,Medium,69,82,0.9,Yes,Fluent,ICSE,29.7,"Textbooks, Workbooks"
Female,Elementary,Low,Beginner,Medium,36,83,8.9,Yes,Basic,ICSE,34.0,"Textbooks, Workbooks"
Male,High School,Low,Intermediate,Low,98,62,9.3,No,Basic,State Board,50.55,"Educational Apps, Science Kits"
Male,High School,High,Advanced,Low,35,92,9.0,Yes,Fluent,ICSE,32.65,"Textbooks, Workbooks"
Male,Elementary,High,Beginner,Low,69,82,4.0,Yes,Intermediate,IB,34.07,"Textbooks, Workbooks"
Female,Elementary,Medium,Beginner,High,82,73,2.9,Yes,Basic,IB,38.16,"Textbooks, Workbooks"
Female,High School,Low,Intermediate,Medium,38,78,9.4,Yes,Basic,ICSE,31.3,"Textbooks, Workbooks"
Male,High School,Low,Intermediate,Medium,94,92,8.8,Yes,Basic,IB,53.58,"Educational Apps, Science Kits"
Male,Elementary,Medium,Intermediate,Medium,49,82,8.2,Yes,Intermediate,CBSE,28.89,"Textbooks, Workbooks"
Female,High School,Low,Beginner,High,35,86,3.3,Yes,Basic,CBSE,34.4,"Textbooks, Workbooks"
Female,Elementary,Medium,Beginner,Medium,68,71,6.4,Yes,Fluent,State Board,46.2,"Textbooks, Workbooks"
Female,Elementary,Medium,Beginner,Medium,50,66,7.5,Yes,Basic,IB,29.44,"Textbooks, Workbooks"
Male,High School,Low,Advanced,Low,66,95,5.8,Yes,Basic,ICSE,37.03,"Textbooks, Workbooks"
Male,Elementary,Low,Advanced,Medium,41,77,6.0,No,Basic,IB,27.34,"Textbooks, Workbooks"
Male,Elementary,High,Intermediate,Medium,99,75,7.6,Yes,Basic,IB,54.57,"Educational Apps, Science Kits"
Male,Elementary,Medium,Advanced,Medium,44,73,7.7,Yes,Basic,State Board,32.6,"Textbooks, Workbooks"
Male,High School,High,Advanced,Medium,50,80,2.4,Yes,Intermediate,CBSE,31.54,"Textbooks, Workbooks"
Female,Elementary,Medium,Intermediate,Medium,75,86,3.9,Yes,Basic,ICSE,49.87,"Textbooks, Workbooks"
Male,High School,Medium,Intermediate,Medium,39,84,7.8,Yes,Intermediate,CBSE,34.57,"Textbooks, Workbooks"
Female,Elementary,Medium,Beginner,Medium,95,97,2.6,No,Basic,IB,54.42,"Educational Apps, Science Kits"
Female,Elementary,Medium,Beginner,Low,68,74,9.2,Yes,Intermediate,IB,46.27,"Textbooks, Workbooks"
Male,Elementary,Low,Intermediate,Medium,51,69,8.4,Yes,Basic,ICSE,36.8,"Textbooks, Workbooks"
Female,Elementary,Low,Intermediate,High,71,89,9.0,Yes,Basic,State Board,41.02,"Textbooks, Workbooks"
Male,Elementary,High,Advanced,High,35,68,3.0,Yes,Fluent,ICSE,25.66,"Textbooks, Workbooks"
Female,High School,Medium,Advanced,High,81,87,1.1,Yes,Basic,CBSE,40.1,"Textbooks, Workbooks"
Male,High School,High,Advanced,Low,66,77,1.0,Yes,Fluent,ICSE,37.24,"Textbooks, Workbooks"
Male,Elementary,Medium,Intermediate,Low,35,70,5.6,Yes,Intermediate,State Board,32.13,"Textbooks, Workbooks"
Female,High School,Medium,Intermediate,Medium,58,97,3.1,Yes,Basic,ICSE,33.57,"Textbooks, Workbooks"
Male,High School,Medium,Beginner,Low,98,61,2.6,Yes,Fluent,IB,44.93,"Textbooks, Workbooks"
Female,Elementary,High,Advanced,Low,80,81,2.2,No,Intermediate,IB,46.44,"Textbooks, Workbooks"
Male,High School,Medium,Beginner,Medium,56,82,5.6,Yes,Intermediate,IB,43.91,"Textbooks, Workbooks"
Male,High School,High,Intermediate,Low,66,79,5.5,Yes,Fluent,ICSE,33.25,"Textbooks, Workbooks"
Male,High School,Low,Advanced,Low,75,88,4.2,Yes,Basic,State Board,42.15,"Textbooks, Workbooks"
Female,High School,High,Beginner,High,54,85,1.4,Yes,Fluent,State Board,34.6,"Textbooks, Workbooks"
Female,Elementary,Medium,Intermediate,Low,66,71,9.3,Yes,Fluent,ICSE,41.62,"Textbooks, Workbooks"
Male,High School,Low,Beginner,Low,52,88,4.3,No,Intermediate,State Board,32.99,"Textbooks, Workbooks"
Female,Elementary,Medium,Advanced,Low,55,78,1.2,Yes,Fluent,IB,25.14,"Textbooks, Workbooks"
Male,Elementary,Medium,Beginner,High,81,93,0.4,Yes,Intermediate,State Board,42.24,"Textbooks, Workbooks"
Female,High School,Low,Beginner,High,32,86,1.5,Yes,Fluent,State Board,20.86,"Textbooks, Workbooks"
Female,Elementary,Medium,Intermediate,Low,57,89,3.0,Yes,Fluent,State Board,35.73,"Textbooks, Workbooks"
Male,High School,Medium,Advanced,Low,63,96,6.3,Yes,Basic,ICSE,46.08,"Textbooks, Workbooks"
Male,Elementary,Medium,Beginner,High,94,90,9.7,Yes,Basic,IB,58.95,"Educational Apps, Science Kits"
Male,High School,Medium,Intermediate,Low,58,87,2.7,No,Basic,ICSE,38.16,"Textbooks, Workbooks"
Male,High School,Low,Advanced,High,33,84,7.9,Yes,Intermediate,IB,40.16,"Textbooks, Workbooks"
Male,Elementary,Low,Intermediate,Medium,97,65,9.1,Yes,Basic,CBSE,57.94,"Educational Apps, Science Kits"
Female,High School,High,Advanced,Low,91,66,3.9,No,Basic,State Board,40.14,"Textbooks, Workbooks"
Female,High School,High,Intermediate,High,67,65,2.5,Yes,Intermediate,ICSE,35.54,"Textbooks, Workbooks"
Male,High School,Medium,Intermediate,Medium,96,94,4.9,Yes,Fluent,State Board,57.49,"Educational Apps, Science Kits"
Male,High School,High,Intermediate,Low,31,84,9.0,Yes,Intermediate,CBSE,35.32,"Textbooks, Workbooks"
Male,Elementary,Medium,Beginner,Medium,73,80,0.1,Yes,Basic,IB,42.86,"Textbooks, Workbooks"
Female,Elementary,Low,Beginner,High,61,76,4.9,Yes,Intermediate,CBSE,37.71,"Textbooks, Workbooks"
Male,Elementary,Low,Intermediate,Low,32,85,7.6,No,Intermediate,ICSE,20.87,"Textbooks, Workbooks"
Male,High School,High,Advanced,Medium,46,76,6.0,Yes,Basic,State Board,38.21,"Textbooks, Workbooks"
Female,Elementary,Medium,Intermediate,Low,41,66,5.0,Yes,Fluent,CBSE,30.56,"Textbooks, Workbooks"
Female,High School,High,Beginner,High,93,84,5.5,Yes,Basic,IB,46.21,"Textbooks, Workbooks"
Female,High School,High,Advanced,Medium,92,93,6.2,Yes,Intermediate,CBSE,50.09,"Educational Apps, Science Kits"
Female,High School,Medium,Beginner,Low,70,85,6.8,No,Basic,State Board,44.76,"Textbooks, Workbooks"
Male,Elementary,Low,Intermediate,Medium,31,65,3.6,Yes,Fluent,IB,18.43,"Textbooks, Workbooks"
Female,Elementary,Low,Beginner,High,82,69,5.2,Yes,Intermediate,IB,49.96,"Textbooks, Workbooks"
Female,Elementary,Low,Beginner,High,63,76,2.7,Yes,Fluent,State Board,34.61,"Textbooks, Workbooks"
Male,Elementary,Low,Beginner,Medium,69,73,9.8,No,Basic,CBSE,39.18,"Textbooks, Workbooks"
Male,High School,Medium,Intermediate,High,94,62,1.9,Yes,Basic,IB,50.84,"Educational Apps, Science Kits"
Male,Elementary,Low,Beginner,Medium,84,75,1.5,Yes,Intermediate,State Board,36.81,"Textbooks, Workbooks"
Female,Elementary,Low,Intermediate,Low,80,64,2.7,Yes,Basic,IB,36.88,"Textbooks, Workbooks"
Male,Elementary,Medium,Intermediate,High,34,82,9.2,Yes,Fluent,ICSE,33.33,"Textbooks, Workbooks"
Female,Elementary,Medium,Beginner,Medium,85,86,6.6,Yes,Intermediate,IB,48.32,"Textbooks, Workbooks"
Female,High School,Medium,Advanced,Medium,50,64,4.6,Yes,Fluent,CBSE,30.66,"Textbooks, Workbooks"
Female,Elementary,Medium,Beginner,High,87,96,9.3,No,Fluent,IB,53.77,"Educational Apps, Science Kits"
Male,Elementary,Medium,Beginner,Medium,60,97,9.0,Yes,Intermediate,ICSE,42.52,"Textbooks, Workbooks"
Female,Elementary,High,Beginner,Low,75,77,4.0,No,Fluent,IB,37.64,"Textbooks, Workbooks"
Male,High School,Low,Advanced,High,56,71,5.6,Yes,Intermediate,IB,45.64,"Textbooks, Workbooks"
Male,Elementary,Low,Advanced,Low,99,80,9.1,No,Intermediate,State Board,62.22,"Educational Apps, Science Kits"
Male,Elementary,High,Intermediate,Medium,60,66,3.2,No,Fluent,State Board,31.74,"Textbooks, Workbooks"
Female,Elementary,Medium,Advanced,Low,70,76,4.1,Yes,Fluent,IB,36.1,"Textbooks, Workbooks"
Female,High School,High,Advanced,Low,74,68,7.9,Yes,Intermediate,State Board,45.16,"Textbooks, Workbooks"
Female,High School,Medium,Beginner,Medium,65,83,7.0,Yes,Basic,State Board,42.21,"Textbooks, Workbooks"
Male,Elementary,High,Intermediate,Medium,31,70,0.5,Yes,Basic,State Board,11.66,"Textbooks, Workbooks"
Female,Elementary,High,Intermediate,Medium,91,84,1.2,Yes,Fluent,IB,42.75,"Textbooks, Workbooks"
Female,High School,Medium,Advanced,High,50,96,8.5,No,Basic,ICSE,30.48,"Textbooks, Workbooks"
Female,High School,Low,Advanced,Medium,63,66,0.3,Yes,Basic,IB,29.65,"Textbooks, Workbooks"
Female,High School,High,Beginner,Medium,42,76,9.2,Yes,Intermediate,IB,37.2,"Textbooks, Workbooks"
Female,High School,High,Advanced,High,48,78,2.7,Yes,Intermediate,State Board,32.54,"Textbooks, Workbooks"
Male,High School,High,Advanced,High,62,80,6.0,No,Basic,IB,30.57,"Textbooks, Workbooks"
Male,Elementary,Low,Intermediate,Medium,78,68,5.6,Yes,Fluent,CBSE,40.68,"Textbooks, Workbooks"
Male,Elementary,High,Advanced,Medium,32,67,4.0,Yes,Basic,IB,26.8,"Textbooks, Workbooks"
Male,Elementary,Low,Beginner,Medium,67,86,0.3,Yes,Intermediate,State Board,41.34,"Textbooks, Workbooks"
Female,Elementary,Medium,Intermediate,Medium,44,82,1.9,Yes,Basic,ICSE,30.21,"Textbooks, Workbooks"
Male,High School,Medium,Intermediate,Medium,67,69,6.1,Yes,Basic,IB,40.31,"Textbooks, Workbooks"
Female,High School,Medium,Advanced,Medium,54,61,4.5,No,Fluent,ICSE,29.48,"Textbooks, Workbooks"
Male,High School,Medium,Beginner,Low,90,66,4.1,No,Basic,CBSE,41.9,"Textbooks, Workbooks"
Male,High School,Medium,Intermediate,High,79,61,1.0,Yes,Intermediate,ICSE,35.2,"Textbooks, Workbooks"
Male,High School,Low,Beginner,High,39,75,3.5,Yes,Intermediate,IB,28.49,"Textbooks, Workbooks"
Female,Elementary,Medium,Beginner,Low,79,65,5.3,Yes,Fluent,ICSE,34.92,"Textbooks, Workbooks"
Female,Elementary,High,Advanced,Low,71,75,0.8,Yes,Fluent,State Board,31.61,"Textbooks, Workbooks"
Male,Elementary,Low,Beginner,High,81,84,0.7,Yes,Basic,State Board,43.35,"Textbooks, Workbooks"
Female,Elementary,Medium,Intermediate,High,75,69,4.9,No,Basic,CBSE,40.08,"Textbooks, Workbooks"
Male,Elementary,Medium,Advanced,High,69,68,5.6,Yes,Fluent,State Board,34.9,"Textbooks, Workbooks"
Male,High School,Medium,Intermediate,Low,87,91,2.6,No,Fluent,IB,46.58,"Textbooks, Workbooks"
Male,High School,Medium,Beginner,Low,53,91,3.3,No,Intermediate,CBSE,32.73,"Textbooks, Workbooks"
Female,High School,Medium,Beginner,High,98,61,8.0,Yes,Intermediate,IB,50.98,"Educational Apps, Science Kits"
Male,High School,Low,Advanced,Low,69,80,8.7,No,Basic,CBSE,44.19,"Textbooks, Workbooks"
Male,High School,High,Advanced,High,49,62,3.3,Yes,Basic,State Board,28.55,"Textbooks, Workbooks"
Male,Elementary,Medium,Intermediate,Low,58,93,3.6,Yes,Fluent,State Board,33.2,"Textbooks, Workbooks"
Female,Elementary,Medium,Intermediate,High,66,88,8.3,Yes,Basic,IB,40.16,"Textbooks, Workbooks"
Male,Elementary,Medium,Beginner,Low,49,79,9.7,Yes,Fluent,CBSE,34.63,"Textbooks, Workbooks"
Female,High School,Medium,Advanced,Medium,47,82,3.2,No,Fluent,State Board,27.17,"Textbooks, Workbooks"
Male,High School,Medium,Beginner,Medium,33,96,7.9,Yes,Basic,State Board,33.85,"Textbooks, Workbooks"
Female,High School,Medium,Beginner,High,40,67,4.8,Yes,Basic,CBSE,29.56,"Textbooks, Workbooks"
Male,High School,Medium,Intermediate,Low,93,95,2.6,Yes,Basic,ICSE,53.52,"Educational Apps, Science Kits"
Male,Elementary,Medium,Intermediate,Low,81,73,6.8,Yes,Intermediate,ICSE,44.33,"Textbooks, Workbooks"
Female,High School,Low,Intermediate,Low,72,82,4.6,No,Intermediate,State Board,41.68,"Textbooks, Workbooks"
Female,Elementary,Medium,Advanced,High,43,86,2.7,No,Intermediate,IB,27.63,"Textbooks, Workbooks"
Male,High School,High,Intermediate,Medium,74,74,1.1,Yes,Fluent,IB,36.91,"Textbooks, Workbooks"
Female,Elementary,Low,Advanced,Medium,57,94,8.7,Yes,Fluent,CBSE,43.54,"Textbooks, Workbooks"
Male,High School,Low,Beginner,Low,33,81,8.8,No,Intermediate,ICSE,31.46,"Textbooks, Workbooks"
Male,High School,Medium,Advanced,Medium,45,95,0.7,No,Basic,IB,40.61,"Textbooks, Workbooks"
Male,Elementary,High,Intermediate,Medium,67,74,6.6,Yes,Fluent,ICSE,36.53,"Textbooks, Workbooks"
Female,Elementary,High,Advanced,Medium,92,91,1.6,Yes,Basic,State Board,40.14,"Textbooks, Workbooks"
Male,High School,Medium,Advanced,High,52,77,6.5,Yes,Basic,IB,32.11,"Textbooks, Workbooks"
Female,Elementary,High,Intermediate,Low,49,90,9.1,Yes,Fluent,ICSE,45.41,"Textbooks, Workbooks"
Male,High School,Medium,Intermediate,Medium,98,95,2.6,Yes,Fluent,IB,56.61,"Educational Apps, Science Kits"
Female,High School,High,Beginner,High,50,84,3.5,Yes,Basic,ICSE,32.27,"Textbooks, Workbooks"
Female,Elementary,Medium,Advanced,High,71,69,8.0,No,Intermediate,CBSE,42.15,"Textbooks, Workbooks"
Male,High School,Medium,Beginner,High,98,99,7.4,Yes,Fluent,IB,59.78,"Educational Apps, Science Kits"
Female,High School,Medium,Beginner,Low,43,73,4.1,Yes,Fluent,ICSE,34.88,"Textbooks, Workbooks"
Male,Elementary,Medium,Advanced,Medium,99,85,8.5,No,Fluent,CBSE,44.97,"Textbooks, Workbooks"
Male,High School,Medium,Beginner,Low,34,78,9.2,Yes,Intermediate,IB,33.36,"Textbooks, Workbooks"
Male,High School,Medium,Advanced,Low,53,89,4.5,No,Intermediate,ICSE,42.51,"Textbooks, Workbooks"
Male,High School,Medium,Beginner,Medium,58,98,0.4,No,Basic,IB,37.83,"Textbooks, Workbooks"
Male,High School,Medium,Beginner,High,31,71,5.1,Yes,Fluent,IB,18.64,"Textbooks, Workbooks"
Female,Elementary,Low,Advanced,Low,35,90,7.4,Yes,Fluent,CBSE,41.95,"Textbooks, Workbooks"
Male,Elementary,High,Intermediate,Low,63,77,2.2,Yes,Fluent,IB,38.6,"Textbooks, Workbooks"
Female,Elementary,High,Advanced,Medium,51,61,1.0,Yes,Intermediate,ICSE,22.0,"Textbooks, Workbooks"
Female,High School,High,Intermediate,Low,33,73,2.9,Yes,Fluent,IB,23.33,"Textbooks, Workbooks"
Male,Elementary,High,Advanced,Medium,35,79,0.1,Yes,Fluent,IB,28.02,"Textbooks, Workbooks"
Female,Elementary,Medium,Advanced,Low,96,98,7.2,Yes,Basic,CBSE,52.69,"Educational Apps, Science Kits"
Male,Elementary,Medium,Intermediate,Low,92,79,1.5,No,Intermediate,CBSE,50.82,"Educational Apps, Science Kits"
Female,High School,Low,Intermediate,Medium,97,93,7.2,No,Basic,ICSE,57.57,"Educational Apps, Science Kits"
Female,Elementary,Low,Advanced,High,63,93,2.3,Yes,Fluent,State Board,40.41,"Textbooks, Workbooks"
Female,Elementary,Medium,Advanced,Medium,63,96,9.9,Yes,Basic,CBSE,41.76,"Textbooks, Workbooks"
Male,High School,High,Advanced,High,86,62,5.3,No,Fluent,CBSE,44.85,"Textbooks, Workbooks"
Female,High School,Low,Intermediate,Low,66,94,0.4,Yes,Fluent,ICSE,46.98,"Textbooks, Workbooks"
Male,High School,High,Advanced,High,35,92,7.7,No,Basic,State Board,36.21,"Textbooks, Workbooks"
Female,High School,Medium,Intermediate,Medium,74,78,4.1,Yes,Basic,IB,44.21,"Textbooks, Workbooks"
Female,High School,High,Beginner,High,70,90,6.1,Yes,Fluent,IB,37.72,"Textbooks, Workbooks"
Female,High School,Low,Intermediate,Medium,34,81,9.5,Yes,Intermediate,IB,31.22,"Textbooks, Workbooks"
Female,Elementary,Medium,Beginner,Low,89,86,5.2,Yes,Intermediate,ICSE,48.55,"Textbooks, Workbooks"
Male,Elementary,High,Advanced,Low,96,97,8.0,No,Basic,ICSE,55.21,"Educational Apps, Science Kits"
Male,High School,Medium,Advanced,Medium,46,87,3.0,Yes,Intermediate,ICSE,36.6,"Textbooks, Workbooks"
Female,High School,Medium,Intermediate,Low,94,80,7.1,Yes,Intermediate,CBSE,45.92,"Textbooks, Workbooks"
Female,Elementary,Low,Beginner,High,84,79,1.0,Yes,Fluent,ICSE,43.13,"Textbooks, Workbooks"
Male,High School,Low,Advanced,Low,38,97,8.9,Yes,Basic,State Board,36.85,"Textbooks, Workbooks"
Male,High School,Medium,Advanced,Medium,33,72,2.0,Yes,Basic,CBSE,30.48,"Textbooks, Workbooks"
Male,Elementary,Medium,Beginner,Low,71,88,3.0,No,Basic,IB,41.92,"Textbooks, Workbooks"
Male,High School,Medium,Advanced,Low,75,80,9.6,No,Basic,CBSE,44.11,"Textbooks, Workbooks"
Female,High School,Medium,Advanced,Medium,30,92,1.6,No,Fluent,CBSE,17.93,"Textbooks, Workbooks"
Female,Elementary,Low,Intermediate,Medium,46,91,2.5,Yes,Fluent,CBSE,32.0,"Textbooks, Workbooks"
Male,Elementary,High,Advanced,High,36,87,5.8,Yes,Intermediate,ICSE,31.52,"Textbooks, Workbooks"
Male,Elementary,High,Beginner,Low,34,73,9.8,Yes,Basic,State Board,31.25,"Textbooks, Workbooks"
Male,Elementary,Low,Advanced,High,81,81,6.9,Yes,Fluent,ICSE,51.63,"Educational Apps, Science Kits"
Male,Elementary,Medium,Intermediate,Medium,82,96,1.1,Yes,Fluent,IB,47.14,"Textbooks, Workbooks"
Male,High School,Low,Advanced,High,32,93,7.5,Yes,Basic,CBSE,30.31,"Textbooks, Workbooks"
Male,High School,High,Beginner,Low,91,76,4.3,Yes,Intermediate,CBSE,44.25,"Textbooks, Workbooks"
Female,High School,High,Advanced,High,61,92,9.9,No,Intermediate,CBSE,44.68,"Textbooks, Workbooks"
Female,High School,High,Beginner,Medium,31,92,6.3,Yes,Fluent,State Board,26.43,"Textbooks, Workbooks"
Female,High School,Medium,Intermediate,Medium,82,97,5.3,Yes,Fluent,CBSE,47.0,"Textbooks, Workbooks"
Male,Elementary,Medium,Advanced,Low,41,85,5.6,Yes,Basic,ICSE,32.48,"Textbooks, Workbooks"
Male,High School,Low,Advanced,Medium,34,98,6.4,Yes,Basic,State Board,29.96,"Textbooks, Workbooks"
Male,High School,Medium,Intermediate,Low,33,66,7.3,No,Intermediate,State Board,27.12,"Textbooks, Workbooks"
Female,High School,Medium,Beginner,Medium,85,84,0.8,No,Fluent,CBSE,39.49,"Textbooks, Workbooks"
Male,High School,Low,Beginner,Medium,93,89,1.3,Yes,Intermediate,State Board,57.51,"Educational Apps, Science Kits"
Male,High School,High,Advanced,High,74,92,3.0,Yes,Intermediate,ICSE,49.56,"Textbooks, Workbooks"
Female,Elementary,Medium,Beginner,High,89,98,4.8,No,Intermediate,IB,48.77,"Textbooks, Workbooks"
Male,High School,High,Beginner,Low,49,87,3.1,Yes,Intermediate,IB,29.21,"Textbooks, Workbooks"
Female,High School,Medium,Advanced,Medium,82,77,2.1,No,Fluent,State Board,29.55,"Textbooks, Workbooks"
Female,High School,High,Beginner,Medium,45,69,9.3,Yes,Intermediate,ICSE,28.29,"Textbooks, Workbooks"
Male,High School,High,Beginner,High,59,61,0.3,Yes,Fluent,State Board,34.06,"Textbooks, Workbooks"
Female,High School,High,Advanced,High,49,73,9.4,No,Fluent,ICSE,35.78,"Textbooks, Workbooks"
Male,High School,High,Advanced,High,81,72,9.1,Yes,Basic,CBSE,47.7,"Textbooks, Workbooks"
Female,Elementary,High,Beginner,High,65,60,6.8,Yes,Intermediate,CBSE,39.7,"Textbooks, Workbooks"
Male,High School,Medium,Advanced,High,51,91,0.3,Yes,Intermediate,CBSE,30.59,"Textbooks, Workbooks"
Female,Elementary,Low,Beginner,High,30,84,2.3,Yes,Fluent,CBSE,30.66,"Textbooks, Workbooks"
Male,Elementary,Medium,Beginner,Medium,50,69,9.8,Yes,Intermediate,IB,38.45,"Textbooks, Workbooks"
Female,High School,High,Beginner,High,77,74,9.1,No,Intermediate,CBSE,44.79,"Textbooks, Workbooks"
Female,High School,High,Beginner,High,34,88,9.6,Yes,Intermediate,CBSE,33.61,"Textbooks, Workbooks"
Female,High School,Medium,Advanced,Low,69,76,10.0,No,Basic,ICSE,48.66,"Textbooks, Workbooks"
Male,Elementary,Medium,Advanced,Low,74,99,0.6,Yes,Fluent,State Board,45.01,"Textbooks, Workbooks"
Male,High School,Medium,Intermediate,Low,60,82,5.7,Yes,Fluent,IB,32.28,"Textbooks, Workbooks"
Female,High School,High,Advanced,High,44,66,8.3,Yes,Basic,ICSE,37.79,"Textbooks, Workbooks"
Male,High School,Low,Intermediate,Medium,87,95,3.2,Yes,Fluent,State Board,48.74,"Textbooks, Workbooks"
Female,Elementary,Medium,Beginner,Low,82,65,4.4,No,Intermediate,CBSE,40.08,"Textbooks, Workbooks"
Male,Elementary,Medium,Advanced,High,74,61,2.8,Yes,Intermediate,State Board,33.47,"Textbooks, Workbooks"
Female,High School,Low,Beginner,Low,96,91,0.4,Yes,Intermediate,IB,46.52,"Textbooks, Workbooks"
Male,Elementary,Low,Intermediate,High,71,64,0.7,Yes,Basic,CBSE,34.84,"Textbooks, Workbooks"
Female,High School,Medium,Advanced,High,53,78,0.2,Yes,Basic,CBSE,27.02,"Textbooks, Workbooks"
Female,Elementary,High,Advanced,High,67,61,5.3,Yes,Basic,State Board,38.24,"Textbooks, Workbooks"
Female,High School,Low,Advanced,Low,80,82,6.2,Yes,Intermediate,IB,40.56,"Textbooks, Workbooks"
Female,Elementary,Medium,Advanced,High,53,99,3.1,Yes,Fluent,ICSE,26.6,"Textbooks, Workbooks"
Male,High School,High,Beginner,Medium,62,63,8.3,Yes,Basic,State Board,38.36,"Textbooks, Workbooks"
Female,High School,High,Advanced,Medium,48,63,8.9,Yes,Intermediate,State Board,36.15,"Textbooks, Workbooks"
Male,Elementary,High,Intermediate,Medium,54,70,1.4,Yes,Intermediate,ICSE,34.51,"Textbooks, Workbooks"
Male,Elementary,Medium,Advanced,Medium,99,79,0.5,Yes,Intermediate,CBSE,51.51,"Educational Apps, Science Kits"
Female,Elementary,High,Intermediate,High,78,73,3.2,Yes,Intermediate,State Board,34.04,"Textbooks, Workbooks"
Male,Elementary,Low,Intermediate,Medium,46,94,7.1,Yes,Fluent,ICSE,37.86,"Textbooks, Workbooks"
Male,Elementary,High,Beginner,High,50,73,5.1,Yes,Intermediate,State Board,36.85,"Textbooks, Workbooks"
Male,High School,Medium,Advanced,Low,72,62,4.9,No,Intermediate,IB,38.66,"Textbooks, Workbooks"
Female,High School,Medium,Intermediate,Medium,51,74,1.5,Yes,Fluent,State Board,30.33,"Textbooks, Workbooks"
Male,Elementary,Medium,Advanced,Medium,92,80,3.5,Yes,Fluent,ICSE,48.95,"Textbooks, Workbooks"
Male,High School,Low,Beginner,Medium,53,61,9.6,Yes,Intermediate,State Board,40.46,"Textbooks, Workbooks"
Female,High School,High,Beginner,High,62,80,3.4,Yes,Basic,State Board,36.9,"Textbooks, Workbooks"
Female,Elementary,Medium,Advanced,High,96,69,5.9,Yes,Basic,State Board,49.6,"Textbooks, Workbooks"
Male,High School,Medium,Intermediate,Medium,46,86,0.6,Yes,Intermediate,IB,27.29,"Textbooks, Workbooks"
Female,High School,Low,Beginner,High,77,78,0.6,Yes,Fluent,IB,35.82,"Textbooks, Workbooks"
Male,Elementary,Medium,Intermediate,Medium,73,71,4.2,Yes,Intermediate,IB,33.34,"Textbooks, Workbooks"
Male,Elementary,High,Intermediate,Low,54,75,6.0,No,Intermediate,CBSE,27.86,"Textbooks, Workbooks"
Male,High School,High,Advanced,Medium,89,67,3.7,Yes,Fluent,IB,46.23,"Textbooks, Workbooks"
Female,Elementary,High,Beginner,Medium,58,96,1.8,Yes,Fluent,State Board,36.22,"Textbooks, Workbooks"
Male,High School,Medium,Advanced,High,41,84,7.4,Yes,Basic,State Board,33.21,"Textbooks, Workbooks"
Female,Elementary,Low,Advanced,Low,38,83,1.4,Yes,Basic,IB,30.65,"Textbooks, Workbooks"
Female,Elementary,Medium,Advanced,Medium,82,99,6.7,Yes,Intermediate,ICSE,57.1,"Educational Apps, Science Kits"
Male,Elementary,Medium,Intermediate,Low,90,77,9.6,Yes,Fluent,CBSE,51.24,"Educational Apps, Science Kits"
Female,Elementary,Low,Advanced,Low,60,80,4.7,Yes,Intermediate,State Board,32.24,"Textbooks, Workbooks"
Female,High School,High,Beginner,Medium,77,67,2.0,Yes,Intermediate,ICSE,38.77,"Textbooks, Workbooks"
Female,Elementary,Medium,Intermediate,Low,76,78,8.4,Yes,Fluent,IB,48.93,"Textbooks, Workbooks"
Female,Elementary,Low,Advanced,High,62,89,5.1,No,Basic,State Board,32.48,"Textbooks, Workbooks"
Female,High School,Medium,Beginner,Medium,96,86,9.2,Yes,Intermediate,CBSE,58.95,"Educational Apps, Science Kits"
Male,High School,Medium,Advanced,Low,93,95,7.2,Yes,Fluent,ICSE,49.01,"Textbooks, Workbooks"
Female,High School,High,Advanced,Medium,46,95,4.3,No,Basic,ICSE,40.67,"Textbooks, Workbooks"
Male,High School,Medium,Advanced,Low,73,85,6.2,No,Basic,CBSE,43.09,"Textbooks, Workbooks"
Male,Elementary,Medium,Intermediate,High,34,79,1.7,Yes,Fluent,CBSE,21.98,"Textbooks, Workbooks"
Male,High School,Low,Advanced,Low,91,73,3.9,Yes,Fluent,IB,48.09,"Textbooks, Workbooks"
Male,Elementary,High,Beginner,Low,92,92,5.9,No,Fluent,ICSE,48.04,"Textbooks, Workbooks"
Male,High School,High,Advanced,Medium,68,68,5.9,Yes,Intermediate,ICSE,29.15,"Textbooks, Workbooks"
Male,Elementary,Medium,Advanced,High,71,82,5.9,No,Intermediate,State Board,41.1,"Textbooks, Workbooks"
Female,High School,Low,Intermediate,High,50,89,7.4,Yes,Fluent,ICSE,44.54,"Textbooks, Workbooks"
Female,Elementary,Medium,Advanced,Low,76,87,1.1,No,Intermediate,CBSE,37.48,"Textbooks, Workbooks"
Female,Elementary,Medium,Beginner,Low,57,90,0.7,Yes,Intermediate,IB,27.42,"Textbooks, Workbooks"
Male,High School,High,Beginner,Medium,50,85,1.5,No,Fluent,IB,27.63,"Textbooks, Workbooks"
Female,Elementary,High,Advanced,High,57,95,7.9,Yes,Intermediate,ICSE,38.97,"Textbooks, Workbooks"
Female,Elementary,High,Beginner,Medium,48,95,0.6,Yes,Fluent,ICSE,38.62,"Textbooks, Workbooks"
Female,Elementary,Low,Beginner,Medium,92,70,2.3,Yes,Intermediate,IB,36.95,"Textbooks, Workbooks"
Male,Elementary,High,Advanced,Low,81,71,2.5,Yes,Fluent,CBSE,39.59,"Textbooks, Workbooks"
Female,High School,Medium,Beginner,Low,67,61,6.5,Yes,Intermediate,State Board,32.4,"Textbooks, Workbooks"
Male,Elementary,High,Beginner,Medium,75,99,4.0,No,Basic,IB,46.75,"Textbooks, Workbooks"
Female,Elementary,Medium,Advanced,Low,53,63,2.0,Yes,Basic,CBSE,34.26,"Textbooks, Workbooks"
Male,High School,Medium,Intermediate,Low,74,91,4.5,Yes,Fluent,State Board,45.32,"Textbooks, Workbooks"
Male,High School,Medium,Intermediate,Low,38,93,6.9,Yes,Intermediate,CBSE,34.62,"Textbooks, Workbooks"
Male,High School,Low,Advanced,Medium,38,64,7.9,No,Fluent,CBSE,25.04,"Textbooks, Workbooks"
Female,Elementary,Medium,Intermediate,Low,50,64,1.2,Yes,Basic,ICSE,26.52,"Textbooks, Workbooks"
Female,Elementary,High,Intermediate,Medium,53,63,7.1,Yes,Basic,State Board,34.27,"Textbooks, Workbooks"
Male,High School,Low,Intermediate,High,93,71,0.0,Yes,Basic,State Board,48.64,"Textbooks, Workbooks"
Female,Elementary,Low,Intermediate,Low,69,94,7.2,No,Basic,State Board,39.54,"Textbooks, Workbooks"
Male,High School,Low,Advanced,Medium,81,96,6.6,Yes,Basic,IB,45.37,"Textbooks, Workbooks"
Male,Elementary,Medium,Intermediate,High,33,93,4.7,Yes,Intermediate,CBSE,31.47,"Textbooks, Workbooks"
Female,High School,High,Intermediate,Medium,32,87,1.4,Yes,Fluent,IB,31.64,"Textbooks, Workbooks"
Female,Elementary,Low,Advanced,Low,42,66,7.6,Yes,Fluent,CBSE,28.53,"Textbooks, Workbooks"
Female,High School,Low,Advanced,Low,50,99,0.7,No,Intermediate,ICSE,43.01,"Textbooks, Workbooks"
Male,Elementary,High,Intermediate,Medium,37,70,9.0,Yes,Intermediate,IB,28.83,"Textbooks, Workbooks"
Male,High School,High,Beginner,Medium,30,91,7.7,Yes,Fluent,CBSE,26.89,"Textbooks, Workbooks"
Female,Elementary,Low,Advanced,Low,43,91,7.4,Yes,Basic,CBSE,34.15,"Textbooks, Workbooks"
Male,Elementary,High,Advanced,High,65,90,7.5,Yes,Intermediate,CBSE,39.38,"Textbooks, Workbooks"
Female,Elementary,Medium,Intermediate,High,51,79,0.7,Yes,Intermediate,CBSE,31.37,"Textbooks, Workbooks"
Male,High School,High,Beginner,Low,65,65,9.9,No,Fluent,CBSE,44.19,"Textbooks, Workbooks"
Female,Elementary,Medium,Advanced,High,74,77,8.6,Yes,Basic,ICSE,47.81,"Textbooks, Workbooks"
Female,Elementary,High,Advanced,Low,45,80,5.1,Yes,Intermediate,IB,35.83,"Textbooks, Workbooks"
Male,Elementary,Low,Advanced,Medium,40,62,7.2,Yes,Intermediate,ICSE,28.15,"Textbooks, Workbooks"
Female,High School,Medium,Beginner,Low,96,87,7.4,No,Basic,State Board,53.04,"Educational Apps, Science Kits"
Female,Elementary,Medium,Advanced,Medium,54,87,8.3,Yes,Intermediate,ICSE,32.98,"Textbooks, Workbooks"
Male,High School,Medium,Advanced,Low,96,91,2.6,Yes,Fluent,IB,45.01,"Textbooks, Workbooks"
Female,Elementary,High,Beginner,Medium,60,98,3.7,Yes,Fluent,ICSE,43.5,"Textbooks, Workbooks"
Male,High School,Medium,Advanced,Low,94,83,8.0,Yes,Basic,State Board,50.98,"Educational Apps, Science Kits"
Female,High School,Low,Beginner,High,40,66,7.7,No,Fluent,CBSE,30.53,"Textbooks, Workbooks"
Male,Elementary,Medium,Beginner,Low,67,78,5.2,Yes,Intermediate,IB,41.2,"Textbooks, Workbooks"
Female,High School,Medium,Beginner,Low,31,60,4.0,Yes,Fluent,IB,14.75,"Textbooks, Workbooks"
Female,High School,High,Intermediate,Low,83,92,9.7,Yes,Basic,ICSE,52.35,"Educational Apps, Science Kits"
Female,Elementary,Medium,Advanced,Low,36,92,4.2,Yes,Fluent,IB,28.94,"Textbooks, Workbooks"
Female,High School,Medium,Advanced,High,78,70,7.6,Yes,Intermediate,State Board,47.3,"Textbooks, Workbooks"
Male,High School,High,Advanced,High,69,82,4.1,No,Intermediate,State Board,39.63,"Textbooks, Workbooks"
Male,High School,High,Beginner,High,74,87,3.1,Yes,Fluent,State Board,37.7,"Textbooks, Workbooks"
Male,High School,Medium,Intermediate,High,83,76,6.4,Yes,Basic,IB,44.6,"Textbooks, Workbooks"
Male,Elementary,Medium,Beginner,Low,90,69,8.1,No,Basic,State Board,43.14,"Textbooks, Workbooks"
Male,High School,High,Advanced,Low,33,67,9.8,No,Fluent,ICSE,35.8,"Textbooks, Workbooks"
Male,High School,High,Beginner,Medium,63,68,1.5,Yes,Basic,IB,35.13,"Textbooks, Workbooks"
Male,Elementary,High,Intermediate,High,37,78,8.8,Yes,Intermediate,CBSE,37.21,"Textbooks, Workbooks"
Female,Elementary,High,Advanced,Medium,61,67,5.2,Yes,Basic,ICSE,39.49,"Textbooks, Workbooks"
Female,High School,High,Beginner,Medium,47,64,1.1,Yes,Fluent,CBSE,24.05,"Textbooks, Workbooks"
Female,Elementary,High,Intermediate,Low,69,73,7.9,Yes,Intermediate,State Board,42.44,"Textbooks, Workbooks"
Female,Elementary,High,Beginner,Low,85,92,3.3,Yes,Intermediate,ICSE,47.93,"Textbooks, Workbooks"
Male,Elementary,Low,Beginner,Medium,66,97,8.7,Yes,Fluent,IB,48.32,"Textbooks, Workbooks"
Male,Elementary,Medium,Advanced,High,84,71,1.6,Yes,Basic,CBSE,44.07,"Textbooks, Workbooks"
Male,Elementary,Medium,Intermediate,Low,65,62,7.1,Yes,Basic,CBSE,36.01,"Textbooks, Workbooks"
Female,Elementary,Medium,Beginner,High,39,99,3.0,Yes,Intermediate,State Board,34.58,"Textbooks, Workbooks"
Male,Elementary,High,Intermediate,High,99,88,2.6,Yes,Intermediate,ICSE,51.28,"Educational Apps, Science Kits"
Female,Elementary,High,Advanced,High,92,81,0.5,Yes,Fluent,ICSE,40.89,"Textbooks, Workbooks"
Male,Elementary,High,Advanced,High,63,93,4.8,No,Basic,CBSE,37.95,"Textbooks, Workbooks"
Male,High School,High,Advanced,Low,46,65,3.9,Yes,Intermediate,CBSE,31.97,"Textbooks, Workbooks"
Male,High School,Medium,Intermediate,High,90,94,0.6,Yes,Basic,CBSE,45.81,"Textbooks, Workbooks"
Male,High School,High,Intermediate,Medium,47,98,2.3,No,Fluent,IB,33.54,"Textbooks, Workbooks"
Female,High School,Medium,Beginner,High,90,75,4.9,Yes,Intermediate,CBSE,43.72,"Textbooks, Workbooks"
Female,High School,Medium,Intermediate,Low,65,90,8.1,Yes,Fluent,State Board,47.81,"Textbooks, Workbooks"
Male,Elementary,Low,Advanced,Medium,82,74,9.3,Yes,Basic,IB,52.96,"Educational Apps, Science Kits"
Female,Elementary,High,Beginner,Low,62,60,5.2,Yes,Basic,State Board,32.47,"Textbooks, Workbooks"
Male,High School,Medium,Intermediate,Low,52,79,4.0,Yes,Intermediate,ICSE,37.23,"Textbooks, Workbooks"
Male,High School,High,Advanced,High,93,82,9.5,No,Intermediate,ICSE,55.25,"Educational Apps, Science Kits"
Male,Elementary,Medium,Advanced,High,67,79,9.6,Yes,Fluent,State Board,41.33,"Textbooks, Workbooks"
Male,High School,Medium,Beginner,Medium,98,91,1.9,Yes,Intermediate,CBSE,47.17,"Textbooks, Workbooks"
Female,Elementary,Medium,Advanced,Medium,59,84,5.3,No,Basic,CBSE,41.0,"Textbooks, Workbooks"
Male,High School,Medium,Intermediate,High,45,67,8.2,Yes,Intermediate,CBSE,25.83,"Textbooks, Workbooks"
Male,Elementary,High,Advanced,Medium,83,92,8.2,Yes,Basic,CBSE,40.97,"Textbooks, Workbooks"
Female,High School,Low,Beginner,High,88,89,6.8,Yes,Intermediate,ICSE,55.07,"Educational Apps, Science Kits"
Male,Elementary,High,Advanced,Medium,35,62,4.7,No,Fluent,IB,26.12,"Textbooks, Workbooks"
Female,High School,High,Advanced,Medium,34,83,4.0,Yes,Fluent,ICSE,30.31,"Textbooks, Workbooks"
Male,High School,High,Intermediate,High,30,71,8.1,Yes,Basic,State Board,38.84,"Textbooks, Workbooks"
Male,Elementary,Medium,Intermediate,Medium,43,90,2.3,No,Fluent,CBSE,32.19,"Textbooks, Workbooks"
Male,Elementary,High,Intermediate,Medium,60,66,4.3,Yes,Intermediate,ICSE,36.4,"Textbooks, Workbooks"
Male,High School,Medium,Intermediate,High,80,99,5.7,No,Basic,ICSE,47.05,"Textbooks, Workbooks"
Male,High School,Low,Advanced,High,48,76,8.3,Yes,Intermediate,State Board,33.75,"Textbooks, Workbooks"
Male,Elementary,Medium,Intermediate,High,61,69,3.7,No,Basic,CBSE,30.05,"Textbooks, Workbooks"
Female,Elementary,High,Advanced,Medium,86,74,5.5,No,Basic,CBSE,48.04,"Textbooks, Workbooks"
Male,Elementary,Low,Intermediate,Medium,60,80,2.8,Yes,Basic,IB,36.17,"Textbooks, Workbooks"
Female,High School,Medium,Intermediate,Low,87,80,8.4,Yes,Fluent,CBSE,45.39,"Textbooks, Workbooks"
Female,High School,Low,Intermediate,Low,55,88,7.9,No,Fluent,State Board,43.64,"Textbooks, Workbooks"
Male,Elementary,Medium,Advanced,High,77,60,8.2,Yes,Fluent,State Board,40.38,"Textbooks, Workbooks"
Female,High School,Low,Intermediate,Low,70,80,0.6,Yes,Basic,ICSE,37.63,"Textbooks, Workbooks"
Male,High School,High,Advanced,Medium,54,64,4.9,Yes,Fluent,IB,35.14,"Textbooks, Workbooks"
Female,Elementary,Medium,Intermediate,High,76,74,1.4,Yes,Fluent,IB,39.87,"Textbooks, Workbooks"
Male,High School,High,Intermediate,High,83,85,6.7,Yes,Basic,CBSE,46.72,"Textbooks, Workbooks"
Female,Elementary,Medium,Beginner,Low,86,70,3.1,Yes,Fluent,CBSE,37.41,"Textbooks, Workbooks"
Female,Elementary,High,Intermediate,Medium,90,80,7.7,No,Basic,IB,50.8,"Educational Apps, Science Kits"
Male,High School,Medium,Advanced,High,33,65,0.7,Yes,Fluent,State Board,26.61,"Textbooks, Workbooks"
Female,High School,Medium,Beginner,Medium,60,63,5.1,Yes,Basic,CBSE,30.05,"Textbooks, Workbooks"
Male,Elementary,Medium,Advanced,High,96,80,1.2,Yes,Basic,State Board,40.84,"Textbooks, Workbooks"
Male,Elementary,Medium,Advanced,High,70,76,5.6,No,Basic,CBSE,46.88,"Textbooks, Workbooks"
Male,Elementary,High,Beginner,Medium,55,90,6.1,No,Fluent,CBSE,34.36,"Textbooks, Workbooks"
Male,High School,Medium,Intermediate,Medium,97,82,4.6,No,Basic,IB,47.57,"Textbooks, Workbooks"
Male,Elementary,High,Beginner,Medium,95,91,2.8,No,Basic,CBSE,47.95,"Textbooks, Workbooks"
Female,Elementary,High,Advanced,Medium,48,95,0.3,No,Intermediate,CBSE,35.56,"Textbooks, Workbooks"
Female,Elementary,Low,Intermediate,Medium,54,93,6.6,No,Intermediate,CBSE,33.12,"Textbooks, Workbooks"
Female,Elementary,Medium,Beginner,High,76,65,8.7,Yes,Basic,State Board,42.28,"Textbooks, Workbooks"
Male,High School,Low,Advanced,High,37,97,7.3,Yes,Basic,IB,29.8,"Textbooks, Workbooks"
Female,High School,Medium,Intermediate,Low,32,81,8.9,No,Fluent,ICSE,40.21,"Textbooks, Workbooks"
Female,Elementary,Medium,Advanced,High,62,92,9.3,Yes,Fluent,IB,41.25,"Textbooks, Workbooks"
Female,High School,High,Intermediate,Medium,57,70,4.5,No,Basic,State Board,30.37,"Textbooks, Workbooks"
Female,High School,Low,Intermediate,High,51,82,7.0,Yes,Fluent,IB,33.53,"Textbooks, Workbooks"
Female,High School,Low,Beginner,Low,59,95,4.0,Yes,Fluent,CBSE,38.07,"Textbooks, Workbooks"
Male,Elementary,Low,Intermediate,Low,76,87,9.2,No,Basic,IB,48.15,"Textbooks, Workbooks"
Male,High School,Medium,Advanced,Medium,65,78,5.6,Yes,Fluent,State Board,42.3,"Textbooks, Workbooks"
Female,High School,High,Intermediate,Medium,88,72,7.5,Yes,Intermediate,CBSE,44.27,"Textbooks, Workbooks"
Male,Elementary,High,Advanced,Low,43,72,0.1,Yes,Fluent,CBSE,23.26,"Textbooks, Workbooks"
Male,Elementary,High,Intermediate,High,43,67,5.8,Yes,Fluent,ICSE,21.72,"Textbooks, Workbooks"
Female,High School,High,Intermediate,Medium,85,72,7.4,Yes,Basic,CBSE,42.0,"Textbooks, Workbooks"
Female,High School,Medium,Beginner,High,53,94,2.6,No,Fluent,IB,32.94,"Textbooks, Workbooks"
Male,Elementary,Low,Intermediate,Medium,78,86,0.1,No,Intermediate,CBSE,46.85,"Textbooks, Workbooks"
Female,Elementary,Low,Intermediate,Low,72,70,7.4,Yes,Basic,IB,42.15,"Textbooks, Workbooks"
Male,Elementary,High,Advanced,Medium,32,80,3.4,Yes,Intermediate,State Board,25.39,"Textbooks, Workbooks"
Male,Elementary,High,Advanced,High,52,67,4.3,Yes,Fluent,State Board,38.49,"Textbooks, Workbooks"
Female,High School,Medium,Advanced,Medium,49,85,5.6,Yes,Basic,IB,34.06,"Textbooks, Workbooks"
Male,Elementary,Medium,Intermediate,Low,44,89,1.1,No,Basic,IB,26.92,"Textbooks, Workbooks"
Male,High School,Medium,Advanced,High,72,81,1.0,Yes,Basic,CBSE,34.96,"Textbooks, Workbooks"
Male,High School,High,Advanced,Low,62,98,9.6,Yes,Intermediate,ICSE,40.38,"Textbooks, Workbooks"
Female,High School,Low,Intermediate,Medium,84,69,3.4,No,Basic,ICSE,39.0,"Textbooks, Workbooks"
Female,Elementary,High,Advanced,Medium,70,85,2.6,Yes,Fluent,IB,39.88,"Textbooks, Workbooks"
Female,Elementary,Medium,Beginner,Medium,47,86,0.5,Yes,Basic,State Board,29.61,"Textbooks, Workbooks"
Female,High School,Low,Beginner,Low,32,81,1.7,Yes,Basic,CBSE,29.95,"Textbooks, Workbooks"
Male,High School,High,Advanced,High,32,72,4.3,No,Fluent,State Board,27.65,"Textbooks, Workbooks"
Female,High School,Medium,Advanced,High,45,98,3.4,Yes,Basic,CBSE,38.28,"Textbooks, Workbooks"
Female,High School,High,Advanced,Medium,72,66,4.2,Yes,Basic,State Board,44.27,"Textbooks, Workbooks"
Female,High School,High,Intermediate,Low,52,71,7.0,No,Intermediate,IB,38.19,"Textbooks, Workbooks"
Female,Elementary,Medium,Beginner,Low,44,72,6.4,Yes,Fluent,State Board,28.44,"Textbooks, Workbooks"
Male,Elementary,High,Beginner,Low,87,71,4.9,Yes,Fluent,State Board,44.17,"Textbooks, Workbooks"
Male,Elementary,Medium,Advanced,Medium,69,71,8.1,Yes,Basic,ICSE,46.31,"Textbooks, Workbooks"
Male,High School,Medium,Advanced,Medium,67,97,8.6,Yes,Intermediate,IB,51.81,"Educational Apps, Science Kits"
Female,High School,High,Intermediate,Low,35,62,5.9,Yes,Intermediate,State Board,27.79,"Textbooks, Workbooks"
Female,Elementary,Medium,Intermediate,Medium,75,67,1.2,Yes,Intermediate,CBSE,45.64,"Textbooks, Workbooks"
Male,Elementary,Low,Beginner,High,35,90,4.1,Yes,Intermediate,State Board,28.33,"Textbooks, Workbooks"
Female,High School,High,Intermediate,High,49,72,6.3,Yes,Intermediate,CBSE,35.29,"Textbooks, Workbooks"
Female,Elementary,Medium,Beginner,Medium,48,67,0.6,Yes,Fluent,State Board,21.91,"Textbooks, Workbooks"
Male,Elementary,High,Advanced,High,43,96,0.2,No,Basic,CBSE,31.21,"Textbooks, Workbooks"
Male,Elementary,High,Advanced,Medium,94,83,9.5,Yes,Fluent,IB,56.2,"Educational Apps, Science Kits"
Female,High School,Medium,Beginner,Medium,58,87,7.3,Yes,Fluent,CBSE,45.53,"Textbooks, Workbooks"
Female,High School,Medium,Advanced,High,60,63,1.5,No,Fluent,State Board,20.39,"Textbooks, Workbooks"
Female,Elementary,Medium,Intermediate,High,54,75,4.5,Yes,Intermediate,ICSE,28.24,"Textbooks, Workbooks"
Male,High School,Medium,Advanced,Medium,75,77,1.9,Yes,Intermediate,State Board,37.48,"Textbooks, Workbooks"
Male,Elementary,High,Advanced,Medium,81,63,0.1,Yes,Fluent,CBSE,28.08,"Textbooks, Workbooks"
Male,Elementary,High,Beginner,High,45,99,3.9,Yes,Fluent,State Board,35.59,"Textbooks, Workbooks"
Male,High School,Low,Intermediate,Medium,40,92,6.5,Yes,Basic,State Board,41.33,"Textbooks, Workbooks"
Female,High School,Medium,Intermediate,Medium,47,86,9.5,Yes,Intermediate,State Board,36.63,"Textbooks, Workbooks"
Male,High School,High,Advanced,High,85,95,7.7,No,Basic,IB,54.18,"Educational Apps, Science Kits"
Male,Elementary,Medium,Advanced,Low,85,63,2.3,Yes,Basic,IB,40.83,"Textbooks, Workbooks"
Female,Elementary,High,Intermediate,Medium,86,95,3.4,Yes,Intermediate,IB,43.86,"Textbooks, Workbooks"
Female,Elementary,High,Intermediate,High,98,72,5.2,Yes,Basic,State Board,44.14,"Textbooks, Workbooks"
Female,High School,Medium,Beginner,Medium,95,73,1.9,No,Intermediate,ICSE,48.28,"Textbooks, Workbooks"
Male,Elementary,Medium,Advanced,Low,45,96,8.3,Yes,Basic,ICSE,40.72,"Textbooks, Workbooks"
Female,Elementary,High,Advanced,Medium,35,65,1.7,Yes,Basic,IB,24.16,"Textbooks, Workbooks"
Female,Elementary,Medium,Intermediate,Low,81,73,2.9,No,Intermediate,State Board,42.5,"Textbooks, Workbooks"
Male,Elementary,Medium,Beginner,Medium,84,62,5.8,Yes,Fluent,CBSE,50.92,"Educational Apps, Science Kits"
Male,High School,High,Intermediate,Low,78,84,1.2,No,Fluent,IB,47.45,"Textbooks, Workbooks"
Female,High School,High,Advanced,Medium,85,93,6.2,Yes,Fluent,State Board,43.62,"Textbooks, Workbooks"
Male,High School,Medium,Advanced,Medium,70,65,9.4,Yes,Fluent,ICSE,35.52,"Textbooks, Workbooks"
Female,Elementary,Low,Advanced,Medium,85,99,6.9,No,Intermediate,IB,53.45,"Educational Apps, Science Kits"
Female,Elementary,Medium,Advanced,Medium,92,60,8.1,No,Basic,ICSE,40.89,"Textbooks, Workbooks"
Male,Elementary,Medium,Beginner,Low,57,67,4.4,Yes,Intermediate,IB,35.54,"Textbooks, Workbooks"
Female,High School,Medium,Advanced,Medium,60,76,3.7,No,Intermediate,IB,40.09,"Textbooks, Workbooks"
Male,High School,Medium,Intermediate,Medium,84,72,3.3,No,Intermediate,ICSE,39.7,"Textbooks, Workbooks"
Male,High School,Low,Beginner,Low,81,78,6.6,Yes,Basic,CBSE,45.31,"Textbooks, Workbooks"
Male,High School,Medium,Beginner,High,95,94,5.2,No,Fluent,ICSE,54.33,"Educational Apps, Science Kits"
Female,High School,Medium,Advanced,High,75,92,4.7,Yes,Intermediate,State Board,42.3,"Textbooks, Workbooks"
Male,Elementary,Medium,Beginner,Low,33,92,1.0,No,Intermediate,State Board,30.98,"Textbooks, Workbooks"
Male,High School,Medium,Advanced,Low,51,98,6.7,Yes,Basic,CBSE,37.89,"Textbooks, Workbooks"
Female,High School,Medium,Beginner,Low,74,97,7.3,Yes,Basic,IB,48.77,"Textbooks, Workbooks"
Female,High School,High,Beginner,Medium,57,97,2.0,Yes,Intermediate,ICSE,30.52,"Textbooks, Workbooks"
Female,Elementary,Low,Intermediate,Low,39,68,7.6,No,Basic,State Board,30.93,"Textbooks, Workbooks"
Female,High School,Medium,Intermediate,Low,95,96,8.8,Yes,Intermediate,IB,57.15,"Educational Apps, Science Kits"
Male,High School,High,Intermediate,Medium,78,60,1.7,Yes,Intermediate,IB,34.7,"Textbooks, Workbooks"
Male,High School,Medium,Beginner,High,80,95,4.5,Yes,Intermediate,ICSE,43.32,"Textbooks, Workbooks"
Male,Elementary,High,Intermediate,Medium,72,97,8.8,Yes,Basic,State Board,51.74,"Educational Apps, Science Kits"
Female,Elementary,Low,Intermediate,High,35,61,4.9,Yes,Fluent,State Board,28.8,"Textbooks, Workbooks"
Female,High School,Medium,Intermediate,Low,54,69,8.2,Yes,Intermediate,IB,36.97,"Textbooks, Workbooks"
Male,High School,Medium,Beginner,Low,33,82,2.2,Yes,Intermediate,State Board,28.89,"Textbooks, Workbooks"
Female,High School,Low,Advanced,Low,53,68,0.6,Yes,Intermediate,IB,22.68,"Textbooks, Workbooks"
Female,High School,Medium,Intermediate,High,85,70,0.6,Yes,Intermediate,CBSE,40.76,"Textbooks, Workbooks"
Male,Elementary,Medium,Beginner,Medium,84,95,9.7,No,Intermediate,CBSE,48.29,"Textbooks, Workbooks"
Male,High School,Medium,Beginner,Medium,83,97,1.6,Yes,Fluent,IB,45.01,"Textbooks, Workbooks"
Female,Elementary,High,Advanced,Medium,32,94,8.6,No,Intermediate,CBSE,27.23,"Textbooks, Workbooks"
Female,High School,Low,Intermediate,High,76,72,3.2,Yes,Basic,State Board,42.43,"Textbooks, Workbooks"
Female,Elementary,Medium,Beginner,Medium,59,78,0.4,Yes,Fluent,CBSE,28.41,"Textbooks, Workbooks"
Male,Elementary,Medium,Beginner,Medium,70,94,2.4,Yes,Intermediate,IB,51.9,"Educational Apps, Science Kits"
Male,High School,Medium,Beginner,High,84,89,5.1,Yes,Fluent,ICSE,46.74,"Textbooks, Workbooks"
Male,Elementary,High,Advanced,Medium,88,77,1.1,Yes,Intermediate,ICSE,41.0,"Textbooks, Workbooks"
Male,High School,Medium,Intermediate,Medium,69,71,9.2,Yes,Fluent,IB,41.77,"Textbooks, Workbooks"
Male,Elementary,Low,Beginner,Medium,74,71,9.0,Yes,Intermediate,ICSE,36.84,"Textbooks, Workbooks"
Female,Elementary,High,Beginner,High,51,80,1.5,No,Basic,IB,31.08,"Textbooks, Workbooks"
Female,High School,High,Beginner,Low,44,71,7.4,Yes,Intermediate,CBSE,36.41,"Textbooks, Workbooks"
Female,High School,Medium,Beginner,Low,46,87,4.6,Yes,Fluent,State Board,35.6,"Textbooks, Workbooks"
Male,Elementary,Medium,Intermediate,High,88,88,9.8,No,Basic,ICSE,50.03,"Educational Apps, Science Kits"
Male,Elementary,Low,Intermediate,Medium,54,98,0.6,Yes,Fluent,CBSE,40.68,"Textbooks, Workbooks"
Male,High School,Medium,Beginner,High,72,63,4.7,Yes,Fluent,State Board,35.87,"Textbooks, Workbooks"
Female,High School,Medium,Beginner,Medium,93,90,2.9,Yes,Intermediate,State Board,46.73,"Textbooks, Workbooks"
Male,High School,Medium,Beginner,Medium,80,83,7.3,Yes,Basic,CBSE,42.88,"Textbooks, Workbooks"
Male,Elementary,High,Advanced,Low,90,77,1.1,Yes,Intermediate,IB,38.16,"Textbooks, Workbooks"
Female,High School,Medium,Advanced,High,74,85,6.3,No,Fluent,ICSE,48.06,"Textbooks, Workbooks"
Male,High School,Low,Advanced,Medium,32,79,9.5,Yes,Basic,IB,28.73,"Textbooks, Workbooks"
Female,Elementary,Medium,Beginner,Medium,65,67,4.5,No,Intermediate,State Board,37.32,"Textbooks, Workbooks"
Male,High School,Medium,Advanced,Low,93,92,4.5,No,Fluent,IB,47.78,"Textbooks, Workbooks"
Male,High School,Medium,Intermediate,High,57,63,5.0,Yes,Basic,ICSE,38.49,"Textbooks, Workbooks"
Female,High School,Medium,Advanced,Medium,74,97,4.2,Yes,Intermediate,State Board,48.27,"Textbooks, Workbooks"
Female,High School,Medium,Beginner,Low,50,81,4.5,No,Basic,CBSE,27.76,"Textbooks, Workbooks"
Female,Elementary,Medium,Intermediate,High,56,95,4.6,Yes,Basic,IB,39.46,"Textbooks, Workbooks"
Female,High School,Medium,Beginner,High,64,90,10.0,Yes,Intermediate,CBSE,44.8,"Textbooks, Workbooks"
Female,High School,Low,Intermediate,Medium,77,67,1.2,Yes,Fluent,CBSE,41.74,"Textbooks, Workbooks"
Female,High School,Low,Advanced,High,52,68,2.9,Yes,Intermediate,IB,32.1,"Textbooks, Workbooks"
Male,High School,Medium,Advanced,Low,93,77,2.1,Yes,Intermediate,IB,49.96,"Textbooks, Workbooks"
Male,High School,Low,Intermediate,Low,42,94,5.4,Yes,Basic,State Board,37.4,"Textbooks, Workbooks"
Female,High School,Medium,Intermediate,Medium,59,83,0.0,Yes,Intermediate,State Board,35.52,"Textbooks, Workbooks"
Male,Elementary,High,Beginner,Low,49,76,9.2,Yes,Basic,ICSE,40.47,"Textbooks, Workbooks"
Female,Elementary,High,Intermediate,High,35,60,5.3,Yes,Fluent,CBSE,24.27,"Textbooks, Workbooks"
Male,Elementary,Medium,Beginner,High,48,98,9.0,Yes,Basic,State Board,38.51,"Textbooks, Workbooks"
Female,High School,High,Intermediate,Medium,96,74,3.4,Yes,Intermediate,CBSE,53.3,"Educational Apps, Science Kits"
Male,High School,Medium,Intermediate,High,39,72,1.5,Yes,Intermediate,IB,30.73,"Textbooks, Workbooks"
Male,High School,High,Advanced,Low,85,82,1.9,No,Intermediate,State Board,46.85,"Textbooks, Workbooks"
Male,Elementary,Medium,Advanced,Medium,50,88,4.7,No,Fluent,CBSE,37.24,"Textbooks, Workbooks"
Male,High School,Medium,Beginner,High,85,90,0.4,No,Intermediate,ICSE,36.43,"Textbooks, Workbooks"
Male,Elementary,Medium,Beginner,High,86,96,7.8,Yes,Intermediate,State Board,53.07,"Educational Apps, Science Kits"
Female,High School,Low,Beginner,Medium,31,87,7.9,No,Basic,CBSE,30.55,"Textbooks, Workbooks"
Female,High School,High,Intermediate,Low,68,91,7.0,No,Intermediate,CBSE,48.3,"Textbooks, Workbooks"
Female,Elementary,Low,Intermediate,Low,90,66,9.0,Yes,Basic,State Board,47.14,"Textbooks, Workbooks"
Male,Elementary,Medium,Beginner,Medium,74,73,5.5,Yes,Fluent,ICSE,29.63,"Textbooks, Workbooks"
Female,Elementary,Medium,Intermediate,Medium,57,73,4.8,Yes,Intermediate,CBSE,37.39,"Textbooks, Workbooks"
Male,Elementary,Low,Advanced,Low,47,91,5.3,Yes,Fluent,CBSE,34.08,"Textbooks, Workbooks"
Male,Elementary,Low,Intermediate,Medium,43,68,1.8,Yes,Intermediate,ICSE,26.34,"Textbooks, Workbooks"
Male,Elementary,Low,Advanced,High,84,65,5.1,Yes,Intermediate,IB,43.13,"Textbooks, Workbooks"
Female,High School,Medium,Beginner,Medium,88,74,5.4,Yes,Intermediate,IB,51.67,"Educational Apps, Science Kits"
Male,Elementary,High,Intermediate,Low,48,89,7.6,No,Basic,IB,46.37,"Textbooks, Workbooks"
Female,High School,Medium,Beginner,High,70,89,3.5,Yes,Basic,IB,41.28,"Textbooks, Workbooks"
Female,High School,Low,Advanced,Low,41,75,0.9,Yes,Basic,State Board,23.15,"Textbooks, Workbooks"
Male,High School,Medium,Beginner,High,49,82,6.0,Yes,Intermediate,IB,25.04,"Textbooks, Workbooks"
Male,High School,High,Advanced,Low,63,90,7.9,Yes,Intermediate,CBSE,50.33,"Educational Apps, Science Kits"
Female,High School,Medium,Advanced,Medium,65,71,9.7,Yes,Intermediate,State Board,50.78,"Educational Apps, Science Kits"
Female,Elementary,Medium,Beginner,Medium,50,80,0.9,Yes,Basic,CBSE,25.15,"Textbooks, Workbooks"
Female,Elementary,High,Advanced,Medium,85,62,7.5,Yes,Basic,ICSE,45.96,"Textbooks, Workbooks"
Female,Elementary,Low,Beginner,Medium,70,62,6.0,No,Fluent,CBSE,39.03,"Textbooks, Workbooks"
Female,High School,Medium,Beginner,Low,70,97,0.2,Yes,Basic,State Board,32.63,"Textbooks, Workbooks"
Female,Elementary,Medium,Beginner,Medium,72,81,7.2,Yes,Fluent,State Board,44.86,"Textbooks, Workbooks"
Male,High School,High,Advanced,Medium,67,80,0.3,Yes,Fluent,CBSE,38.52,"Textbooks, Workbooks"
Female,High School,High,Advanced,Low,47,75,7.9,Yes,Basic,ICSE,33.54,"Textbooks, Workbooks"
Female,High School,High,Intermediate,High,37,77,7.2,Yes,Intermediate,ICSE,31.84,"Textbooks, Workbooks"
Female,High School,Medium,Beginner,High,95,63,6.9,Yes,Basic,CBSE,49.99,"Textbooks, Workbooks"
Female,Elementary,Medium,Beginner,High,49,79,1.2,No,Fluent,ICSE,30.35,"Textbooks, Workbooks"
Male,Elementary,Medium,Beginner,Medium,98,72,9.2,No,Intermediate,IB,51.09,"Educational Apps, Science Kits"
Male,Elementary,High,Beginner,Low,86,90,9.0,Yes,Basic,ICSE,49.84,"Textbooks, Workbooks"
Female,Elementary,High,Beginner,Medium,47,61,9.0,Yes,Intermediate,CBSE,35.87,"Textbooks, Workbooks"
Female,Elementary,Medium,Beginner,High,89,89,3.6,Yes,Fluent,IB,49.67,"Textbooks, Workbooks"
Female,High School,Medium,Beginner,Low,31,90,4.9,Yes,Basic,IB,33.5,"Textbooks, Workbooks"
Male,Elementary,Low,Intermediate,Medium,71,87,1.1,Yes,Intermediate,State Board,40.26,"Textbooks, Workbooks"
Male,High School,Medium,Intermediate,Medium,93,68,0.5,Yes,Fluent,CBSE,46.1,"Textbooks, Workbooks"
Male,High School,Medium,Beginner,Low,73,70,0.6,Yes,Basic,IB,42.61,"Textbooks, Workbooks"
Male,High School,Medium,Beginner,Medium,80,94,5.7,Yes,Basic,State Board,41.4,"Textbooks, Workbooks"
Male,Elementary,Medium,Intermediate,High,94,96,3.2,Yes,Intermediate,ICSE,51.49,"Educational Apps, Science Kits"
Male,High School,Low,Intermediate,High,94,76,5.8,Yes,Intermediate,State Board,50.19,"Educational Apps, Science Kits"
Female,High School,High,Beginner,Low,83,85,5.9,Yes,Intermediate,ICSE,43.35,"Textbooks, Workbooks"
Male,Elementary,High,Beginner,Medium,68,63,9.1,No,Basic,CBSE,43.85,"Textbooks, Workbooks"
Male,High School,High,Intermediate,Low,37,92,8.8,No,Intermediate,IB,34.26,"Textbooks, Workbooks"
Female,High School,High,Intermediate,Medium,96,76,7.2,Yes,Intermediate,CBSE,49.86,"Textbooks, Workbooks"
Male,High School,Medium,Beginner,High,78,67,8.2,Yes,Intermediate,ICSE,36.77,"Textbooks, Workbooks"
Female,Elementary,Medium,Intermediate,Medium,65,85,0.0,No,Basic,State Board,35.86,"Textbooks, Workbooks"
Male,High School,High,Beginner,High,36,79,0.2,No,Basic,State Board,25.84,"Textbooks, Workbooks"
Female,High School,Medium,Advanced,Medium,44,97,4.6,Yes,Fluent,CBSE,38.98,"Textbooks, Workbooks"
Female,Elementary,Medium,Beginner,Medium,54,92,6.5,Yes,Basic,CBSE,43.18,"Textbooks, Workbooks"
Female,Elementary,Medium,Beginner,Medium,86,99,7.9,No,Basic,IB,51.16,"Educational Apps, Science Kits"
Female,High School,High,Beginner,High,67,76,4.5,Yes,Intermediate,State Board,41.31,"Textbooks, Workbooks"
Female,Elementary,Low,Intermediate,Medium,66,68,9.4,Yes,Intermediate,CBSE,45.31,"Textbooks, Workbooks"
Male,Elementary,Medium,Beginner,High,45,79,8.1,No,Basic,ICSE,32.75,"Textbooks, Workbooks"
Male,Elementary,Medium,Beginner,High,30,67,1.0,Yes,Basic,ICSE,18.85,"Textbooks, Workbooks"
Female,Elementary,High,Intermediate,High,76,65,4.4,Yes,Intermediate,IB,36.85,"Textbooks, Workbooks"
Female,Elementary,Medium,Advanced,High,81,68,9.9,Yes,Intermediate,IB,47.41,"Textbooks, Workbooks"
Female,Elementary,Medium,Advanced,Low,66,70,4.1,Yes,Intermediate,IB,34.97,"Textbooks, Workbooks"
Male,Elementary,Medium,Intermediate,Medium,74,64,3.9,Yes,Fluent,State Board,36.34,"Textbooks, Workbooks"
Female,High School,High,Beginner,Medium,43,67,2.9,Yes,Intermediate,State Board,23.0,"Textbooks, Workbooks"
Female,Elementary,High,Advanced,Medium,86,94,4.9,Yes,Fluent,State Board,53.88,"Educational Apps, Science Kits"
Female,Elementary,Medium,Advanced,High,63,84,7.3,Yes,Basic,CBSE,41.54,"Textbooks, Workbooks"
Female,Elementary,Medium,Intermediate,Low,95,95,0.5,Yes,Intermediate,ICSE,44.2,"Textbooks, Workbooks"
Male,High School,High,Advanced,Low,60,98,8.4,Yes,Fluent,IB,48.95,"Textbooks, Workbooks"
Female,Elementary,Medium,Advanced,High,73,65,9.2,Yes,Intermediate,CBSE,45.93,"Textbooks, Workbooks"
Female,Elementary,High,Intermediate,Low,52,83,7.8,Yes,Intermediate,State Board,30.34,"Textbooks, Workbooks"
Male,High School,Medium,Advanced,Low,95,80,9.2,Yes,Basic,State Board,52.59,"Educational Apps, Science Kits"
Female,Elementary,Medium,Beginner,Medium,40,95,0.9,Yes,Fluent,ICSE,33.92,"Textbooks, Workbooks"
Female,High School,High,Intermediate,High,78,77,4.5,Yes,Fluent,ICSE,37.08,"Textbooks, Workbooks"
Male,High School,Low,Beginner,Medium,87,60,0.7,Yes,Intermediate,IB,34.71,"Textbooks, Workbooks"
Male,Elementary,Medium,Beginner,High,58,88,8.4,Yes,Basic,ICSE,39.95,"Textbooks, Workbooks"
Male,High School,Medium,Intermediate,Low,80,76,9.5,No,Basic,CBSE,50.43,"Educational Apps, Science Kits"
Female,Elementary,High,Advanced,High,30,64,3.0,Yes,Basic,IB,28.11,"Textbooks, Workbooks"
Female,Elementary,Medium,Intermediate,Low,34,65,5.4,Yes,Intermediate,CBSE,26.14,"Textbooks, Workbooks"
Male,High School,Medium,Advanced,Low,63,67,3.0,Yes,Basic,ICSE,30.91,"Textbooks, Workbooks"
Male,High School,High,Beginner,Medium,48,84,3.8,Yes,Basic,CBSE,32.8,"Textbooks, Workbooks"
Male,Elementary,Medium,Advanced,Low,69,78,4.8,Yes,Basic,IB,35.17,"Textbooks, Workbooks"
Female,Elementary,Low,Beginner,Medium,95,98,7.9,Yes,Fluent,ICSE,55.95,"Educational Apps, Science Kits"
Female,High School,Low,Beginner,Medium,93,68,1.5,No,Basic,CBSE,40.61,"Textbooks, Workbooks"
Male,Elementary,High,Beginner,Low,46,87,1.6,Yes,Basic,ICSE,24.71,"Textbooks, Workbooks"
Female,Elementary,Low,Intermediate,High,67,90,2.0,No,Intermediate,State Board,41.25,"Textbooks, Workbooks"
Male,Elementary,Medium,Advanced,Medium,72,60,0.5,Yes,Fluent,State Board,31.0,"Textbooks, Workbooks"
Female,High School,Medium,Advanced,High,69,69,6.4,Yes,Basic,State Board,34.29,"Textbooks, Workbooks"
Female,Elementary,High,Advanced,High,74,81,1.9,Yes,Basic,ICSE,41.11,"Textbooks, Workbooks"
Female,Elementary,High,Beginner,Low,69,60,4.4,Yes,Fluent,IB,30.96,"Textbooks, Workbooks"
Female,Elementary,Medium,Intermediate,Medium,59,72,6.9,Yes,Fluent,CBSE,32.27,"Textbooks, Workbooks"
Male,High School,Low,Advanced,Medium,64,73,4.5,Yes,Basic,CBSE,32.84,"Textbooks, Workbooks"
Female,High School,High,Advanced,High,95,82,9.1,Yes,Fluent,State Board,57.85,"Educational Apps, Science Kits"
Female,High School,Medium,Intermediate,High,73,98,7.7,Yes,Basic,ICSE,45.75,"Textbooks, Workbooks"
Male,Elementary,High,Advanced,Medium,33,87,2.7,Yes,Fluent,ICSE,29.67,"Textbooks, Workbooks"
Female,High School,Medium,Intermediate,Low,93,88,1.3,Yes,Basic,IB,50.69,"Educational Apps, Science Kits"
Male,Elementary,Medium,Intermediate,Medium,34,99,8.9,No,Fluent,IB,34.11,"Textbooks, Workbooks"
Male,High School,Low,Advanced,High,77,92,4.0,Yes,Basic,CBSE,44.52,"Textbooks, Workbooks"
Female,Elementary,High,Intermediate,High,95,61,3.8,Yes,Fluent,ICSE,47.42,"Textbooks, Workbooks"
Female,High School,Medium,Intermediate,High,56,92,8.1,No,Fluent,ICSE,41.1,"Textbooks, Workbooks"
Male,Elementary,Medium,Advanced,Medium,53,83,0.1,No,Basic,CBSE,30.73,"Textbooks, Workbooks"
Male,Elementary,Low,Beginner,Low,85,71,4.5,Yes,Intermediate,IB,44.73,"Textbooks, Workbooks"
Male,High School,Low,Advanced,High,74,99,7.1,Yes,Fluent,CBSE,45.52,"Textbooks, Workbooks"
Female,Elementary,Low,Advanced,High,97,87,8.5,Yes,Basic,IB,51.12,"Educational Apps, Science Kits"
Male,High School,Medium,Beginner,Low,57,94,8.9,No,Intermediate,State Board,40.48,"Textbooks, Workbooks"
Male,High School,High,Intermediate,Low,34,69,4.7,Yes,Intermediate,ICSE,24.66,"Textbooks, Workbooks"
Male,Elementary,Medium,Advanced,Medium,76,93,8.5,Yes,Basic,State Board,51.23,"Educational Apps, Science Kits"
Female,Elementary,High,Beginner,High,34,64,0.4,Yes,Fluent,IB,15.35,"Textbooks, Workbooks"
Male,High School,Low,Beginner,Medium,34,77,3.1,Yes,Basic,State Board,29.64,"Textbooks, Workbooks"
Female,High School,Medium,Advanced,Low,77,65,0.1,Yes,Fluent,IB,46.14,"Textbooks, Workbooks"
Female,High School,Medium,Advanced,Medium,76,70,1.7,Yes,Intermediate,CBSE,39.07,"Textbooks, Workbooks"
Male,Elementary,High,Beginner,Medium,91,60,7.2,Yes,Fluent,ICSE,46.04,"Textbooks, Workbooks"
Female,High School,High,Advanced,Medium,56,82,0.0,No,Basic,ICSE,29.08,"Textbooks, Workbooks"
Male,Elementary,Medium,Beginner,Medium,33,63,5.2,Yes,Basic,State Board,19.16,"Textbooks, Workbooks"
Female,Elementary,High,Advanced,High,78,66,4.1,Yes,Intermediate,CBSE,38.93,"Textbooks, Workbooks"
Female,High School,Low,Beginner,Medium,94,76,1.2,Yes,Basic,ICSE,44.76,"Textbooks, Workbooks"
Male,High School,Medium,Advanced,Medium,90,70,6.9,Yes,Fluent,CBSE,39.64,"Textbooks, Workbooks"
Male,Elementary,Low,Advanced,Medium,49,86,6.9,No,Basic,State Board,32.99,"Textbooks, Workbooks"
Male,Elementary,Medium,Advanced,Medium,37,71,7.3,Yes,Basic,CBSE,26.03,"Textbooks, Workbooks"
Female,Elementary,Medium,Intermediate,Medium,42,93,7.7,No,Basic,CBSE,40.04,"Textbooks, Workbooks"
Female,Elementary,High,Advanced,Medium,66,67,3.1,No,Fluent,CBSE,37.53,"Textbooks, Workbooks"
Male,High School,Medium,Beginner,Medium,72,82,9.9,Yes,Fluent,ICSE,44.87,"Textbooks, Workbooks"
Male,Elementary,High,Beginner,High,85,85,0.7,No,Intermediate,ICSE,44.16,"Textbooks, Workbooks"
Female,High School,Medium,Intermediate,High,79,93,6.5,Yes,Fluent,CBSE,46.35,"Textbooks, Workbooks"
Female,High School,Low,Intermediate,Medium,49,91,9.7,No,Basic,ICSE,45.88,"Textbooks, Workbooks"
Female,High School,High,Intermediate,High,77,65,2.2,Yes,Basic,State Board,39.28,"Textbooks, Workbooks"
Male,Elementary,High,Advanced,High,48,60,2.8,No,Fluent,State Board,27.64,"Textbooks, Workbooks"
Female,Elementary,High,Advanced,High,98,63,5.8,Yes,Fluent,ICSE,44.47,"Textbooks, Workbooks"
Male,High School,Medium,Beginner,Low,46,84,7.8,Yes,Intermediate,CBSE,39.53,"Textbooks, Workbooks"
Female,High School,High,Beginner,High,57,67,3.3,Yes,Fluent,State Board,20.93,"Textbooks, Workbooks"
Female,High School,High,Advanced,Medium,65,99,8.4,Yes,Intermediate,IB,39.49,"Textbooks, Workbooks"
Male,High School,Low,Beginner,High,67,79,2.4,Yes,Intermediate,State Board,44.06,"Textbooks, Workbooks"
Male,Elementary,Low,Advanced,Low,99,73,8.7,No,Fluent,IB,43.7,"Textbooks, Workbooks"
Male,High School,Low,Intermediate,Medium,55,92,2.5,Yes,Intermediate,IB,32.22,"Textbooks, Workbooks"
Female,Elementary,Medium,Advanced,Medium,30,62,6.2,No,Intermediate,State Board,27.82,"Textbooks, Workbooks"
Female,Elementary,Medium,Advanced,High,31,74,3.6,Yes,Basic,CBSE,26.8,"Textbooks, Workbooks"
Female,Elementary,High,Advanced,High,65,86,3.2,No,Basic,State Board,37.23,"Textbooks, Workbooks"
Male,Elementary,Medium,Beginner,Low,85,78,3.5,No,Basic,ICSE,41.65,"Textbooks, Workbooks"
Female,High School,High,Advanced,Low,64,60,5.0,Yes,Fluent,CBSE,31.07,"Textbooks, Workbooks"
Male,Elementary,Medium,Advanced,High,56,94,8.5,Yes,Basic,IB,42.59,"Textbooks, Workbooks"
Male,High School,Medium,Advanced,Medium,96,92,7.6,Yes,Intermediate,ICSE,51.07,"Educational Apps, Science Kits"
Male,Elementary,Low,Intermediate,Medium,85,76,4.5,Yes,Basic,IB,34.68,"Textbooks, Workbooks"
Female,High School,Medium,Advanced,High,75,72,2.8,Yes,Basic,IB,34.05,"Textbooks, Workbooks"
Female,High School,High,Advanced,High,49,71,8.5,Yes,Fluent,CBSE,37.53,"Textbooks, Workbooks"
Male,High School,High,Advanced,Low,37,98,8.7,No,Fluent,State Board,41.84,"Textbooks, Workbooks"
Female,High School,Medium,Beginner,Medium,55,85,4.5,Yes,Fluent,CBSE,36.29,"Textbooks, Workbooks"
Male,High School,High,Intermediate,High,91,86,7.0,Yes,Fluent,CBSE,47.43,"Textbooks, Workbooks"
Male,Elementary,Medium,Intermediate,High,62,83,3.7,Yes,Basic,ICSE,38.82,"Textbooks, Workbooks"
Female,High School,Medium,Advanced,Low,90,76,1.5,No,Intermediate,ICSE,42.86,"Textbooks, Workbooks"
Male,Elementary,Medium,Advanced,Low,49,70,3.2,Yes,Intermediate,IB,33.37,"Textbooks, Workbooks"
Male,High School,Low,Beginner,Low,97,81,6.8,Yes,Basic,CBSE,58.79,"Educational Apps, Science Kits"
Female,Elementary,Low,Advanced,High,58,67,7.7,Yes,Intermediate,ICSE,34.06,"Textbooks, Workbooks"
Male,Elementary,Low,Beginner,Medium,75,91,8.5,No,Intermediate,CBSE,57.04,"Educational Apps, Science Kits"
Male,Elementary,Medium,Advanced,Medium,66,88,0.2,No,Basic,ICSE,32.52,"Textbooks, Workbooks"
Male,High School,High,Beginner,Low,82,91,4.9,Yes,Fluent,IB,38.52,"Textbooks, Workbooks"
Male,Elementary,Low,Intermediate,Low,34,99,2.7,Yes,Basic,IB,29.15,"Textbooks, Workbooks"
Male,High School,Medium,Advanced,Medium,95,64,6.8,Yes,Fluent,State Board,40.34,"Textbooks, Workbooks"
Male,High School,Medium,Beginner,Medium,44,72,2.5,No,Intermediate,IB,26.35,"Textbooks, Workbooks"
Male,Elementary,High,Beginner,Medium,75,84,5.7,No,Fluent,IB,37.92,"Textbooks, Workbooks"
Female,Elementary,High,Advanced,Low,86,69,7.1,Yes,Fluent,State Board,45.08,"Textbooks, Workbooks"
Female,High School,High,Beginner,Medium,37,85,7.7,Yes,Intermediate,IB,33.57,"Textbooks, Workbooks"
Male,High School,Medium,Advanced,High,66,85,2.7,Yes,Fluent,State Board,36.97,"Textbooks, Workbooks"
Male,High School,Medium,Advanced,Low,86,80,0.9,Yes,Intermediate,IB,43.36,"Textbooks, Workbooks"
Female,High School,High,Beginner,High,43,82,2.2,Yes,Intermediate,CBSE,29.13,"Textbooks, Workbooks"
Female,High School,Low,Beginner,Low,34,71,6.0,Yes,Basic,CBSE,22.68,"Textbooks, Workbooks"
Female,High School,Medium,Beginner,Low,72,98,0.4,Yes,Basic,ICSE,37.7,"Textbooks, Workbooks"
Female,Elementary,Low,Intermediate,Medium,78,84,1.6,No,Basic,CBSE,36.74,"Textbooks, Workbooks"
Female,High School,Medium,Advanced,High,73,71,10.0,Yes,Intermediate,IB,43.32,"Textbooks, Workbooks"
Male,High School,Medium,Advanced,Medium,85,95,3.8,Yes,Fluent,IB,46.25,"Textbooks, Workbooks"
Female,Elementary,Medium,Intermediate,Medium,77,91,5.0,Yes,Fluent,State Board,46.14,"Textbooks, Workbooks"
Female,Elementary,Medium,Intermediate,Medium,59,77,0.1,Yes,Basic,CBSE,27.37,"Textbooks, Workbooks"
Female,Elementary,Low,Beginner,Low,62,79,5.9,Yes,Basic,IB,38.65,"Textbooks, Workbooks"
Male,High School,High,Advanced,Low,66,61,3.3,Yes,Basic,ICSE,31.61,"Textbooks, Workbooks"
Male,Elementary,Medium,Intermediate,High,79,92,5.3,Yes,Intermediate,CBSE,46.53,"Textbooks, Workbooks"
Male,Elementary,Medium,Intermediate,Low,36,76,5.3,No,Intermediate,CBSE,28.09,"Textbooks, Workbooks"
Male,High School,Medium,Advanced,Medium,96,95,9.7,Yes,Basic,ICSE,59.56,"Educational Apps, Science Kits"
Male,High School,Low,Advanced,High,72,89,2.7,Yes,Intermediate,CBSE,40.29,"Textbooks, Workbooks"
Male,High School,Low,Advanced,Low,69,68,5.7,Yes,Basic,CBSE,27.6,"Textbooks, Workbooks"
Female,High School,Medium,Beginner,Medium,61,90,3.8,No,Fluent,CBSE,39.65,"Textbooks, Workbooks"
Male,Elementary,Medium,Intermediate,Low,84,98,4.2,Yes,Intermediate,ICSE,41.59,"Textbooks, Workbooks"
Male,High School,Medium,Beginner,Low,38,80,0.6,Yes,Intermediate,State Board,29.31,"Textbooks, Workbooks"
Female,Elementary,High,Advanced,Low,38,81,6.9,Yes,Intermediate,CBSE,29.82,"Textbooks, Workbooks"
Male,High School,Medium,Advanced,Medium,93,76,2.0,Yes,Intermediate,State Board,44.95,"Textbooks, Workbooks"
Female,Elementary,Medium,Intermediate,High,74,62,4.7,Yes,Fluent,IB,44.33,"Textbooks, Workbooks"
Female,High School,Medium,Beginner,Medium,90,91,4.3,Yes,Fluent,ICSE,49.67,"Textbooks, Workbooks"
Male,High School,High,Beginner,High,99,92,4.7,Yes,Intermediate,ICSE,52.31,"Educational Apps, Science Kits"
Female,High School,Low,Beginner,Low,67,69,3.8,Yes,Fluent,State Board,38.45,"Textbooks, Workbooks"
Female,Elementary,High,Advanced,Medium,75,64,2.4,Yes,Basic,IB,32.72,"Textbooks, Workbooks"
Female,Elementary,Medium,Intermediate,Medium,99,63,4.5,Yes,Fluent,State Board,52.2,"Educational Apps, Science Kits"
Female,Elementary,Low,Beginner,Low,93,97,0.5,Yes,Basic,State Board,45.49,"Textbooks, Workbooks"
Male,High School,Medium,Advanced,Low,64,91,2.4,Yes,Intermediate,State Board,38.36,"Textbooks, Workbooks"
Female,Elementary,Medium,Advanced,Medium,41,97,7.8,No,Basic,IB,35.22,"Textbooks, Workbooks"
Male,High School,Medium,Beginner,High,77,79,8.4,No,Basic,IB,39.95,"Textbooks, Workbooks"
Female,High School,Medium,Intermediate,High,92,68,7.2,Yes,Fluent,IB,39.73,"Textbooks, Workbooks"
Female,High School,Medium,Intermediate,Low,74,74,6.3,Yes,Intermediate,CBSE,41.3,"Textbooks, Workbooks"
Female,Elementary,Medium,Beginner,High,35,67,8.1,Yes,Fluent,ICSE,33.48,"Textbooks, Workbooks"
Male,High School,Medium,Advanced,High,74,93,1.3,Yes,Fluent,IB,43.49,"Textbooks, Workbooks"
Male,Elementary,High,Advanced,Medium,61,89,5.3,Yes,Intermediate,CBSE,44.58,"Textbooks, Workbooks"
Male,High School,High,Beginner,Low,97,69,1.2,No,Intermediate,CBSE,52.94,"Educational Apps, Science Kits"
Female,High School,Medium,Advanced,High,32,73,7.8,Yes,Fluent,CBSE,28.82,"Textbooks, Workbooks"
Female,High School,High,Advanced,Medium,31,93,5.2,Yes,Fluent,ICSE,27.98,"Textbooks, Workbooks"
Female,Elementary,Low,Beginner,High,49,81,8.1,Yes,Basic,CBSE,34.93,"Textbooks, Workbooks"
Female,Elementary,Low,Advanced,Medium,68,72,8.0,Yes,Basic,IB,40.95,"Textbooks, Workbooks"
Male,High School,Medium,Beginner,Medium,41,88,4.7,Yes,Fluent,IB,33.91,"Textbooks, Workbooks"
Female,Elementary,Medium,Beginner,Low,90,88,5.0,Yes,Fluent,IB,44.35,"Textbooks, Workbooks"
Male,Elementary,Medium,Beginner,High,65,66,0.3,Yes,Fluent,State Board,29.17,"Textbooks, Workbooks"
Female,High School,Medium,Advanced,Low,38,65,5.2,Yes,Fluent,IB,26.91,"Textbooks, Workbooks"
Male,High School,Low,Beginner,Low,73,94,6.8,Yes,Fluent,CBSE,49.33,"Textbooks, Workbooks"
Male,Elementary,Low,Advanced,Medium,82,96,2.3,Yes,Intermediate,ICSE,44.82,"Textbooks, Workbooks"
Female,High School,High,Beginner,Medium,59,63,9.9,Yes,Fluent,State Board,42.38,"Textbooks, Workbooks"
Female,High School,High,Intermediate,Low,95,73,9.7,Yes,Fluent,IB,52.9,"Educational Apps, Science Kits"
Male,Elementary,Medium,Advanced,Medium,67,65,2.8,Yes,Basic,ICSE,34.89,"Textbooks, Workbooks"
Female,Elementary,Medium,Advanced,Medium,67,76,7.1,Yes,Intermediate,State Board,42.0,"Textbooks, Workbooks"
Female,High School,Medium,Advanced,Medium,62,83,0.3,Yes,Basic,IB,34.53,"Textbooks, Workbooks"
Male,Elementary,Medium,Intermediate,Low,84,72,6.7,Yes,Fluent,ICSE,44.78,"Textbooks, Workbooks"
Male,Elementary,Medium,Beginner,Medium,52,71,6.2,No,Fluent,IB,39.21,"Textbooks, Workbooks"
Male,High School,Medium,Intermediate,Low,99,88,8.2,No,Fluent,IB,58.8,"Educational Apps, Science Kits"
Male,High School,Medium,Beginner,Low,43,83,3.0,No,Fluent,State Board,30.13,"Textbooks, Workbooks"
Female,High School,Low,Beginner,High,78,93,8.8,No,Fluent,IB,47.84,"Textbooks, Workbooks"
Male,High School,High,Beginner,Medium,74,73,8.6,Yes,Intermediate,State Board,48.94,"Textbooks, Workbooks"
Male,Elementary,High,Beginner,Low,56,86,6.7,Yes,Intermediate,CBSE,37.79,"Textbooks, Workbooks"
Male,Elementary,Medium,Beginner,Medium,96,64,4.7,Yes,Intermediate,ICSE,49.48,"Textbooks, Workbooks"
Female,High School,Medium,Intermediate,Low,78,99,6.2,Yes,Intermediate,State Board,51.0,"Educational Apps, Science Kits"
Male,High School,High,Advanced,Low,31,68,7.3,Yes,Intermediate,State Board,32.24,"Textbooks, Workbooks"
Female,High School,Low,Intermediate,Medium,89,75,9.8,Yes,Basic,State Board,55.07,"Educational Apps, Science Kits"
Male,High School,Medium,Advanced,High,95,72,1.2,Yes,Basic,State Board,44.32,"Textbooks, Workbooks"
Male,Elementary,Medium,Advanced,High,88,74,3.1,Yes,Intermediate,State Board,49.5,"Textbooks, Workbooks"
Female,Elementary,Medium,Advanced,Medium,89,95,7.8,Yes,Fluent,IB,55.38,"Educational Apps, Science Kits"
Male,High School,High,Intermediate,Medium,51,84,4.1,Yes,Fluent,State Board,32.46,"Textbooks, Workbooks"
Male,High School,Medium,Beginner,High,75,75,6.7,No,Fluent,State Board,45.46,"Textbooks, Workbooks"
Female,Elementary,Low,Beginner,Low,82,90,1.3,Yes,Intermediate,IB,47.61,"Textbooks, Workbooks"
Male,Elementary,Low,Advanced,Low,48,96,7.1,Yes,Intermediate,ICSE,34.52,"Textbooks, Workbooks"
Male,Elementary,Low,Beginner,Medium,78,92,6.7,Yes,Fluent,State Board,48.37,"Textbooks, Workbooks"
Male,Elementary,Medium,Beginner,Medium,46,79,5.9,Yes,Basic,State Board,38.31,"Textbooks, Workbooks"
Male,High School,High,Intermediate,High,56,85,7.7,Yes,Basic,CBSE,36.62,"Textbooks, Workbooks"
Female,Elementary,Medium,Beginner,Low,48,94,8.8,No,Basic,State Board,42.1,"Textbooks, Workbooks"
Male,Elementary,Medium,Beginner,Medium,59,99,8.3,Yes,Basic,CBSE,38.21,"Textbooks, Workbooks"
Female,Elementary,Medium,Intermediate,High,75,66,1.3,Yes,Fluent,CBSE,31.24,"Textbooks, Workbooks"
Male,High School,Medium,Beginner,Medium,93,90,7.4,Yes,Basic,ICSE,53.22,"Educational Apps, Science Kits"
Female,High School,Medium,Advanced,Medium,61,76,4.5,Yes,Intermediate,CBSE,34.9,"Textbooks, Workbooks"
Male,Elementary,Medium,Intermediate,Low,82,67,3.3,No,Intermediate,IB,48.66,"Textbooks, Workbooks"
Female,Elementary,Medium,Beginner,Low,52,82,8.8,Yes,Intermediate,ICSE,32.96,"Textbooks, Workbooks"
Male,High School,Medium,Beginner,Low,65,77,5.6,Yes,Basic,State Board,38.61,"Textbooks, Workbooks"
Female,High School,Medium,Intermediate,Medium,39,71,5.0,Yes,Intermediate,ICSE,27.47,"Textbooks, Workbooks"
Female,Elementary,High,Advanced,High,88,89,7.8,No,Intermediate,IB,49.42,"Textbooks, Workbooks"
Male,High School,Medium,Intermediate,High,58,95,5.5,Yes,Intermediate,ICSE,48.63,"Textbooks, Workbooks"
Female,Elementary,Medium,Advanced,Medium,40,74,8.6,Yes,Intermediate,ICSE,29.83,"Textbooks, Workbooks"
Male,High School,Medium,Intermediate,High,67,77,1.0,Yes,Fluent,ICSE,32.87,"Textbooks, Workbooks"
Male,Elementary,Low,Beginner,Medium,61,84,7.8,Yes,Basic,ICSE,45.27,"Textbooks, Workbooks"
Male,Elementary,Medium,Intermediate,Medium,81,72,1.6,No,Basic,IB,31.95,"Textbooks, Workbooks"
Male,High School,Medium,Intermediate,Low,30,83,2.3,Yes,Basic,IB,26.17,"Textbooks, Workbooks"
Male,Elementary,Low,Advanced,Medium,43,76,1.8,No,Fluent,State Board,21.6,"Textbooks, Workbooks"
Female,High School,Medium,Intermediate,Low,32,60,2.4,Yes,Basic,IB,14.57,"Textbooks, Workbooks"
Male,High School,Low,Advanced,Medium,59,96,7.3,No,Fluent,ICSE,40.81,"Textbooks, Workbooks"
Male,High School,Medium,Intermediate,High,60,86,6.6,Yes,Intermediate,State Board,31.51,"Textbooks, Workbooks"
Male,Elementary,Low,Beginner,Low,30,79,2.3,Yes,Fluent,IB,20.38,"Textbooks, Workbooks"
Male,Elementary,Low,Intermediate,Low,75,77,2.7,No,Basic,CBSE,36.94,"Textbooks, Workbooks"
Male,Elementary,High,Beginner,Low,43,68,1.0,Yes,Fluent,IB,30.9,"Textbooks, Workbooks"
Male,High School,High,Advanced,Medium,65,69,4.1,Yes,Fluent,CBSE,37.65,"Textbooks, Workbooks"
Female,Elementary,Medium,Advanced,Low,75,84,3.8,Yes,Intermediate,State Board,41.26,"Textbooks, Workbooks"
Female,Elementary,Medium,Advanced,Medium,84,60,1.5,Yes,Fluent,State Board,43.61,"Textbooks, Workbooks"
Male,Elementary,Medium,Advanced,Medium,65,95,8.3,No,Fluent,IB,31.32,"Textbooks, Workbooks"
Female,Elementary,Medium,Intermediate,Medium,72,77,8.5,Yes,Fluent,ICSE,36.61,"Textbooks, Workbooks"
Male,High School,Medium,Intermediate,Low,72,74,1.1,Yes,Fluent,ICSE,30.8,"Textbooks, Workbooks"
Male,Elementary,Medium,Intermediate,High,44,92,2.7,Yes,Basic,State Board,36.67,"Textbooks, Workbooks"
Male,High School,High,Beginner,Medium,67,81,7.4,Yes,Intermediate,IB,45.28,"Textbooks, Workbooks"
Male,High School,Low,Intermediate,High,73,83,8.7,Yes,Fluent,IB,45.95,"Textbooks, Workbooks"
Male,High School,Low,Beginner,High,84,60,0.7,Yes,Intermediate,ICSE,44.71,"Textbooks, Workbooks"
Female,High School,High,Beginner,Medium,84,70,9.0,Yes,Intermediate,CBSE,51.3,"Educational Apps, Science Kits"
Female,Elementary,Medium,Intermediate,Low,87,85,0.6,Yes,Basic,State Board,46.67,"Textbooks, Workbooks"
Female,Elementary,Medium,Beginner,Medium,86,85,6.3,No,Fluent,IB,43.93,"Textbooks, Workbooks"
Female,Elementary,Medium,Advanced,Medium,85,65,0.2,Yes,Fluent,State Board,41.82,"Textbooks, Workbooks"
Male,High School,Medium,Intermediate,Medium,31,92,9.3,Yes,Basic,State Board,37.3,"Textbooks, Workbooks"
Female,Elementary,Medium,Intermediate,Low,63,73,3.5,No,Basic,IB,41.63,"Textbooks, Workbooks"
Male,High School,Medium,Beginner,Low,78,83,6.5,Yes,Basic,State Board,46.36,"Textbooks, Workbooks"
Female,Elementary,Medium,Intermediate,Medium,93,97,1.8,Yes,Intermediate,IB,45.61,"Textbooks, Workbooks"
Female,Elementary,Medium,Intermediate,Low,37,76,3.2,Yes,Fluent,CBSE,26.71,"Textbooks, Workbooks"
Female,Elementary,Medium,Beginner,High,98,73,7.5,Yes,Fluent,ICSE,55.23,"Educational Apps, Science Kits"
Female,High School,High,Intermediate,Low,87,78,9.7,Yes,Fluent,IB,51.33,"Educational Apps, Science Kits"
Male,Elementary,Medium,Intermediate,Medium,72,67,9.9,Yes,Basic,CBSE,39.29,"Textbooks, Workbooks"
Female,High School,Medium,Intermediate,High,91,82,8.1,Yes,Intermediate,ICSE,51.88,"Educational Apps, Science Kits"
Female,High School,Medium,Beginner,High,81,61,8.5,Yes,Intermediate,CBSE,37.7,"Textbooks, Workbooks"
Male,High School,Medium,Intermediate,Medium,62,62,9.7,Yes,Basic,State Board,39.61,"Textbooks, Workbooks"
Male,Elementary,Medium,Intermediate,Low,49,72,0.4,Yes,Fluent,CBSE,37.32,"Textbooks, Workbooks"
Female,Elementary,High,Intermediate,Low,88,64,1.7,Yes,Fluent,State Board,44.79,"Textbooks, Workbooks"
Male,High School,Medium,Advanced,Medium,89,77,0.5,Yes,Intermediate,IB,41.11,"Textbooks, Workbooks"
Male,High School,High,Intermediate,Medium,92,60,5.0,No,Intermediate,ICSE,57.38,"Educational Apps, Science Kits"
Male,High School,High,Beginner,Medium,85,96,9.6,Yes,Fluent,ICSE,48.08,"Textbooks, Workbooks"
Female,High School,High,Advanced,Low,66,80,5.8,No,Basic,State Board,34.96,"Textbooks, Workbooks"
Male,High School,Medium,Beginner,High,89,78,5.6,Yes,Basic,CBSE,43.58,"Textbooks, Workbooks"
Female,Elementary,High,Intermediate,Low,80,97,8.3,Yes,Intermediate,IB,46.62,"Textbooks, Workbooks"
Female,Elementary,Low,Intermediate,Medium,58,93,9.3,Yes,Basic,CBSE,48.22,"Textbooks, Workbooks"
Female,Elementary,Low,Intermediate,High,38,61,7.0,Yes,Basic,IB,28.24,"Textbooks, Workbooks"
Female,High School,Medium,Advanced,Medium,69,79,9.0,Yes,Fluent,IB,39.28,"Textbooks, Workbooks"
Male,High School,High,Intermediate,Medium,97,90,1.8,Yes,Fluent,IB,44.94,"Textbooks, Workbooks"
Female,Elementary,Medium,Beginner,Low,72,72,5.0,Yes,Basic,CBSE,44.76,"Textbooks, Workbooks"
Male,Elementary,Medium,Advanced,High,52,73,3.6,No,Intermediate,CBSE,30.95,"Textbooks, Workbooks"
Female,High School,Medium,Beginner,Low,37,97,3.3,No,Fluent,IB,27.65,"Textbooks, Workbooks"
Male,High School,Medium,Beginner,Medium,93,71,2.1,Yes,Fluent,ICSE,40.69,"Textbooks, Workbooks"
Female,High School,Medium,Beginner,High,52,72,8.9,Yes,Fluent,IB,37.19,"Textbooks, Workbooks"
Male,Elementary,High,Beginner,Low,85,83,4.5,Yes,Intermediate,State Board,42.76,"Textbooks, Workbooks"
Female,High School,High,Beginner,High,43,99,5.3,Yes,Fluent,State Board,34.75,"Textbooks, Workbooks"
Female,High School,High,Intermediate,High,46,90,2.8,Yes,Fluent,State Board,30.87,"Textbooks, Workbooks"
Male,High School,Medium,Beginner,Medium,49,73,9.6,Yes,Basic,CBSE,35.64,"Textbooks, Workbooks"
Female,Elementary,Medium,Beginner,Medium,41,89,6.1,Yes,Intermediate,CBSE,35.82,"Textbooks, Workbooks"
Female,High School,Medium,Intermediate,High,70,86,0.0,No,Basic,ICSE,33.02,"Textbooks, Workbooks"
Female,Elementary,Medium,Advanced,Medium,61,95,2.7,Yes,Basic,ICSE,40.92,"Textbooks, Workbooks"
Male,High School,Low,Intermediate,High,66,65,10.0,Yes,Basic,CBSE,34.15,"Textbooks, Workbooks"
Female,High School,High,Advanced,Medium,47,65,9.7,Yes,Basic,CBSE,38.53,"Textbooks, Workbooks"
Female,Elementary,Medium,Beginner,Low,58,74,5.4,Yes,Basic,ICSE,35.26,"Textbooks, Workbooks"
Male,High School,High,Intermediate,Low,36,83,5.6,No,Basic,State Board,33.87,"Textbooks, Workbooks"
Male,Elementary,High,Advanced,Low,69,72,9.0,Yes,Fluent,CBSE,44.38,"Textbooks, Workbooks"
Male,High School,Low,Advanced,Low,35,66,7.1,Yes,Intermediate,IB,34.88,"Textbooks, Workbooks"
Male,Elementary,High,Intermediate,Low,49,80,9.3,Yes,Basic,ICSE,37.84,"Textbooks, Workbooks"
Male,High School,High,Intermediate,Medium,84,97,4.8,Yes,Intermediate,CBSE,54.08,"Educational Apps, Science Kits"
Female,Elementary,Medium,Intermediate,Low,85,97,9.8,Yes,Intermediate,State Board,55.47,"Educational Apps, Science Kits"
Female,Elementary,Medium,Intermediate,High,82,73,5.4,Yes,Fluent,State Board,39.22,"Textbooks, Workbooks"
Female,High School,Medium,Intermediate,High,62,62,6.4,Yes,Intermediate,ICSE,40.75,"Textbooks, Workbooks"
Male,Elementary,Medium,Beginner,Medium,51,94,0.8,No,Intermediate,CBSE,34.29,"Textbooks, Workbooks"
Female,High School,Medium,Beginner,Medium,79,71,6.1,Yes,Intermediate,CBSE,42.09,"Textbooks, Workbooks"
Male,Elementary,Low,Intermediate,Low,56,80,7.7,Yes,Intermediate,ICSE,39.16,"Textbooks, Workbooks"
Male,High School,Medium,Intermediate,Medium,77,79,4.4,No,Fluent,CBSE,39.5,"Textbooks, Workbooks"
Female,High School,Medium,Beginner,Medium,95,86,5.0,Yes,Fluent,IB,61.7,"Educational Apps, Science Kits"
Male,High School,Low,Advanced,High,42,64,3.9,No,Basic,State Board,27.2,"Textbooks, Workbooks"
Male,High School,Medium,Beginner,Low,31,70,9.7,Yes,Intermediate,State Board,26.34,"Textbooks, Workbooks"
Female,Elementary,Medium,Intermediate,High,75,65,4.8,Yes,Intermediate,State Board,31.34,"Textbooks, Workbooks"
Male,High School,Medium,Advanced,High,40,64,1.3,No,Fluent,IB,28.93,"Textbooks, Workbooks"
Male,High School,Low,Intermediate,Medium,55,81,0.3,Yes,Fluent,State Board,33.43,"Textbooks, Workbooks"
Female,High School,High,Advanced,Low,92,60,7.7,Yes,Fluent,IB,47.33,"Textbooks, Workbooks"
Male,High School,Medium,Intermediate,Medium,78,79,5.5,Yes,Intermediate,CBSE,46.32,"Textbooks, Workbooks"
Male,High School,Low,Beginner,Medium,92,83,0.0,Yes,Fluent,IB,47.46,"Textbooks, Workbooks"
Female,Elementary,Medium,Intermediate,Medium,50,79,3.8,No,Intermediate,State Board,36.53,"Textbooks, Workbooks"
Female,High School,Medium,Beginner,Medium,78,88,9.1,No,Fluent,State Board,47.23,"Textbooks, Workbooks"
Female,Elementary,Low,Advanced,Low,38,83,9.5,Yes,Intermediate,State Board,27.67,"Textbooks, Workbooks"
Female,Elementary,Medium,Beginner,Low,50,67,0.5,No,Basic,State Board,25.0,"Textbooks, Workbooks"
Male,High School,High,Advanced,Low,82,93,1.2,Yes,Fluent,IB,45.44,"Textbooks, Workbooks"
Male,High School,High,Intermediate,Low,84,81,0.0,Yes,Basic,IB,40.51,"Textbooks, Workbooks"
Female,Elementary,Medium,Beginner,Low,70,98,8.7,Yes,Fluent,ICSE,50.81,"Educational Apps, Science Kits"
Male,Elementary,High,Advanced,Low,35,92,0.7,Yes,Fluent,ICSE,32.07,"Textbooks, Workbooks"
Male,Elementary,Medium,Advanced,Low,30,89,1.1,Yes,Intermediate,IB,25.19,"Textbooks, Workbooks"
Female,High School,High,Advanced,High,93,65,2.3,Yes,Basic,CBSE,40.58,"Textbooks, Workbooks"
Female,Elementary,Low,Advanced,High,34,72,9.2,Yes,Intermediate,State Board,29.06,"Textbooks, Workbooks"
Male,Elementary,Medium,Intermediate,Medium,55,78,6.9,Yes,Intermediate,IB,37.24,"Textbooks, Workbooks"
Female,High School,Medium,Intermediate,Medium,30,85,6.2,Yes,Intermediate,ICSE,30.5,"Textbooks, Workbooks"
Female,Elementary,Medium,Intermediate,High,30,76,7.8,Yes,Intermediate,CBSE,34.96,"Textbooks, Workbooks"
Female,High School,High,Advanced,Medium,67,96,6.9,Yes,Fluent,IB,45.36,"Textbooks, Workbooks"
Male,Elementary,Medium,Intermediate,Low,70,86,7.5,No,Intermediate,State Board,44.58,"Textbooks, Workbooks"
Female,High School,Low,Advanced,High,57,83,0.7,No,Fluent,State Board,26.36,"Textbooks, Workbooks"
Male,Elementary,Medium,Advanced,Medium,34,73,5.9,No,Fluent,State Board,31.92,"Textbooks, Workbooks"
Male,High School,Medium,Advanced,Medium,50,62,7.5,Yes,Intermediate,State Board,32.74,"Textbooks, Workbooks"
Male,High School,Low,Beginner,High,92,64,5.7,No,Fluent,IB,38.84,"Textbooks, Workbooks"
Female,Elementary,High,Intermediate,Medium,41,73,0.1,Yes,Basic,CBSE,17.07,"Textbooks, Workbooks"
Female,High School,High,Intermediate,High,35,67,2.1,Yes,Basic,ICSE,22.86,"Textbooks, Workbooks"
Female,Elementary,Medium,Beginner,Medium,58,84,9.6,Yes,Basic,ICSE,44.27,"Textbooks, Workbooks"
Female,High School,Medium,Beginner,Medium,90,74,7.0,Yes,Basic,IB,42.91,"Textbooks, Workbooks"
Female,High School,Medium,Beginner,Medium,64,96,6.9,Yes,Fluent,State Board,42.92,"Textbooks, Workbooks"
Male,High School,High,Beginner,High,81,62,6.6,Yes,Fluent,ICSE,36.17,"Textbooks, Workbooks"
Male,High School,High,Advanced,Low,62,70,1.3,Yes,Basic,IB,30.83,"Textbooks, Workbooks"
Male,High School,Medium,Intermediate,Medium,54,68,0.0,Yes,Basic,IB,25.76,"Textbooks, Workbooks"
Female,High School,High,Intermediate,High,43,63,4.4,Yes,Basic,IB,25.11,"Textbooks, Workbooks"
Male,High School,Medium,Intermediate,Medium,82,74,4.4,Yes,Basic,IB,46.59,"Textbooks, Workbooks"
Male,Elementary,Medium,Advanced,Low,90,86,8.1,Yes,Fluent,State Board,50.02,"Educational Apps, Science Kits"
Female,Elementary,High,Intermediate,Low,42,90,1.8,No,Basic,CBSE,33.08,"Textbooks, Workbooks"
Female,High School,Medium,Beginner,Medium,44,75,2.8,No,Basic,IB,30.88,"Textbooks, Workbooks"
Male,High School,Medium,Intermediate,High,84,91,0.8,No,Intermediate,CBSE,45.59,"Textbooks, Workbooks"
Male,High School,Medium,Intermediate,Medium,82,93,4.0,Yes,Intermediate,State Board,44.64,"Textbooks, Workbooks"
Female,Elementary,Medium,Advanced,Medium,76,65,2.6,No,Fluent,IB,39.72,"Textbooks, Workbooks"
Female,High School,Medium,Beginner,Low,74,64,2.6,Yes,Basic,State Board,37.3,"Textbooks, Workbooks"
Female,Elementary,High,Beginner,Medium,93,83,2.5,Yes,Basic,CBSE,45.48,"Textbooks, Workbooks"
Female,High School,Medium,Beginner,Medium,44,78,2.3,Yes,Intermediate,CBSE,40.24,"Textbooks, Workbooks"
Male,High School,High,Intermediate,Medium,50,89,3.2,Yes,Basic,IB,33.38,"Textbooks, Workbooks"
Male,High School,Medium,Beginner,High,65,71,5.4,Yes,Basic,State Board,40.83,"Textbooks, Workbooks"
Female,High School,Medium,Beginner,High,99,64,4.4,No,Basic,CBSE,46.6,"Textbooks, Workbooks"
Male,High School,High,Intermediate,Low,54,87,0.6,No,Intermediate,CBSE,39.9,"Textbooks, Workbooks"
Male,Elementary,Medium,Advanced,Medium,73,98,4.3,Yes,Intermediate,State Board,40.45,"Textbooks, Workbooks"
Female,High School,Low,Intermediate,Low,30,93,8.5,Yes,Basic,ICSE,36.54,"Textbooks, Workbooks"
Male,Elementary,Medium,Advanced,Low,71,71,1.0,Yes,Basic,State Board,29.13,"Textbooks, Workbooks"
Male,Elementary,Medium,Advanced,Low,88,82,9.4,Yes,Basic,IB,46.49,"Textbooks, Workbooks"
Male,High School,Low,Beginner,Medium,62,64,3.1,Yes,Basic,ICSE,37.12,"Textbooks, Workbooks"
Female,High School,High,Beginner,Medium,61,99,0.1,Yes,Fluent,IB,39.26,"Textbooks, Workbooks"
Female,High School,High,Intermediate,Medium,95,96,2.5,Yes,Intermediate,CBSE,45.7,"Textbooks, Workbooks"
Male,Elementary,Medium,Advanced,High,54,75,0.7,Yes,Fluent,IB,29.39,"Textbooks, Workbooks"
Female,Elementary,High,Intermediate,Low,69,68,5.7,Yes,Fluent,State Board,43.42,"Textbooks, Workbooks"
Female,Elementary,High,Beginner,Medium,87,92,3.2,Yes,Fluent,CBSE,52.89,"Educational Apps, Science Kits"
Female,High School,High,Advanced,Medium,93,96,8.1,Yes,Fluent,IB,55.38,"Educational Apps, Science Kits"
Male,Elementary,Low,Beginner,Low,48,92,7.3,Yes,Basic,State Board,36.48,"Textbooks, Workbooks"
Male,Elementary,Low,Beginner,High,57,60,4.7,Yes,Basic,State Board,37.53,"Textbooks, Workbooks"
Female,Elementary,Low,Beginner,Medium,71,96,5.6,Yes,Basic,State Board,42.25,"Textbooks, Workbooks"
Male,High School,Low,Advanced,High,79,68,6.1,Yes,Basic,ICSE,41.11,"Textbooks, Workbooks"
Male,Elementary,Medium,Advanced,Medium,77,77,2.7,No,Intermediate,ICSE,37.9,"Textbooks, Workbooks"
Male,Elementary,Medium,Beginner,Low,86,97,1.4,Yes,Intermediate,IB,40.24,"Textbooks, Workbooks"
Male,High School,Medium,Advanced,Low,38,80,3.8,Yes,Basic,State Board,31.72,"Textbooks, Workbooks"
Male,High School,Low,Beginner,High,59,73,0.9,No,Basic,IB,32.86,"Textbooks, Workbooks"
Female,High School,Medium,Beginner,Low,47,98,3.1,Yes,Basic,CBSE,36.99,"Textbooks, Workbooks"
Male,Elementary,Medium,Beginner,High,74,98,5.5,Yes,Basic,ICSE,47.42,"Textbooks, Workbooks"
Male,Elementary,High,Advanced,Medium,95,65,5.4,Yes,Basic,ICSE,53.91,"Educational Apps, Science Kits"
Male,Elementary,Low,Intermediate,Low,40,62,1.2,Yes,Intermediate,State Board,29.73,"Textbooks, Workbooks"
Female,High School,High,Intermediate,Medium,96,77,0.1,Yes,Intermediate,State Board,43.45,"Textbooks, Workbooks"
Female,Elementary,High,Advanced,Low,44,96,0.9,Yes,Basic,State Board,31.18,"Textbooks, Workbooks"
Female,High School,High,Advanced,Low,69,79,0.4,Yes,Intermediate,CBSE,34.97,"Textbooks, Workbooks"
Male,High School,High,Beginner,High,42,88,4.0,No,Intermediate,State Board,31.52,"Textbooks, Workbooks"
Female,Elementary,High,Beginner,Medium,62,95,3.9,Yes,Fluent,ICSE,41.64,"Textbooks, Workbooks"
Female,Elementary,Medium,Intermediate,Medium,31,75,2.4,Yes,Basic,CBSE,27.65,"Textbooks, Workbooks"
Female,Elementary,High,Beginner,Low,63,63,2.2,No,Basic,ICSE,38.98,"Textbooks, Workbooks"
Female,High School,High,Intermediate,Low,45,73,4.0,Yes,Intermediate,CBSE,36.18,"Textbooks, Workbooks"
Male,High School,High,Intermediate,Medium,43,76,0.9,Yes,Intermediate,ICSE,27.62,"Textbooks, Workbooks"
Female,Elementary,Medium,Advanced,Medium,75,94,2.1,No,Intermediate,IB,39.52,"Textbooks, Workbooks"
Female,High School,Medium,Advanced,High,79,94,4.1,No,Intermediate,IB,46.49,"Textbooks, Workbooks"
Male,Elementary,Medium,Advanced,Medium,34,91,0.9,Yes,Basic,IB,25.17,"Textbooks, Workbooks"
Male,Elementary,Medium,Intermediate,High,72,69,8.4,Yes,Intermediate,IB,45.64,"Textbooks, Workbooks"
Female,Elementary,High,Advanced,Low,47,88,6.8,Yes,Intermediate,IB,41.26,"Textbooks, Workbooks"
Male,High School,Low,Intermediate,Low,77,71,3.8,Yes,Basic,ICSE,43.21,"Textbooks, Workbooks"
Female,High School,Medium,Advanced,Low,93,68,1.5,Yes,Intermediate,State Board,44.48,"Textbooks, Workbooks"
Male,Elementary,Medium,Intermediate,High,55,85,1.9,Yes,Fluent,IB,36.52,"Textbooks, Workbooks"
Male,Elementary,Medium,Beginner,High,99,80,1.2,No,Basic,ICSE,46.52,"Textbooks, Workbooks"
Female,High School,Low,Beginner,Low,43,60,1.6,Yes,Intermediate,ICSE,22.51,"Textbooks, Workbooks"
Male,Elementary,Low,Intermediate,Low,95,95,4.2,Yes,Intermediate,IB,52.75,"Educational Apps, Science Kits"
Female,High School,Medium,Intermediate,Medium,90,78,2.5,Yes,Basic,IB,50.64,"Educational Apps, Science Kits"
Male,Elementary,Medium,Beginner,High,50,65,8.8,Yes,Intermediate,CBSE,32.88,"Textbooks, Workbooks"
Female,High School,Low,Intermediate,High,84,77,9.6,Yes,Fluent,CBSE,47.46,"Textbooks, Workbooks"
Male,Elementary,High,Intermediate,Low,31,96,6.9,Yes,Fluent,State Board,35.69,"Textbooks, Workbooks"
Male,High School,High,Beginner,Medium,32,67,8.1,Yes,Basic,IB,28.31,"Textbooks, Workbooks"
Male,Elementary,High,Intermediate,High,42,70,2.6,Yes,Fluent,State Board,27.6,"Textbooks, Workbooks"
Male,High School,Low,Advanced,Low,50,64,6.7,Yes,Basic,CBSE,30.18,"Textbooks, Workbooks"
Male,High School,Medium,Beginner,Medium,62,80,0.6,Yes,Fluent,State Board,36.66,"Textbooks, Workbooks"
Female,High School,Medium,Advanced,Medium,49,99,9.6,No,Basic,ICSE,40.33,"Textbooks, Workbooks"
Male,High School,High,Intermediate,Low,47,80,6.7,Yes,Intermediate,IB,28.65,"Textbooks, Workbooks"
Female,Elementary,High,Intermediate,High,67,79,3.2,Yes,Intermediate,IB,40.6,"Textbooks, Workbooks"
Female,High School,Medium,Advanced,High,54,68,7.7,Yes,Basic,State Board,38.88,"Textbooks, Workbooks"
Female,High School,High,Intermediate,Medium,67,61,0.2,Yes,Fluent,CBSE,31.68,"Textbooks, Workbooks"
Male,Elementary,Low,Intermediate,Low,44,63,3.8,Yes,Basic,State Board,32.19,"Textbooks, Workbooks"
Female,High School,Low,Advanced,High,58,85,9.0,No,Intermediate,ICSE,35.94,"Textbooks, Workbooks"
Male,Elementary,Medium,Intermediate,Low,93,71,2.6,Yes,Basic,State Board,41.32,"Textbooks, Workbooks"
Female,High School,Low,Beginner,Low,61,78,6.7,Yes,Intermediate,ICSE,37.1,"Textbooks, Workbooks"
Female,High School,Low,Advanced,Medium,72,78,3.6,Yes,Basic,ICSE,40.28,"Textbooks, Workbooks"
Female,High School,High,Advanced,Medium,42,78,3.9,Yes,Basic,CBSE,31.78,"Textbooks, Workbooks"
Female,High School,Medium,Advanced,Low,54,88,7.5,Yes,Fluent,State Board,36.88,"Textbooks, Workbooks"
Female,High School,Medium,Advanced,Medium,78,98,9.1,Yes,Intermediate,State Board,52.69,"Educational Apps, Science Kits"
Male,High School,High,Beginner,Low,37,93,1.7,Yes,Basic,State Board,27.08,"Textbooks, Workbooks"
Female,Elementary,Medium,Advanced,High,57,67,2.8,Yes,Basic,ICSE,22.46,"Textbooks, Workbooks"
Female,Elementary,Medium,Advanced,High,40,65,4.9,Yes,Fluent,ICSE,22.75,"Textbooks, Workbooks"
Male,High School,Low,Intermediate,High,84,91,6.1,Yes,Basic,State Board,55.03,"Educational Apps, Science Kits"
Male,High School,Low,Advanced,Medium,39,87,4.7,No,Basic,ICSE,28.36,"Textbooks, Workbooks"
Male,Elementary,Low,Intermediate,Low,88,70,8.1,Yes,Basic,State Board,45.26,"Textbooks, Workbooks"
Female,Elementary,Low,Advanced,High,94,87,7.7,Yes,Fluent,State Board,46.18,"Textbooks, Workbooks"
Female,High School,Medium,Advanced,High,34,91,4.1,Yes,Fluent,State Board,32.3,"Textbooks, Workbooks"
Female,High School,Medium,Beginner,Low,49,67,0.4,Yes,Fluent,ICSE,26.06,"Textbooks, Workbooks"
Female,High School,High,Intermediate,Medium,34,79,1.9,Yes,Basic,IB,25.69,"Textbooks, Workbooks"
Female,High School,High,Beginner,Medium,96,83,4.9,Yes,Basic,State Board,49.43,"Textbooks, Workbooks"
Female,High School,High,Intermediate,Medium,59,86,9.3,Yes,Basic,State Board,34.71,"Textbooks, Workbooks"
Male,High School,Medium,Advanced,Medium,63,70,5.7,Yes,Fluent,CBSE,35.24,"Textbooks, Workbooks"
Male,Elementary,Low,Beginner,High,30,82,5.3,Yes,Basic,ICSE,33.16,"Textbooks, Workbooks"
Female,High School,High,Intermediate,Low,56,81,7.2,No,Basic,IB,38.78,"Textbooks, Workbooks"
Female,High School,Medium,Intermediate,Medium,92,64,1.5,Yes,Basic,IB,34.75,"Textbooks, Workbooks"
Female,Elementary,Low,Beginner,High,63,93,1.5,Yes,Basic,IB,37.15,"Textbooks, Workbooks"
Female,Elementary,High,Intermediate,Medium,61,90,3.5,No,Intermediate,ICSE,36.39,"Textbooks, Workbooks"
Female,Elementary,Medium,Advanced,High,75,96,9.9,Yes,Fluent,ICSE,47.58,"Textbooks, Workbooks"
Male,Elementary,Medium,Intermediate,Low,97,85,8.8,Yes,Basic,State Board,51.37,"Educational Apps, Science Kits"
Male,High School,High,Advanced,High,86,82,6.8,Yes,Basic,State Board,45.52,"Textbooks, Workbooks"
Female,Elementary,High,Intermediate,Low,51,97,3.9,Yes,Fluent,State Board,35.8,"Textbooks, Workbooks"
Male,Elementary,Medium,Beginner,High,58,97,5.5,Yes,Basic,IB,37.36,"Textbooks, Workbooks"
Female,High School,Medium,Advanced,Low,74,91,3.0,Yes,Basic,IB,45.93,"Textbooks, Workbooks"
Female,Elementary,Medium,Intermediate,Medium,74,64,6.7,Yes,Basic,State Board,38.0,"Textbooks, Workbooks"
Female,Elementary,High,Advanced,Medium,96,84,4.2,Yes,Intermediate,State Board,44.52,"Textbooks, Workbooks"
Male,High School,Low,Beginner,Medium,50,92,1.2,Yes,Intermediate,IB,37.78,"Textbooks, Workbooks"
Male,High School,Medium,Intermediate,Low,50,66,2.2,Yes,Fluent,State Board,27.48,"Textbooks, Workbooks"
Female,High School,High,Intermediate,High,89,75,6.1,No,Fluent,IB,45.88,"Textbooks, Workbooks"
Male,High School,Medium,Advanced,Medium,58,88,6.9,Yes,Basic,ICSE,32.3,"Textbooks, Workbooks"
Male,High School,High,Beginner,Medium,62,74,1.0,Yes,Basic,IB,25.73,"Textbooks, Workbooks"
Female,High School,High,Beginner,Low,68,79,8.1,No,Basic,IB,42.51,"Textbooks, Workbooks"
Male,High School,Medium,Intermediate,High,91,81,8.2,Yes,Basic,State Board,52.98,"Educational Apps, Science Kits"
Male,Elementary,High,Advanced,Medium,74,69,7.2,Yes,Intermediate,ICSE,47.46,"Textbooks, Workbooks"
Female,Elementary,Medium,Intermediate,High,87,67,6.8,Yes,Basic,State Board,45.28,"Textbooks, Workbooks"
Female,High School,High,Intermediate,Medium,30,91,2.3,Yes,Fluent,CBSE,27.36,"Textbooks, Workbooks"
Male,Elementary,High,Advanced,Low,40,87,9.2,Yes,Fluent,CBSE,33.18,"Textbooks, Workbooks"
Female,High School,Medium,Beginner,Medium,61,68,2.7,Yes,Intermediate,ICSE,36.77,"Textbooks, Workbooks"
Male,Elementary,High,Intermediate,High,78,90,1.8,Yes,Fluent,State Board,43.6,"Textbooks, Workbooks"
Female,High School,High,Intermediate,Medium,59,82,6.4,Yes,Fluent,State Board,35.87,"Textbooks, Workbooks"
Female,Elementary,Medium,Advanced,High,89,78,3.6,Yes,Fluent,IB,43.77,"Textbooks, Workbooks"
Female,High School,Low,Advanced,Low,39,91,9.3,Yes,Intermediate,ICSE,30.21,"Textbooks, Workbooks"
Female,Elementary,Low,Intermediate,Medium,50,69,4.6,Yes,Intermediate,ICSE,29.56,"Textbooks, Workbooks"
Male,High School,Medium,Beginner,High,35,79,1.6,Yes,Basic,ICSE,27.44,"Textbooks, Workbooks"
Female,Elementary,High,Advanced,Low,67,94,9.6,Yes,Fluent,State Board,47.53,"Textbooks, Workbooks"
Female,Elementary,High,Intermediate,Low,87,90,5.2,No,Fluent,IB,44.88,"Textbooks, Workbooks"
Female,High School,Medium,Beginner,High,37,70,5.2,Yes,Fluent,ICSE,22.15,"Textbooks, Workbooks"
Male,Elementary,Medium,Advanced,Medium,99,99,3.9,Yes,Basic,ICSE,51.63,"Educational Apps, Science Kits"
Male,Elementary,Medium,Advanced,Medium,92,69,8.4,Yes,Intermediate,IB,59.04,"Educational Apps, Science Kits"
Female,Elementary,Low,Intermediate,Medium,63,68,2.9,Yes,Basic,IB,36.06,"Textbooks, Workbooks"
Female,Elementary,Medium,Advanced,High,78,69,0.1,Yes,Basic,CBSE,32.62,"Textbooks, Workbooks"
Female,Elementary,Medium,Intermediate,High,69,96,5.0,Yes,Fluent,State Board,41.73,"Textbooks, Workbooks"
Female,High School,Medium,Advanced,Medium,58,96,9.3,Yes,Basic,CBSE,39.55,"Textbooks, Workbooks"
Female,High School,High,Beginner,Low,38,66,2.7,Yes,Fluent,IB,27.29,"Textbooks, Workbooks"
Female,Elementary,Medium,Beginner,Low,50,79,2.7,Yes,Intermediate,ICSE,26.74,"Textbooks, Workbooks"
Male,High School,Medium,Advanced,High,61,79,7.4,Yes,Basic,CBSE,43.24,"Textbooks, Workbooks"
Female,Elementary,Low,Intermediate,Medium,84,67,7.8,No,Fluent,IB,45.65,"Textbooks, Workbooks"
Female,High School,High,Advanced,High,72,76,4.4,Yes,Basic,CBSE,40.16,"Textbooks, Workbooks"
Female,Elementary,High,Intermediate,Medium,39,97,8.3,Yes,Fluent,CBSE,31.7,"Textbooks, Workbooks"
Female,Elementary,High,Advanced,Low,78,84,1.7,Yes,Basic,State Board,38.34,"Textbooks, Workbooks"
Female,Elementary,Medium,Beginner,Medium,42,72,3.7,Yes,Fluent,IB,20.27,"Textbooks, Workbooks"
Female,Elementary,Medium,Intermediate,Low,70,72,4.0,Yes,Fluent,ICSE,38.59,"Textbooks, Workbooks"
Male,High School,Medium,Beginner,High,60,61,3.1,Yes,Fluent,CBSE,36.94,"Textbooks, Workbooks"
Male,High School,Low,Beginner,High,61,96,2.2,Yes,Fluent,CBSE,34.9,"Textbooks, Workbooks"
Male,High School,Medium,Beginner,Low,74,70,3.4,Yes,Intermediate,IB,38.39,"Textbooks, Workbooks"
Male,Elementary,High,Advanced,Medium,42,79,0.2,Yes,Intermediate,IB,24.17,"Textbooks, Workbooks"
Male,High School,Low,Intermediate,High,54,68,7.0,Yes,Intermediate,ICSE,31.72,"Textbooks, Workbooks"
Male,High School,Low,Beginner,Medium,97,88,6.8,Yes,Intermediate,CBSE,48.6,"Textbooks, Workbooks"
Female,Elementary,High,Intermediate,Medium,44,93,4.5,Yes,Fluent,ICSE,37.2,"Textbooks, Workbooks"
Female,Elementary,Medium,Intermediate,Medium,93,64,3.2,Yes,Intermediate,IB,43.88,"Textbooks, Workbooks"
Female,Elementary,Medium,Beginner,High,89,90,4.3,Yes,Intermediate,IB,43.76,"Textbooks, Workbooks"
Female,High School,Medium,Advanced,Medium,37,85,9.4,Yes,Basic,ICSE,36.66,"Textbooks, Workbooks"
Female,High School,Medium,Beginner,High,46,96,6.0,Yes,Fluent,State Board,31.53,"Textbooks, Workbooks"
Female,Elementary,High,Beginner,High,34,79,7.3,Yes,Basic,IB,31.59,"Textbooks, Workbooks"
Male,High School,Medium,Intermediate,High,42,67,2.3,Yes,Intermediate,IB,26.29,"Textbooks, Workbooks"
Female,Elementary,High,Advanced,High,50,65,0.9,Yes,Intermediate,CBSE,32.27,"Textbooks, Workbooks"
Male,High School,High,Intermediate,High,73,77,0.8,Yes,Intermediate,State Board,38.43,"Textbooks, Workbooks"
Male,Elementary,High,Advanced,Low,82,67,4.7,No,Intermediate,CBSE,44.08,"Textbooks, Workbooks"
Female,High School,Low,Beginner,Low,57,84,7.2,Yes,Fluent,IB,37.39,"Textbooks, Workbooks"
Female,High School,Medium,Advanced,Low,95,61,7.7,Yes,Fluent,CBSE,49.92,"Textbooks, Workbooks"
Female,High School,Low,Intermediate,Low,50,87,7.2,Yes,Intermediate,State Board,35.84,"Textbooks, Workbooks"
Female,Elementary,Medium,Beginner,Low,86,84,9.1,Yes,Fluent,ICSE,51.77,"Educational Apps, Science Kits"
Female,Elementary,High,Advanced,Medium,84,79,0.5,No,Intermediate,ICSE,43.59,"Textbooks, Workbooks"
Female,Elementary,Medium,Advanced,Low,31,65,8.6,Yes,Intermediate,ICSE,36.28,"Textbooks, Workbooks"
Female,High School,High,Intermediate,Medium,94,96,6.6,Yes,Basic,IB,41.82,"Textbooks, Workbooks"
Male,Elementary,Medium,Advanced,High,32,75,1.8,Yes,Intermediate,State Board,21.36,"Textbooks, Workbooks"
Female,High School,Medium,Beginner,High,88,94,6.8,Yes,Basic,CBSE,44.32,"Textbooks, Workbooks"
Female,Elementary,High,Advanced,High,92,95,5.1,Yes,Basic,State Board,47.0,"Textbooks, Workbooks"
Male,Elementary,Medium,Intermediate,Low,34,60,3.6,Yes,Fluent,State Board,25.24,"Textbooks, Workbooks"
Female,High School,High,Advanced,Medium,95,73,2.5,Yes,Basic,CBSE,46.1,"Textbooks, Workbooks"
Female,High School,Medium,Beginner,Medium,47,73,4.6,Yes,Fluent,State Board,36.46,"Textbooks, Workbooks"
Male,Elementary,High,Beginner,Medium,38,83,2.4,Yes,Fluent,State Board,31.71,"Textbooks, Workbooks"
Female,Elementary,Medium,Advanced,Medium,51,78,0.8,Yes,Intermediate,ICSE,31.58,"Textbooks, Workbooks"
Female,High School,High,Advanced,Low,57,97,8.5,No,Basic,CBSE,51.22,"Educational Apps, Science Kits"
Female,High School,Low,Beginner,Low,89,77,5.9,Yes,Fluent,CBSE,45.12,"Textbooks, Workbooks"
Female,Elementary,Medium,Intermediate,High,41,68,3.6,Yes,Fluent,ICSE,32.12,"Textbooks, Workbooks"
Female,High School,High,Beginner,High,66,72,4.5,Yes,Basic,State Board,34.63,"Textbooks, Workbooks"
Female,Elementary,High,Advanced,Medium,71,78,8.6,Yes,Intermediate,State Board,37.74,"Textbooks, Workbooks"
Male,Elementary,Low,Advanced,Low,83,69,3.2,No,Basic,CBSE,39.72,"Textbooks, Workbooks"
Female,Elementary,Medium,Intermediate,Medium,71,97,3.8,Yes,Basic,ICSE,46.61,"Textbooks, Workbooks"
Female,High School,Medium,Beginner,Low,96,62,7.7,Yes,Basic,ICSE,46.36,"Textbooks, Workbooks"
Male,Elementary,Low,Beginner,High,85,76,2.0,Yes,Intermediate,IB,43.2,"Textbooks, Workbooks"
